barcode,count
TACCCATGGATACGAT,547944
GCGATTCACGCGTTGG,521946
TACGTCGCAATGGTCC,498563
CCATCTAGTGGCTAGG,444664
AGTAGACTCCCTCCAT,420296
GTGCAGTAGTAAAGTA,381444
CGTGGCGTTTACACTA,339441
ATATAGACACGTGACC,326914
ACCTTTCCAAAAAAAT,17815
AAGAGACTCGATCACT,17162
CTCGTAAGGAATACAT,16099
GAGGCAATCTCTATAA,14218
CTAGAACTAAATTTAG,13824
TGACTAGTTAAGTTAA,12841
AAAAAGGCATGAGGGT,11895
CAATCCTGTCATACAC,11651
CCCTACCAGAAACATA,11404
CCATTGTTGGAACATT,11024
AGCATTTTAACTAACC,10730
ATGCCCATCTCACCTT,10709
TTTTAGCTAAACACCA,10647
GTAGTACGAACCAGTG,10107
ATCCTTTCACTTCAAA,10101
ATATACTTAGTTTAGC,9786
CGCCAAAGTGGAACCT,9663
TTTAGGAGATGTTCCG,9488
TCCTCTCCTAAGTCTT,9275
GAACTAACTTTTAGCC,9031
GAAGAACACTCAGTTT,8818
TAAGAGAATCGCAGCC,8745
TCCAATCATATCCCCC,8461
ACAGGCAAAAATGCAT,8445
CGACTAGCAGGACAGT,8356
AGAGAGCAAGATAGCT,8291
TCTCGAATAAAATTAC,8215
GGCACTATGGACTAAG,8199
TTTGTGGAACTAATTA,8190
TACACTATATTAAAAT,8131
CATACTAATACGTATA,7898
AATTTAGTGCAGTATG,7838
TTTGGACACATATTAA,7760
TACACACAAAAACACA,7693
TGTACGTTCAACTAAT,7545
AGTTTCCGTAAAGCAT,7493
TTTATCCCCTGACGAA,7347
CTGGGAAAAGTAATGA,7276
AATGACTTCAGTGAAA,7222
TTTAACTGCCGGGCAT,7131
AGAAGAATTGGGGAGA,7079
TCAACCCAGATAAATT,7004
TGTTCTCCGAAGCCAC,6892
CTGGACATAGTGTAAA,6766
CGCCCTCAAATATTAA,6747
AACCCTATACTCTTAA,6727
CCAATACCCATTACGG,6635
TGTTATGGGTTTGATT,6628
CAATCTCATGGAAGAC,6553
GAATTGTAGTAAATAA,6504
CCTTACATAACTTTAG,6499
TAGGCACACAAGAGAG,6426
GGTAATTTAATTATCG,6411
GCTGTACAATTTTTTC,6330
GGATATCTATTTATCT,6309
GCTAGGGATACGCTCA,6305
GTAAGCTGACGGTCAT,6243
TAACCTATATCCTTTA,6191
CTCTCTAGCAACATGA,6169
GGTTATGAACTGCCCA,6151
TAAGTATAAGTCAACA,6066
GTTAAACTAAAGTTGT,5998
TTAATTGGGCTCGACA,5874
CTGAACATTATGTACT,5856
ATCTCATCATCACTAG,5812
CCTATACTCGGTACCC,5680
TTATCATGCAGAGGAA,5653
CGTCATTACATAACTT,5607
TTTCGCCATCCACTTC,5604
GACCCCTTTAATCCTC,5602
ACAGATCCTAGTCGTG,5567
AATTTGAAAACTGTTT,5524
GGTGTTTTCTTTTGAG,5483
AGCAGGAACATCCGCA,5367
ACAGAACCAGTCGGTC,5353
ATTTTAATCGACAGCA,5317
AATTGTGTGGTTCCAG,5313
ACACCGACTCATTAGA,5241
CGGGACTGCTTAGGAG,5205
TATAAAAAATCATTGC,5116
GCAGAAATTTAAGAAT,5109
TCAAGTCCGAACAAAG,5079
GACTTCAATTATAGTA,5040
AATTTTATAGACTCAA,5010
AATAATGATGATATAG,4976
CATTAGAAGTCATTTA,4955
GAGACGGACACTAGGG,4939
CATCGGTGATCAGAAA,4897
CATGACCGTCAGTATT,4897
ATCTCCCTCGTCTTAC,4872
ATGGGACCACTGCACA,4815
ATTAGGGCACTGCCTC,4814
GTCAGATGGCCCGGAG,4809
CGATCAAAGATTCGCG,4806
TGTCAACAGTAGGAAC,4803
CATAACTTAACCACAA,4746
GCCCACAAAACAAGGT,4742
ATATCACAACAAGTCT,4725
TCCTAACAAGGTTATG,4707
ATGAGGTTTAGACACC,4688
GGCTTCAGCTGAACGT,4680
AAGTTCACTAGCTAAG,4665
CCACAGATGCCTGATA,4665
ATAGCAAAGTACATGA,4629
CCGCTAAAACTACGGC,4620
TAACTGAACAACCGTT,4607
AAATCTCTACTAGTAA,4580
TAACGAGTATCAGACA,4553
TATTTAATGTTATGGT,4546
TAGTATATCCCATCGA,4518
CGTCGTATCGATAATA,4514
GTTGCCATAGCGCTCC,4485
TCGCTTCACCAGGCAT,4479
TTAAAGGAACGTCCAG,4469
CGAGCAAAAGTCGTTA,4456
TCAAATAAAGTATGCT,4454
AAAGGTTGCCTTTTTT,4451
CATAACGGACTAGATG,4402
CCGTTAGCTATGAAGT,4387
CAGTGGAGAGCCTCAT,4386
AAAAATGTGGATTATA,4364
GGTACTAAAGAACCTA,4345
CTGTACATAAGTAATA,4339
AGCAATGGCGATATTC,4319
CGAATAGTTAAGTTAG,4304
AAATATACAGTGTATA,4295
AAATAAAGCATCAAAT,4291
CGATGCCGAAACCCTC,4249
ACCCAGTTTTTTAAAC,4248
AGATATGTCACCACGA,4248
TACGATTATGGATTCT,4218
ATTGTCTAATCAATCA,4203
ACCCATTGCAACCTAG,4188
TATTTTTTGCTGTACG,4176
TACCGTACACCTACTG,4167
ATTGAATGTTAAACCT,4131
GAATTACATAAATGTG,4111
ACCTTGGAATATCATT,4105
GGTGATATTAGGTACT,4094
AATATTAGTGACCACA,4088
AGGAGCTATACCAAGA,4086
GAGCAACAAGAGAAAT,4062
TTAGCCAAAAACTAAA,4016
CCTTTGTGTAAAAAAT,4009
GCAGGTGACTGACAAA,3995
ATTGAGTGTACCCATA,3991
CCCACGGTGTGAAAAC,3983
GGTAACTCAACTCGAA,3957
ACGCGAGACTTGGAGA,3932
AGATTTCTTCAACGGG,3928
ACTAAGATAGCTAAGA,3924
AGCGTCTCAAAAACGA,3852
TGCTGTAAACACAGAT,3850
ATGAGACCATATCTAC,3834
AAAGATAGCCTGGCAT,3822
TGTAGCATAACTCTGT,3791
ATTTAGCTCTATTCTT,3775
CTGATGAAAGTCATCT,3770
AACGTATACATATCAT,3760
TGACGATTCGGAATAG,3748
TACGCTAAAAGCATTT,3739
CATACAATAAAGACAA,3732
TCCCATGCAACGTACA,3732
ACAGTGACACAAGACA,3729
TCACCCGCCGCAGTAA,3724
TACGTCGGTATCAATA,3710
TCGCTATGGTTGTGTA,3707
TAGCGTTAATTAATGA,3705
AAAAGTCATCTTCCTT,3701
TTAAACATATCTTAAT,3699
CTGCTCACCGGCCTGA,3696
TAACCCAGATAGTCCG,3669
AATAGATAATTCTAGC,3664
CTTACGTCCTAGTCTA,3591
TAGGAAACAAATATAT,3573
AGTCACACAACTACAG,3569
AGTGGCAATGCCCTGT,3558
AGTTATCTCCAAAATG,3556
GGACAGATAATACGTT,3535
TACGTAATAGTATGTT,3519
AACAGCTACAACACAT,3518
AAGCAATTCCCATTCC,3517
CTCCGTTGAACAGTCT,3510
TGCCAGCCTTCTCTAA,3490
TCGCATAAGGAACTAA,3480
AAGACACAACAATCAA,3460
ATTTGACCCCCATGTC,3447
AACTAGAGCAACGCTT,3423
ATGTGTGAGGAATGTA,3419
ACTCCATTGCCGAAAA,3414
ATAAGAGAAAAAGCAG,3373
ATAATACAAGAGCAGG,3372
TGCTTCTGATTTGATC,3371
AATTGATCGAAATATA,3358
ATGTAAAACACGGGAT,3357
GCATACCTCCAAACTT,3340
TCCATTTATACTTACC,3332
GCATTGTTAGACGATA,3329
CTTTACAATCATTATA,3321
AAGTCTTTACGTTGAC,3316
GATTCCTATTGTTTGC,3305
GACTGCTGGTTACCCT,3294
GAAGATTATGACCCAA,3285
CTAACCTTGCATGATT,3282
CTAACAATAGACTGAG,3276
CGCCCATTCGTTACCA,3274
GCAAAACCAACATTAA,3259
AAGACTGTATCCGACG,3248
CGTTAGTGTATGCCCT,3241
AGCTAAGCCACGCTAA,3233
ATCACCTTGTTTGCCC,3225
GAGTTTAGGTACCTGG,3192
ATGCCTAAACAGTAAA,3190
GTCGATTAATTGCTGA,3176
GACAGCCATATTTCCA,3171
GGAATACGTGCATAAC,3162
TCCCATCTAGATAAAC,3156
CTTTCATGAAAAAAAT,3131
ACAGTTTTACACATTG,3124
CGCCAAAAACATGCGC,3118
AAAGGATATAATCAAA,3113
TTCTAGCATAGCATCT,3092
GGATGATGGTTCCAAT,3089
AGGCAAAATAGCATAA,3083
ATTATATGGTACGATA,3080
AGGGGTGCAAGCAAAG,3079
GCCCCTATCAACTCTA,3073
CCTTTAAAGTCTGATA,3070
TTTTCAACTTATAGGC,3068
ATTATACACCTCAAGT,3065
ATAAATCTTTTCCGTG,3051
ACGGGCGTCGTTAATT,3049
ATTTAACGCACTACTT,3033
CGTTGGTGAGACACAT,3020
TACTCGATAGTTGTTA,3020
GACCCTATACAACCAA,3004
GCCAAACAATAATGCG,2999
TGTACCAATCACAATA,2996
AATTTTTAATTGCATT,2975
GAAAGTTGTTAAGAAA,2975
GATGTTTACCATATCC,2972
GAACGAAGGTATCAGA,2919
ACTCATTTAAGTCACA,2918
CATGAATTGTGCCCAC,2912
ATCCTGCCTATTGTGA,2895
CATACATGACATAGCA,2888
GTGACACACCGCAGCT,2880
TCTTATGTGTCACTCG,2873
CTAGGTTCAACATGAC,2841
CCCAACTACCAACCGA,2830
GATAATACTCATCATG,2826
AGTTAAGGAACACCTA,2816
ATCTACTACGGACTAA,2814
CGCTTAGAAATCTAGA,2814
AAAAATCATCAAGAAT,2808
AGTACAGTTAACCTGC,2808
TTTACTTCATTATTTT,2804
ACCCTCATGTTATATC,2803
CAATTCCTTTAAGCCA,2777
GAAGCACTGTTCAATC,2766
TACGAAATTGAACTAT,2766
AACGCAAGTTCCTCAT,2761
CTAATAGCGCTAATAT,2755
ACAGTAGAAGCCAAAA,2754
TCCGAACGAGTTAGAC,2751
AATCAGCCTACCCCGA,2747
GACGGAATAAGTCAGA,2747
GGCTACTTAACCAGAT,2745
GTCTTCAGAGGTCCCG,2741
TTTAGCCTGCAATTTA,2738
TAGACGAGTCAACAAA,2722
TAACCACGTGTAAATT,2703
AGAAATAAAGGCAGTG,2699
ACCTTACCTAGAATTT,2693
AACTGGGACTATCCCG,2692
TATACACGCCAAATTG,2688
CGAAACCCTACGAAAT,2679
AGAGTAAGGCGCAAGG,2676
TTTAAAGCCATATGAG,2675
GGAATTTGGAATACTG,2674
ATATGGATACTGACAA,2657
ACTGACTAACACATCA,2655
AAATTTAAGTAATGTC,2648
AAATTTTGCATGACCA,2647
AATCATATATATTAAG,2643
ATTCCCCTATGTATGG,2639
GAGACTTGAGTCATGA,2636
TTCAGAAATCACCTGC,2627
TCAGAGTTCAGATCAA,2625
AGATGTTATATATCAA,2623
GAAAGCGACTTATCCT,2618
AACTACGAGTTAAACA,2616
GAAGAATTAATCGTAC,2611
AGATAGTTCTGGGTCA,2600
TTACTGAGAATACAGT,2596
ATACCTGTTCAATTAA,2595
CTATAAGTAGAGTCTA,2588
CCATGATAATAATGTT,2587
TAAGAAAAAACGCATA,2585
GTTTAACCTTTCTAAG,2584
ATAAATTAAAACAATA,2559
ACAGAAACTCATCAAT,2549
CGAATAGAAAGTTGTG,2544
TCAAGAGCAGTCCTAA,2541
CGCCTCAGACGATAAC,2540
AGTCGGGTAAATTACA,2538
CAATGGTTTCGGGTTT,2537
CGCGGAGGACCTAATC,2533
ATAGCTCAATATTACG,2532
CCGGGATATAAACTTT,2524
CCAGCTACAAACTCGA,2522
TACGAGTTTGATATTT,2521
CCAATTATACGCCGGA,2516
TAGCAAAGGGACCTCC,2508
CTTTTGCCCCCCATCC,2503
CCTAACCATTATTAGT,2500
ACTAAAAGGCGACCCA,2496
GGCGCACGTATTAACC,2490
CAATATACTTGGTAAT,2488
AATCTAAAGGCAATAA,2484
AACTTTTCAGTCCCTA,2474
CTGGAATGATGACGGC,2467
CCTTGATCTCCAGGGT,2466
TAACGAAGGACTGGGG,2466
AAAAACCTTTAGGACC,2464
ATTAGAGTAGGCAATA,2461
CCTGACAGAAACAGAG,2455
CGAAGGCTACTCACCT,2451
ACTCAGTTCTTAAGCT,2447
ACTTTTGAACAAGCTT,2445
CATAAAAATGGTATAT,2441
TAGGGAGGCAACACTA,2430
CAAGTTACGTTTAACA,2424
TTGATGTCAACATTCT,2422
CTCAATTACAACGAAC,2410
GCGACGAGACACTAAA,2406
ATGCCTCAAAATCTCT,2404
ATGGTTACAACACAAG,2404
TTACGTATTTGCTCCC,2393
TTTCTGAAGGTTCTGC,2391
AAAATTATGTAGATTG,2383
AGTTGTACACCATCAG,2382
CCACAACAATAGCAGG,2381
ATACCTCATAAACACG,2377
AGCAATATCACTGGAT,2375
AGTCTTTCTCCGCTTG,2372
TGTGCTCCTCTAAAAG,2368
TTGTATCGAATGTAAC,2362
ATTATCACGACGGAAG,2344
GTTGTGCACTCACGTA,2342
ACTGGAATACGGGGTA,2338
TTAACAGCATAATATA,2327
AACAATTTTTAAAACA,2313
GTCTCATTGCAAAAAA,2307
ACACTTTTCACTCAAT,2301
CGGATCACCAAAACAG,2297
ATTCAAAATTATGAAA,2293
GAAACTATGTACTGAC,2283
TAGGGGAGGCCCTATA,2275
CAATCCTCCGGGAGCA,2273
ACTTAACCAGGAGATA,2262
TGCAAAAGCACCGTAC,2262
AGCAACATAATCCTCG,2260
GGATCGAGAGGTCCGC,2254
TTTTTCAGGTATATGA,2236
AGGTGAACAAGTTCAA,2233
TCATACAAATCCCACA,2225
AACATGCCTTCAGTTT,2223
TGCCAAACAGAGATTG,2220
TTTTTCATGAATGATA,2218
CTGTATAGGAATTCCA,2215
TAACAAGCTGCCGATT,2198
AGGCGAATACCGAACC,2184
GACGAGTACTTGGCAA,2184
ATTCTACTAGCCACCC,2180
TATCCCTTCATGAAAT,2176
GATGACAGATATTAAT,2168
GACCATCGGACACTCT,2166
CTAACATCAGAAACCT,2152
TCATTAATAGGATCTA,2150
TCCCATAGGTATTTGA,2141
TCAAATTAGAATAAGA,2140
ATCACAATCGCCATAG,2133
ATCCTCTATTAACGCT,2132
GAGCCCGCATTGAATT,2122
GCTCCTGAAGTAAGAT,2120
AAAGGCAACCGGGACT,2115
ACGGGAGTCGAGACTC,2115
ACAGCACTTACTATAC,2111
AAGACTAAAGTTGCAA,2107
AAGCGGCTACATAGGA,2107
CACATAATAAACAGGA,2105
TTGTTCAAACGGATTG,2104
ATAGCGAAGATGTTAA,2098
TTAGCGCTTCAAGAAT,2096
TACAGATCTAGTACAT,2095
ACAAAATCTGTGCAGG,2090
ATAACATTAATTTATA,2089
GACCTCCAATTCCCAA,2086
ATGACTCAATAAATCG,2077
TAAAAAAGACCAAAGG,2060
ATACTCTCCCGACAGG,2043
TACATATCCAACGGAT,2038
ACCCCCGGAAGGCTTG,2032
TAAGCCTTCCAGGATT,2021
TCATATATGAATGAAA,2020
ATGTAATGCTACTTCA,2019
CATACGAGCACAAGTA,2019
ATTAAAAAACTAGTCC,2016
GGAACAGCATAACAAT,2015
TACACCTGAATGACAC,2010
ATATCCAGCCAAGCCT,2007
AAATAGTATCTATAAT,1999
AATCTGAAATGTAACG,1997
AGACCTCAAGCAATTG,1994
CTTATCGACGGCTATA,1986
ATAAAATTGAATATCT,1982
CACATGTTAACACAAT,1979
GAAAACAGTGATATAA,1974
CGAATATGTCGAAAGG,1968
GGTGATGCAGTTTGAT,1963
CCCCGAGAGGAGAGGG,1962
TTTTAAACAATCGGCA,1962
CCAACGTAGTAATAAT,1956
ATCATGTTGAATCAAG,1954
GGTACAATGTAGTTAT,1949
AGCCTATTTAATTGGG,1948
AATCGGTAGCAGAAAG,1943
ATAGCTGTACGAATAG,1943
ATCGCGTAAAACCCTC,1943
ATAATACTTACTCAAT,1937
GTTCCCATTCAACTTC,1937
GTATGCCTCTATATAG,1936
GTATGAAAGTTCTATG,1928
AACGGTCAAACCCTTT,1914
GAAATGACACAGATTT,1912
GACCACTGCCTTGCTC,1910
ACACTAACACACAAGT,1909
CTGCTCGTGTCCAATA,1909
ATCATAAGAGAGAACC,1908
TCGGCTAACAAAGCGA,1903
TAGCTCTTATGTTCCC,1891
AAAACGTAACTTTTGA,1886
TATAAAATAAATGTAA,1884
GCTCTGCTGTACAGTG,1876
AAAAAAACTGAACCAC,1875
CGACACTTCGAGCATA,1865
ACTCCTTATTACAACA,1863
AACGGTGTTAGCCAAT,1860
AATAATCTTCGAGACG,1859
CCAAGATCCCATTGAC,1847
CCATCGATAAACAATA,1841
CACGATCCAAGAATTA,1837
AATATGATAGTACCCT,1836
GCTATGATACTCCCCT,1833
GTTTAGAAATACGCAA,1833
GATCCCAACGCGGACG,1831
CGGGGTGGCTGTAAGC,1827
AAGACTAGTATAAAAC,1826
GGTTCCCCTTAGAGAC,1825
CGTATCGGAATACGTC,1824
AATATATATTCAGCAC,1819
AGAGTGAAAATCTAAA,1818
TAAGATAGACTATATT,1815
ACGACACAAACGATTT,1809
TATAATATCACCACAT,1807
CATTCCAAACCTGTTC,1797
GACGCCCACAGGATAC,1795
CGGAACAGACACTAAT,1794
AGATCCCGGATAACAA,1786
TCCACAATTGGACGAC,1780
GAAAACACTCAAGTAG,1779
TACTTAGTACCTATTC,1779
CGGGTATAAAACTAAA,1776
TAGGTTTATCTCCAAT,1776
TATCGATATATAACAT,1774
AGTTTAATCCTTGTAC,1772
GCCGGAACGAAGCTAC,1772
CGATACGAGTAAGAAA,1770
GAAGATTAAGTCAACA,1769
AACATGAAAAGCTAAA,1768
ACAACGACCGAATCCC,1768
GAAATTCTAGGTGCGA,1765
CATATAAAACCAGTTC,1757
CACCATGTACCTAAAC,1754
TGTGAAATACCTAAAA,1754
CACAGAACCTTTACTT,1753
ATAGGCGCTGCAAAGG,1752
CCCTGAATTGACAATA,1747
ATGTGCACCTCTAGTG,1745
ACATGGTCCCACCCAG,1744
ACTTTCTGGCGTATGT,1736
TACTGTGACCTAACGG,1735
CGCAAAAAAATGAAAA,1734
CAAGTAAAACATCACA,1732
CCCCTCAAATCCAACG,1732
CTTAACTCTGTACAAT,1720
TGACCAAGAAAACGAT,1720
CATCGGTTAACCGTCC,1714
TAGCCTCAGATCACGA,1713
ATCTCCTCAAAAACCC,1710
AGTAATAATAACTGAG,1707
ACACCAAAGATATAGC,1704
AATGGTCTATACAAGT,1702
CACAGAAACTTGCCAC,1699
GACCACTGATCATAGC,1699
AAGTCCCAACCGTAGT,1695
ACCGACGATCGAGCGA,1692
ATAAATTGAGCACCCA,1691
GCCACAACAATGTGGG,1691
GCTAGATAGAAACCTC,1691
AACGCAGACAATAAGG,1689
TACCATCATCACATTT,1688
ATAAGCACGGACTGAT,1681
CATATTAAAATAGCTA,1679
TCAGTCACTTAAAGGG,1675
GATTGGTACGAGGACT,1672
GCACCCTTCTCGCCAT,1671
CTATTCGCGCTATAAT,1670
CCTCATACACCACACA,1668
AACCCCTAATCAATAT,1666
AGGATTACAATTGACA,1666
ACAGAATGAAGCGAGC,1661
ACGTTATTCACCCAGA,1660
CTAAGGGCTATCTCGT,1659
ACTCCAGCACTCATGG,1657
TTAGTCCCTTCAGATT,1657
AACAAAAATATATTAG,1654
CCCCCTCCAACATGCC,1652
TCAGAAGGCCTTACAA,1651
GAATACCATTCAATAA,1649
TCGGCATATCTATTGG,1649
CCTTCAAATACGACGG,1647
TAGCCCCATAGGAAGG,1647
CCGCGCATTGATAGAT,1643
TTAAGGATTTGCATCA,1641
ATAATGACCAAAGCGA,1638
GACAACTTCTATAGTA,1637
TTTTGCTTCAAATGAA,1636
AGGAAAAAAAGAATAT,1635
TAACAGACCAATTAAA,1634
AGATAACTATCTTGTG,1632
TTTATAATAGCCACAT,1627
AATAAAAATGGGACGT,1626
TAATCAAAAAAGAAAC,1624
ACTCAATGTGTCTAAG,1623
GGGGCTGAACCTGAAA,1623
GCAAAACACAGATAAA,1621
ATCATACAACTTCCAA,1620
ATGTTTCCAATCCCAC,1617
GGCGCGCTGGGCGCTT,1617
GTCCATGCCCTACTAT,1613
ATGGTCTTTGGCTCAA,1609
TACAATGTTAATTCAT,1606
ACAAGTGATGACGAAT,1604
TTTATGTAGGACAATG,1603
CTGTCACGTCAGCCAG,1597
TACTATAAAATGAGTG,1595
CCTAAGTTAACAGAAC,1590
AAGCAATGGTTAAACA,1588
CTCAGAATTCAACTCC,1588
CCTGAGTTCGATGTCA,1584
GATCAATCATTAACGT,1579
GGACGGAAACAACCAG,1578
CCGAGTACACGATCCG,1575
TTAGCGTCTGAGTATA,1575
TTAAAATGAAATCATT,1572
GGTCTTAAAATCGAAT,1567
ACTATATAATGGTAAC,1566
AGTGTTTAATCAACTT,1566
ATTACGAATCAGTACT,1565
AATTATCTATCCGTAC,1559
TCATGCAGTATTAAGC,1553
ACAGAAAGCCTCACGT,1550
AAAGGCCTCCCATCAC,1549
CATTCCGGACGATTAA,1549
ATGCGCAGCATCGGTT,1548
CCCGCTGAAGCAGAAC,1548
CGCCCAACGGTCAGAT,1543
GCCGATCAGTTGATCA,1539
AGACCGACGAAGGGAT,1536
ATATTGCGGACTAATT,1534
AGTTCTAGAAAGCATC,1533
GCTACACTAGCTTGAC,1530
AGCAATATGACGATTC,1527
TATCACAAAACTAACG,1525
GAAACATTAACCAGCG,1521
AATACCCCCAACACGA,1519
CATGACCCTTGTCTAG,1516
GCTAAATCAAACCTCA,1514
TTTAGCGAGTGGAGAA,1509
ACTCTTCCGTACACGA,1507
GTGTACGTCGCGTACA,1500
CCAACTAACTGAGGCC,1499
ACCTAAATAGCTTGAG,1497
ACTCGCCACATGTACC,1496
CCGAGTCAGTACACTG,1496
TCAAAAAAAAATCCCG,1491
TCTTGTCACTTATGCC,1491
TAACGGTCCATACTTA,1487
TTGGGCACGACAATCA,1487
ATGCTGCAGCCAATAC,1485
TCGCTAAGAAGAACCC,1484
GAATTAGACACGCAAC,1483
AATTATTAAATCAAAG,1481
TGGCTCTTAAACAACT,1474
AATCAGAGCGCTATCA,1470
TGCAGTAGTGAGAGTA,1469
ACTTAAGATGGCTGCA,1464
GCAACCAGCTAAATCA,1464
AACATAACATTATAAT,1461
ACATTCCTGTTATTAT,1461
ATGGCCATCTCCAAAA,1461
TATACAAGTCAAACGT,1460
TATTGTTCATTAGGAA,1457
TCAATTTCGCATCAGG,1456
AAGAAATAGGCTAATG,1447
CAGACAGAGTAAATCA,1447
AACTGCCCGTATCGCG,1443
ATGTTAATAAATACAC,1435
AACGCTTAGAACTTTT,1434
TTAAGAGAGAACATAG,1434
ACACTAAGTACGTTAA,1428
TGTTTTGTAAATTGAT,1424
CAGCAACTTTAGTGCC,1420
AACATACATGTGCCGA,1419
ACATATGGCCTTCGTT,1419
CAGAAAACTAACCAGC,1414
CCACCCACAACTTGAG,1408
GTAGAATTTTGCGATC,1407
ACCAACATAAGTGAAA,1403
AACACCCCTTTGCGAA,1402
ACAGTTCACAGATAGG,1397
GAATATGTGACTCGTA,1397
CCGATAAAGGATATAT,1392
ACTTGTCTGAACTCAA,1390
ACCGCACAGGCCAGAT,1389
AACAACTTGAATGGAA,1388
AACAAACATGGAAACA,1385
TCCTAATAGAAGTCAT,1385
GAACCTAAAATACCCC,1383
TACAAAACAGACTACA,1382
CAATTGTCAAACTACA,1380
AATTTCTACCGATAAT,1379
CAGATGACCCACAGCA,1376
CCACATACACTCGGAT,1375
AACAATGTCTGAAACG,1374
CAACATGATGTCTTGC,1371
ACAAGTTAATGCATAT,1370
GACAGACAAAATCAAT,1366
TGCCAAGAGAATAAAG,1365
ACAATGGATAACCGTA,1363
AATATGCCTCTTCCTA,1362
AACCACGGCCATAGAG,1360
CAAAAAGATCGAACCT,1359
TAATGGCTCAATAGCA,1356
ACTCACCAGCCTAAAA,1355
TAGATCGAGAAACAAA,1353
CTGAACTAGTCGGAAC,1348
GAACTATAGAACTCTC,1348
CGAAAAGCTGCAGAAC,1347
CGATCTAAGAGCCAAG,1343
TACATGAATAATTCCC,1343
CATGACACAGTTACCG,1342
AAATCGAAAGTCCTTG,1341
CTGTTCTCCACAAGGT,1340
GGTGATTCATTTCACC,1334
TATCGATTTGCTGATT,1332
CGCTCAATATAAGTAG,1331
AAGTATAAGTAAAAGG,1329
ATCAAAATTCGATAGA,1329
ACCCCTAGAATCCTTG,1328
ACACAAGCAAACCTAT,1327
ACTAAACACAAATCGT,1327
GCTTTGTAATTGCTAA,1325
TAACCATAACGGGAAG,1325
GCTTAAGCGCTTGGAA,1324
AAGCATTTACGACCAT,1317
ACCACCCAGACCAATA,1316
AACTTACAAATCAACA,1313
ATAAAAACCCTGTTAA,1308
TATGGTCGTTCATTAA,1308
TCATAGGGTGAACCTT,1304
CGATTCTTTATAAACA,1302
CTCCTATAACACTAAA,1301
ACTTGAATTATTACTC,1299
GTTGTCGGGCGATCAC,1298
AATATATCCCAGAATC,1294
ACATCCAGTAGACTGG,1294
AACTATCCTTATTGAG,1293
GGATGAATTGCTGCCC,1291
AGCAACATTGAGTGTA,1287
ACCCTATCTGTCCTCA,1286
GGATATATAAAAAAAT,1285
CACACAACACAAATGT,1284
CATAGAGGGAAGAGTA,1284
CTACGAACGTTCTACC,1283
CCTTCACCAAGTGTTT,1280
AACCCCCTACTTGTGA,1279
GATGGCCTATCCTCTT,1279
TATACAAGAACTAAGC,1278
ACCAAATAGGGTACTT,1274
CAGTCCCCATCCCTTA,1274
CTTATACGTTCACCGC,1272
TTCACAAAGAGCTGAC,1271
TCAATTATGTCATTAC,1270
GCACCTAGGGATTTGT,1266
ATTTACTCTCTTTGAT,1264
ACTAAAACAATTAGCT,1263
CAAAAAACAATGAATA,1263
CGGCAAATAACCAGAA,1262
ATAATATTAATAAGAA,1260
CAGCCTGTCAAGATCG,1259
CAAAACAAAGCCTTAA,1257
CAGACATCTAGGACTC,1257
CAAAATGAATTACGTA,1255
CATTACCTCAGATTTA,1253
ATGAACATCGAGACCG,1252
GTAAGACCTATTACCC,1249
TTCTTAGCACTCGGAC,1249
ACGTATTTTTGATGGC,1247
TGCAAATTCAACTCGG,1246
AACGAAAAAGTCCGAC,1244
TTGATCAAAAGCTACA,1241
AGCGCGCTAGAAGCTA,1239
ACACCTGTCCCAAAAC,1235
GTACAGGAGAATAAAA,1234
TTGGGAAAAAACCATA,1234
TGCATTAAGCCACAAC,1232
CATCAATCTAGGATGC,1227
TTAAAAGCGGGCCAAA,1221
AGGACTCGAAGGTAAG,1220
GTGTCAACCATATTAC,1220
TATCTACCAGAAAATT,1220
AAACATGGCCATCTGA,1219
ATGCTTAGACATAGAG,1219
GCATATAGCCAGAGAC,1217
TAATCCGCACCTACGC,1216
GCTTCAGCGGTTTCAA,1215
CTAATCCAACGCCTTG,1214
TCCACGAAAACGGTAA,1214
CCCTACACATAACCTC,1211
TGATTAATAATTACTG,1211
TAGCGGACCTGGAAGC,1210
TAGTCTAGTATGCCGG,1210
CAATCGGAACGATCAA,1209
ATGATACAAATCTCAT,1207
ATACACTAGCCTATAT,1203
TAACAAAACGCTAAAA,1202
CATTCGAAATAGAGAA,1200
ACTTAAAGTACTTAGA,1199
AGCAATTCCATTCCTA,1199
TCCTAACTAATACTAC,1199
TAACTAATGTGATCCG,1198
CAACCTCGACGTTGCC,1197
ACGGAAGAATTTAACC,1196
AAAATACGCTAGAAAA,1195
GGGCACAAGAAACTAA,1195
TTAGCTAAATATTCAG,1195
AAAAAGAAACAAGAGT,1193
AGATAGTGGACGGAAT,1191
AGCTAATTTATCAGAT,1191
CCACGGTAGAAGAACT,1191
TAATTCACTATAAAAG,1191
AATCGCGACGACGATG,1190
TCTGATCTACGCATAA,1189
ACAAAACGAATCAATT,1187
CTATTTGCAAATATAT,1187
TGTCTAGTAGGTCGCC,1185
TCATTCATAAATGAAC,1183
ATTTGAATGGACGAAG,1182
TGCATGCCGAGGAGTA,1182
CAGAGTTGTTATAAGT,1177
AATTTTCCTCTACCTG,1176
AATAATTAAGTAACAA,1173
TAAATGTCATCTATAT,1171
TATCACCCCCACCAAG,1170
CGCTATGCTCAGGAGT,1169
CACGCCCTCTATCAGT,1166
CCCACATACCGTTTGG,1165
TCCCACACTCCCACTT,1161
GCCATAGGGAGAGCTC,1160
AAATGGGAATAATACG,1159
CAATAAACTATAGTTT,1158
AGAACCCCCGAGATCA,1157
GTTGGGTGCTGATTAA,1157
AATCCTGACTTGGATA,1156
TGCGAACGGCAGTTTC,1153
CGTGGGCTTCGGATCT,1152
AACTATGCACAGTGAC,1148
AGAAACAATCCAATAG,1148
ATCCCCAATAAAACGA,1144
AGTGTCTTCTCAAGGT,1143
TTCAAGCTAAACATAC,1143
TGGGATCCATTTACCG,1140
TTTTAACTCAACATGC,1140
GAAAATATCACTACTA,1139
GCCTCATGACCCCCAT,1138
CTTCATAAGGTCAGAA,1137
GCACTGTGTTCCTGAC,1137
AACTTAAAAGAGCTTT,1136
AGTTTTCAAGCTTTTA,1133
ACGAGGTTACGAATTC,1132
TACAATAGTACCAAAA,1131
TACATTGGTAAGAGAC,1130
GTTGAATCGAACTTTA,1128
TTCCTGAAATTGACGC,1127
TGCCAAAACATAATCC,1126
ACAATGCATCACGTAC,1124
AAATAAGGAAGCATAT,1123
TTACAGGATGATACTT,1122
ATAAACAGCAGAAAGT,1121
TTAGGCCGATTATCAA,1121
AAATTTGGTAAAACTA,1118
ACAAAGTTACAAGTCG,1117
GCGTAATTCCAATCCA,1117
GCCGATATCCGACAAA,1116
TCCACTCAAAACAGAA,1116
CTAAATCGAACTTCAT,1113
TGACAAAGTTGTAAAA,1113
GACAGCGGTGCAGAAC,1112
CAACAAAACACTGCTA,1111
ATACGAAATGGATATC,1109
CAAATCATCCGCAGTT,1108
CGATATGGCCCACAAA,1108
CCAAATATAAACACGC,1103
GGCCACATTAGTAATG,1103
GTAATCGGTAAAATAG,1102
GGCGCGAGAATAGAAG,1098
GTACGAAAGAATTGCC,1098
CGGAAGCCAAATGCTT,1097
TCATGGGTACTGTACC,1096
GACCTTGAAAGACAAT,1095
ACTTACTGTGGAAATC,1094
CTACTAGAAGCACAGC,1093
GATCTGCTTCCGTTGG,1092
GAGCATGAAATTGCGT,1091
ATAATGGGAATGCATG,1089
CATGAATGAAAAAATT,1088
TATTTTACCGAACATA,1087
TTCACCCGTATGTACT,1085
CGTGGAGTGGCGCTGA,1082
AGTAGTACCGAAATAA,1081
TATCAGGACAGTATGC,1080
AATCACCTTAAGCGTA,1078
TTACACTTTTACTATA,1077
AAGAACGTATTGAAGT,1076
TGCTGTAACGTAGATT,1076
TCACCATGCGGCAAAC,1074
ATATAGGAAGTGATGG,1072
TTCGATCCCCACACAA,1071
ACTCGGAGTTCACAAC,1069
ATTAGGACGACTGAAC,1069
CCGTAATCTTGACAGA,1068
GGAAAGACACGTTAGT,1068
TAATGCTCGTAAACCG,1067
AATTAATCACCGAGAG,1066
AAATCCAATGTAGAAC,1063
CTAATAGCACGGGCCA,1061
GCTTACCTCGTACAGA,1061
TTAGTATTCAATTATA,1058
GGCCATGTTATTTCAA,1057
CGCGGCCGTACTTCTA,1056
ACACTGGTGCCAGAAT,1055
CCACAATATTGAGAAA,1055
TCAAAATTAACGATTA,1055
GATATTACTAACACCA,1054
AGCACTGACTTTCAGG,1053
CCTTTCTATCCTCGCA,1052
TATGACCGAACTCCGG,1050
TAAAATACATTTAATG,1048
TCCGCCCAGTTCCGTA,1048
ATATGGTGACAAGGGT,1047
TTCGCGCTAATATATC,1047
TTGTTTTAATTGCAAT,1047
ATCGACCTCATGACTA,1046
AAATGAACTCGATGGA,1045
TCACGGATCCTCCCCT,1041
ACTGCCATAAGTCAAA,1039
AATACACATGACGTAA,1038
ATATGTCTGGTTCAAT,1038
ATCTTTTTCGCATTCA,1038
ATGATGGTTGTCAGAA,1035
GTCATTCAACAACCTA,1035
ACCGCCCCAGTAAAAC,1033
AACCAACATGTCCTAA,1032
CAATGATTAACTGAAG,1032
AATCTAGAATAGCTAA,1031
ATATTCAGAATGCGCA,1031
CTAGCGATAAGAAATA,1031
ATCCGACTCTATGAGG,1030
TAAAAGAAACGTAATG,1029
TGGAGTGCTAATGGAT,1029
TCAAAAACAGTGAATA,1026
ACAGATGCATAATGAA,1025
ACTTACAACACAAACT,1025
AAATATAATGAATATC,1024
GTTTTAACTAGTACGA,1024
AACTCGAAGTGACCTC,1022
AAGGCACTTAGCTTGA,1022
AGCCCACCTAAAACCT,1021
CTCACCTAAATCAAAC,1020
CGACAGCGCCCGAAAA,1018
TCACTACAACTCAGCT,1018
TTTAAGGTCTTTTAAA,1018
TCCGGAGTCCAAAAAG,1017
CAATTTTTCTTTCAAT,1015
GAAAGTTGGCTATAGA,1013
ATAAAATATTCCACAA,1011
TTGTTCAAACCCGGAA,1011
AAGTTCAACAAAGATT,1005
AGAGTTTACCTCTACA,1005
GGGAATTCAAACCTCT,1005
TCGGATAAAACAGTAC,1005
CACTTAAACAAATGAT,1004
TAGGAAATAACTAACC,1003
TGAAAAAATAGATAAT,1002
ACTCTTGCAGATTAGA,999
ATCCATAGAAAATAAC,998
AGTATAAGATATTAGG,996
CGAATAATTTAGTACT,996
CTTAACTTTTGAGAAC,996
GATTGCACACGTCACC,996
TGCGTTATGTAAGAAC,996
GCTCACCCTGGAAAAT,993
TCCCAACATTAATGAT,992
TGCACACTACGAGTTA,992
AAAACTGTCAAAACTA,991
AAGCCGCCAAGAAATA,991
ACAAAGCAACATTGTA,990
GAAAAAGACCTATACT,989
GATATATATAATGTTT,988
AAATAAGTCGCAAATT,982
CATCATGAACAATCCG,979
CGTGCATGAAATCTTC,978
TAATTGAAGCGATATA,978
TATTCGGAGTTCCACC,975
TTATCTAATAAATAAC,974
AATAGGACTACCCGTC,972
ATTGAGAAATTCTGAT,970
AAATCCAGATCAAAGC,969
GAGAATATTCTGCTAA,968
ATTTAAAGGAATATCA,965
ACCGTTACCCTCCCAA,964
GATAATAACGGAAAAC,963
CTAGTGTCCCTAACAA,961
TAGACACTTTTACTAC,959
CTTGTTAATAATCGAC,958
GAAGTCGCTATTACCA,958
ATACATTTTAACCGCA,956
ATTGAGGCACGTAACA,954
ACAGGTCGACGGCGAG,953
AAAAAGAAAACGATAG,950
AATAATACTCGTAAGC,947
TTCTCATAATATATCT,947
CTCTCCAACAACATTA,946
TAACAACAGCTTTCAC,946
CCAGACTAAGATTCGT,944
GAGCGTAGAAAATGAG,942
GTTAAGAAAAAACCAT,942
ATAGCCCGTGAACGCC,941
AAAACCTATTAAACCT,940
TACTGATAAGTAGAAC,938
ATTCTGGTAACATGAT,937
GCATACAGTCGGGCAG,936
AACATACCTCGCTTAC,934
ATAACCGGTGGAATAC,933
CATGTGAACTTCTTTA,933
CGCTAAGTGAATTTAA,933
GACGACTACGCAAGCG,933
CCACGCTTACGCACAA,929
CTAAACATAGCCGGGC,927
ACTCCGCTATGAAGAC,926
AGCACGCTTAAATAAT,926
CAAAATTTCCTCCTCG,926
AGCAAACATTCCATAA,922
CCGAAAACCAAAACTT,922
GATATGTTAACCCTAA,921
GATTATTAATTCAAAA,921
CCTACACGTACCCCCG,920
TACACCCTCTAACTTA,920
AAATTCCTAGAAAGTT,918
AATCAAATATCTCATT,915
CTGCTCCTCAGACAGA,915
ACCCAACTGGAGAGGA,914
GGTGAATTTGCAAGAC,914
AGATTATAGCTATTTC,912
AGCCAGCATTAGAAGA,911
AAATTCAGAAAAGAAT,908
ATACTCAATTAATTGT,908
AATAGCGAACAAGGAA,907
TACACGGGCACCCTTT,905
CTTGGCCCCACACCTA,904
CTATGGTATTTCGTTG,903
GATAGGGGTCGCAAAG,901
GCATGGAGTCCAGAAC,901
ACCTTGGTTACCATTT,898
ATTAAAGAGAAGTTCT,896
CATAAATTTGTGATTT,895
GTATCAGACTGAAAAG,895
GCAAAATAACTACCTA,891
AATAGAAGAAGTTATT,890
GTTGCTATTTCATCTA,890
ACGTGAAATCTGACTT,889
TTATAAAGTTTACACT,888
GAAACCCATGGTGAAT,884
CCAACTCTGTTAACAA,882
TAAGGATTATAACTTT,882
CATGGATACGAAAGAT,881
CCTTCAATGTACCCTC,881
GTAAGGCTTGTCCATA,881
TCCGAAACAAACTCAA,880
CCATTTGTCCAAGCTT,878
TAAAGATCTTGCTAAA,875
GGTAGAAATCAGGGGG,873
TTGGCCGAGGATCATA,873
TACCCACATGGTGAAG,870
TAGATCGGCCTCAGAG,869
ACCCCTGTAATCACTT,868
TGATACACATATAATA,867
GAACATGCATTGGCCT,864
ATGTTCATAAGGTGCT,863
ACCTAGCTAGCTGATT,862
CAGATACGATGGATCG,862
TGGTAACTAAATTTCA,862
CGAAATGCTTTACAAA,861
GGGTCTCCAAACCGTA,860
GTATATGAAGTACAGG,860
TCTACGTCTAAGTCTA,860
TGGGATAAATAAAAAG,859
TCGCAAAGGAGTTAAA,858
AATATCCACATCTCGA,857
GTTAGGATAAAAAAAT,856
ACATACTAGACACTCT,855
ATAATCCAACACCTAT,855
ATAAAATACGTACCCG,853
CAAAAGTAGGCGACCA,853
CACCCGAAAACATGTC,852
TGGGGACGTCCACGCA,852
ATACTCGATGGCTTAG,851
TTTTAAGGCCAATTCT,850
CCAAACCGAGCAAACC,849
GGGTCCTCAAGAATGT,849
TGCTCCATTAGTAGAC,848
CTCCCTCCGCTATGTG,846
TTCATGTTTAAAGGTG,846
AAATAGTACACGGTAG,845
AGAAAATCTTCGAGAA,844
CAGTTCTAATCCGATA,843
CATTTCCCCTCCCTGG,837
GACAAAGGCCTCACCC,837
CTCCACTGCATTCCTA,836
GTCGGACACATCTCGT,836
TACTGAATTTGTCAAG,836
TTTTCAGCCAAAATCC,836
CAACCAAACAGTTTTC,833
TATTTAAGAAAAATTT,832
TTGGATAAGCCCTAGT,832
AACAGCCCAAGCATTT,831
ATGTCTTAGATCTTTT,830
ATTGTAAATTCTTAAA,830
GAGGTATTACGTTACT,830
GATTTCGGTGTGGAAT,830
TTTGGATCCTAGAATA,829
ACCATCTTGATAATAT,827
ACGTCAGCCCCTGGAG,827
CAAAGAGTCAAAACGA,827
CCAGTAACTCTCTAAT,827
ACATCCCAGAATTTAA,825
TCCAACCCCGACAACT,820
TTAGTAACTGGAAATA,820
ACAATTGCTTGCAATC,819
ATAACCATCCTGCTCC,819
GTATCGTAATGGCCAA,819
AGAACCAACCACTGCG,818
AACCTTAAACTGGCGC,817
ACCTAGCCACGTGCAC,817
GGAATAGAAAACAAGA,817
ACCGCTACTAATAAAT,815
TGCGTTTAAAGCTTTG,815
CGACGCTAGAGTCCTT,813
CGCACCAACATAACCC,813
TCATATGACAAAAGTA,812
AAAATCATTTTCCATC,809
AACAAACAAAAAAACA,809
TGTTAAAACGCGTCCC,809
TATAGCAATAGAACTG,808
GTGTCACAAAGGCCAT,806
ATTAATATTTGAAACG,805
ACACCATAGATCTGAC,804
CACCTCTGTTTTAATA,803
GTAAAGTAGTAGAATG,803
CGTGCGAGGAAAATTC,802
GTAGCACAAGTTGAAA,802
TGGCATATATTAGCTA,801
AATCCAACAATTAACT,800
ATATAACCAATTGGCA,800
CATCTGATGAATAAAG,800
CCGGCAGTTTAATATT,800
CACGTAACTCTAAAAA,798
GACTTAGACCGCCTTA,798
GCTCAGACCCACACAA,798
CGCAGAGTCTCTAGAG,797
TTACTTCCGTCAGTAT,797
GAAAATTGACTATTGC,796
TTGTTTGATATTCCAT,795
TAACCTCGTTACATTT,793
ATAAGTCTAAGGCCTT,792
AGCCCGACGGATCCCT,789
TAAATACTGCTAACCC,787
AATATGGCGCACGGAA,786
TAGCATTAGAAAATTT,785
AATCCTTATGATTATC,784
TAGCACGTATATTATA,784
TAGCGTATACTAACAC,783
AGTTCATAAAGGACTT,782
GAATCGTAATTACCTG,782
AAATGACATTGTTATT,781
ACGGCTTGTCCGTGTA,781
TATAATTGTTGAAATA,780
ACTAGTACCATTTACC,779
CACGATTGCGTACACT,779
TACGCTTGCTTACTTA,778
TCTGATTAACACAAGG,777
GGATTTGTTCAGGTGA,774
CGCCGAATAACATGCA,773
TACATGAACCTCACAA,773
GCATTAAGAACGAAGA,770
AACAACTACCCGCCCT,768
CAGTTAGACGTAATAA,768
CATTCAATCGATGTCA,767
CTGCCCAAGGACTCAG,765
GCAATCACAATCTCTC,763
CAGCACACTCCATAAC,762
ACTAATAGAATCTGCA,761
ACCACCACTCACATGG,760
CCCAAACTATCACCAA,759
TTCAGACTAAGAAGTT,759
GAACTCGTTAACCACT,756
GTTTGAGTGCAATCAT,756
TTGTGAAGAACACAAA,753
AAAGCGATAGGCAAGT,752
TAAAACCTCAACAAAT,751
TGTCAATAGCGAGGAT,751
CATTCTGTATCTAATT,749
TACTATCAATTACCTG,746
AATCGGTTAAGCACTT,745
ATCCGCAGTTCGAATC,745
TAATATATTACTACTC,745
AAATCAGTATTCCTAA,744
AGCAGTATAGTTGTCA,743
CCCTTGACACAGTCTA,742
CAGCCTAATGAAGACA,741
CGAAATGAAAGGCGGA,741
GTATTCATTTGAAAGC,740
ATCAGATGGAACATCC,739
CAAGATGTTACACCTA,739
GCTTACTGTCGTAGCA,739
TACAAGAAAAATGATG,739
TCGGCCAAACAACACC,739
TTTGCACCAAGTATCC,739
GAGCAGTCATAGGTCA,738
TGCCTCAGCGGCAAAG,738
CACCAATTTAATAATA,737
CAGATACAGATCTGAG,736
GATGTGCGGTTAGCCT,735
TTACTTAAGAGCACAA,735
TTCAAATGGAGTATCC,735
GTTGCGCAGTCGGGAA,734
AGTTATGCTATTAATG,733
GAATACAAGGTTTTCT,732
TACAAGAAAGACACAA,732
TAGAGAGAGTAAACGA,732
ACGATGGGGATATATT,731
ATTTAAACCCATAACC,731
GATCATATCCTGTTTA,731
TACGCTCGGTCTTTAT,730
GAGTCAATGAGAACAA,729
AAAATTAATTACTGGT,728
AAACTTAAATCTTGCA,727
CGCTCAAGGGTATCAA,727
TCTTGATCCCCTGGAC,725
CTACCGATAGAACTTT,724
GAATGATTAATTCGTC,724
AACAATCCCCCACTCA,722
ACATATTTCTCGGGGT,722
GTGAAAAATTCACCGA,722
TAATCTCCAGTACCAA,720
GTTATAATAGTAGCAG,719
AACAAAGAAGATGAGC,718
ACGGAGTATTCCGTGT,717
CAGACTACTACGTATC,717
CCCATACCATCACCTG,717
TCTCGAATTGAAATTT,717
GCTGTGCTAAAGCATT,716
TAGCTGGCCTTATCAC,716
GATCCATCACATACAT,709
GCTTCGTTCGCACATG,709
CTAACATGCAAAGCGG,708
ACTACCTGCACGTATC,707
GTGCGTGCTAAAAACC,707
TCTTGTCTACGTGAAC,707
ACACACAGGTTATAAA,706
CAGGTAAAAGGCACGA,706
CTATATTCCAACAACT,706
AGAAAAAATACGAGAA,705
TGCTCAGGGTCCGTTA,704
AGAGAAAATAGATTCT,703
ATTAAAAACCAAAATT,703
TAGAGAAGAGGAACCT,703
TAATAACCAAAATATA,702
TTCCCAAAGTCCCTAG,702
AGGAAAATGCGAAGAA,698
ATGCGAATGGTGATAC,698
GAAGCAGTTACTCGAT,698
TGTACGCGCATGTAAT,698
ATCTCGTAGCGCCAAA,696
GACGTTGTAATTCTGT,696
CGTGATTTAACTCAGC,695
GGCAGAGTGTTATAAA,695
AACCGATTAAGTTTGG,693
TATTGACCCAAGACGT,693
AATACACGTCGGTATG,692
ATAACGCGCCGATCCA,692
TTTACAATTATTTTAA,692
GGATTTTTATACCATA,691
AATAAAGACCAAATCG,688
GCCAGGTTTGCAATAT,687
GTGAGACAGTTTGTGC,684
ATACATACCCACCAAT,683
CATGAATAGAAAACAC,683
TACATAGGAAATACGA,682
TAAAAGAGGGAGGATT,681
CTTTAAGCCCATTAGA,680
CTTTATATTTACGCGC,680
GCGTTGAAGTCCCAGC,680
TAGATCTAAATATATA,680
AATCACATGCGACTGC,679
TCATAAAGCCTAAATA,679
GCTTAACAACGAATAG,677
CTCCTACAAACACCAC,676
GAACCTCTAACATAAT,676
AAGAGGCGCGTTAGAA,675
AGTTCTTACTTTTCAA,674
CTTCATTAAGCTAACA,674
GGAGTCAATGTGAACC,672
GAGTCACGTTGTGCCT,671
GGTAATCCGAGATTAA,671
AAGACACTACAGATAC,670
ACTACGAGACCAGCCC,670
CATAAGTTCCCCAGGA,670
TAGATAGGAGCTCTAA,669
TAGGCCAAATGGCTAG,669
TCAACGCTGTGGAAGC,669
TTAGCTACTTTTTATG,669
AAGTCATTAAAATCAT,668
AATAGAGGAAATGAAA,668
AAGTGCCAAAGTAAAA,667
AATCCAAGTCGCACTA,667
TTCCGGATCAATCAAC,667
AATGTCTCAATCCTTG,666
AATGGCACATGTTTGT,665
ATACCATCAAAACTAC,662
GTGAACATAAGGTCGA,662
AACCCATGTAGAAGAA,661
GGAAGTAGAACTACGT,661
TGTAATTAGATAACAC,661
AAGTGTTATTCAATGT,660
AACGATTCCACAAATC,659
CGACTGACGACTTGAA,659
TACCCAAGACAAAGCT,659
AATACTAAGATATCAT,656
CAGTGGGCATATGGAT,656
GGGCGGTGGAACAGAC,656
CTTTTCCTCAATAAGA,655
CCAAGGAATTTGAAGC,654
AAACTGCCATAATGAC,653
CCGGACAGCTTGCGGC,652
AAAAATAAAACTGCAT,651
ACCTCCCAAATAGTAA,651
GGCTCTAACAGTCTAA,651
ATTGTCGTATTGCCAA,650
ATTTGGGCATATCCCC,650
CCGAGTAAAATTCAAC,650
CTGCCAGCGTTTAGTC,650
GATCAGAAAAGAGTGG,650
TCGGCAGCCCAGCTAT,650
TTCGCATTTGAAAATT,650
AGATATTGACATCAAA,645
CCTTGTAACAATATCA,645
AGCCCAGAAATAGGTA,644
TGGGCGGGTCAACCAT,644
AAAACTTGCCAAATTC,642
AAACGTTATTGACTTG,642
ACATTCTGAACACGAA,642
ATTTGGAGTTAGATAC,642
ATCGCAATCAACACTA,640
TCGAACGATCACAAAT,639
TGTCAAAGCTAGGACA,638
TTTCTTCGGCCTGCAA,637
CTAACGTCTAGTAGAC,636
TAATAAATGATAGCGG,636
TATCGGATACCCTAAC,636
TCTATCGTAAAACATC,636
ATCTAAAAGACAAAAA,635
GAACGTCTGCATAGAA,633
ACTTGAAATACGGACA,631
GTCTACTAGAAAGTAA,631
ATAGTTTGTTCATTTG,630
AAGCTAATCAAATACA,629
ACTTATCGGACATGGT,629
TTCAAGCGAGTAACTA,629
GATCACTTTAATTATT,628
AAGATTGTTGAGTATT,627
TTCGAACCCTCTGTCT,627
AATTGTTTCCACGCAC,626
CAATCTGACTAAAACC,626
CCCTCACTTATAGTAA,626
CTAAGCGAGTAAATAA,626
TAAAAACATAAGAGCA,626
GAATAACATATCGTAT,625
GCCACCTCGAATCACG,625
AGAGTTAACTTCTATT,622
CAACTTCATGTTGATT,622
CAAGAGGCCGAATGAC,622
GTACGTCGAGCACCCC,622
TTAACTCTACACGTCT,622
AGCATAGAAATGCCCG,620
TGCATCGCTCAACAAA,620
TCATGAAGCTGTTCAA,619
GCCCGGAGTGCTCGTT,618
TTGAAAGTACTAAATG,618
TTGACCATATTGACAA,618
AAGACTCAATAATCAG,616
CGGATTCCGCACATTC,616
AATTCTTCTAAAAGCA,615
GTGCGACGATGACAAA,615
TAACCAAAGTTCCCAG,613
TATACTCATGTGGGTA,613
ACTGGTCAGTCTAAAA,612
ACCGTCGCATTCGTAG,611
CCATGTACATCGAAAA,609
GGGTTTGGACACAAGA,609
TGAAAGTCTAAGGATA,609
ACCTGACGCAACCATT,608
TGCGTTGTGCGTCAGG,608
GGATACCTGCCTTTAA,607
GTGAATAAAAATAAGT,606
ATAAACATGATAACTT,605
TTAGAATACTAGTTAA,605
TATACAACCACATATC,604
TTAGTAACATCTAAGA,603
ACCGGAACCTATAGTC,602
TCTAACAACTCCTAAC,602
GCGAGAAGATATTAAA,601
GCCAAACGCACTTGAT,600
GTCTTGCTAGACTATC,600
GAAGTGTTAAAAAATT,597
TGCGCTTAAATGGGGA,597
CTATCCTTAAACCAGG,596
ACAGTTATCTCCAACA,595
TATATCTTACTACAAG,595
TAAGATCTTAGTTTAC,594
TTAGTCAAGATCGTCC,594
TTCGATACCATGATCG,594
TATTTATAAGCGCTAA,593
TCTCGGATGATCACTT,593
CTGTGATCGATCATAG,591
CATCACCTGCCACTTA,588
CCCGTTCGAATAAAAA,588
GGTAGTTAAAAGTACA,588
ATGCCACATGATCCAT,587
TTATATTCCTCAACCA,587
ACCACAGTACCCTCCT,585
CAATTATAATCACCTA,585
TAAGTAACCGCCCTCA,585
AGTTAATTAAAATCCA,584
TTGATACGACAACTTA,584
AAAAGGTTTCAAGGCT,582
CATATCGTTCTGTATC,582
AAGAGATAATGCTAAC,581
AGACCACAGATACCGG,581
ATTTATTTATACAAAT,581
ACCTACCGGTTTTGAA,580
AGTTATGTTGATGAAA,580
AAGCCAAACTTTAACA,578
AGGAACATTAACGATC,578
ATACGCTGGGAATTTA,578
TATACGCGGATCGCCA,578
ACCTATTTAGAAAGAT,577
CCCTTTTTGCCTGCGG,577
AATGGCCCTAGTTTTG,576
AGATTCATAGGCGTTC,576
GACACAACGAAACAAA,576
AAGAGAATGAACGCAA,575
TATTGTCCCTGGAAGA,575
ATAAATTCTTCCCGCG,573
GCACTTGACTCCCAAG,573
GGTGTTGCCTCAGCTA,573
ATTCGGAAGTCTAACA,572
CAATGCGGGCAAATAA,571
ATCAAATGTTAACTAT,570
TCATAATGGAATACCT,569
ATCTGAAAAAACTGTA,568
CCGGATGGCTGGCGCC,568
AGGGAGCAATACCCCA,567
TCCAAGATGGAGAATC,567
GCCCACGCGATCAATT,566
TGTTCGGATTAACGCG,566
GTTGAGAGCCCCCACC,564
TGAACTTCCCACCGTT,564
ACCGCTCTAAGTAATA,562
ATTTCAACACACTGAA,561
CTTCTAAAGTTCTAAC,560
GTAGACGTACAATTGT,560
AAATGACGATCTACCA,559
ATCAAAGATCCACACT,559
GTTGAAGTAGCATCGA,559
AATCTATCGCAGGTCC,557
CCTAAATTATAATCTG,557
AGGGGACACCTGAGTG,556
GTGAATCGGCCGTCTT,556
TATACCAACAATTTTT,556
GCTAAAACATTTCGCC,554
AGAGGACCAGAGATGC,553
GCCCGTAAACCTACGG,553
AACGCGAATCCTATAG,552
TGCCAGGTGGATATAC,550
TGCCCATATCGTCTTA,550
ATGACGCAACGATATA,549
GAATAACCGTTTCATG,549
GATAAATGTCCTACCG,549
CGCCATAAAGAGACGC,548
ACTCGAACGACTTGAA,547
TGGGCAACGAGGCAAA,545
AAATTGATGGACTGGT,544
GCCTGTACGAAACACC,544
TGAAGTTTCAACTGCT,544
ATAGTTTGGTCCTACA,543
TAATTGCTATAAGTTA,543
AGATCAGGGTTCCCCG,542
CCATACTGGATTGTTA,542
CTGGGACACCCACGAA,542
ATAAGGCTGAACGCAG,541
CCACCCGGGACTAATA,541
CTTTTACCTGGGAAAA,540
ACAAAACCTTCTACAA,539
TACAGCCTACATAGCA,539
AATGTAATATTACAAA,538
AGCTTCTAAAATCCTT,538
CGACACAGATTTATAT,538
TACCAATTTTTAATCA,538
CAAATACAGCTTGTCG,536
TCATAGTCTTAGCTCT,536
CAAAATCGAGTGTTAA,535
ACTTAGTGGCATTTAA,533
CTGCAAAATAGTATAA,533
AAGACATTTAGTAACA,532
TCCTACAATCGCTCAG,532
TCGTATAATAGCAACA,531
AAACGCTCTGTAGACA,530
ACAATGCTTTAACGAT,530
AGACCAAATATTGGAT,530
TACTTGTTATTACCAA,530
TCAAGAAAGTAAATAT,530
AGATTGAATATAAATC,529
ACCCATTCTTACAATG,528
TAGGAGATAGATTAGG,528
AGTAGCAGCTCTAAAT,527
GGCAAAACCATGGTCA,527
AACCGAGTGCTTCATA,526
ATAAGATACTTAGCTA,526
CTGTGATCTAAGATTA,526
TGCACGCTAGACGTGG,526
AGCATCCGCACAACCC,525
AGTAAGGAATAACAGG,525
GAGATTTAATATAAAC,525
AGCATCATTAAATACG,524
TATGCTGAACTCACAG,523
AACGTACGGTCCAATT,522
GTTAATCTACAAATAG,522
TAATCAAAATTTCCCG,521
AAAAAACCATCAGACA,520
CCCAGTGGTGGCAATA,520
AAAAAAAAGACCTAAC,519
AAATAGCCAACTTTTA,519
CACAGCATCTTACATC,518
CTGACTAATTCTATTC,518
GCAAAATGTTTAAAAC,518
TGTCTCACCCTGTGAG,518
ATGAAATTGTATAGTT,517
ATGTATTGTGATGGGC,517
AGAAGCGTTCTACGCA,515
TTTCTGCTTTATGGAA,515
ATATTTGCAACAACAT,514
CCTAGAACTTCGGAGA,514
GAAAACATAGATATCC,514
GGTGTCACACCCTATA,514
TAAAAACAAGTTAAAT,514
CATAAAACCACCAGCA,513
ACCTACGCTTGTATTC,512
ACTGGCACATAGAACA,512
CACTGCCAATACAGCA,512
TAATGCACCAATTTGG,512
AACCGGTACTTAAAGG,511
CTCCGATTACAGAGAG,511
CAACACTGGCGAAAAT,509
CAGATTTACCAGCTTT,509
GTACGTATCATATGCA,509
ATAGAAGCTCCGATTA,507
TTTTTGTCCGTTACAC,507
AACGGATAGTCAGTGC,505
CACATTTAAGGTATTG,505
GAACTAGATTATACGA,505
GAATTAGTGTCTGAAC,505
CCGAGGCTTCATAACT,503
TAAGGTCCTAATCAAC,503
TGTTCGTTCTCACAAA,502
TTCACAATAATCAATC,502
CACTTTAGTTGATAAC,500
GCAAGAGAATAACGAA,500
ATAAAAAGCGCGCCAA,499
CCCGATAAAAGACAGA,499
CCCACCTTTGATCTAA,495
ACAGTTACGTGCCGCC,494
ATTTAATGATCCTTTT,494
TACAATTGTGTTAAAT,494
TAGGTGGATTGATTAC,494
ACATATGTTCAGTCAA,493
CATTCGAATTATAAAT,492
CTGTGTTTGTACCCGC,492
GGTATCAAAACCGCAA,492
GGTTACACGCGAAAAA,492
TAATTAACATGAAACT,492
TCCTAACGTAGCAAGT,492
CAGGATGACCTAGCCA,491
CTCATACAGAATCTTT,491
CAGCATACATAGTATT,490
CCACGAAGTTCAGCTT,490
GTCGATGTTCTAGTAG,490
TCTCAACAAATAGACA,490
TAGCCAAAGTAAAGAT,489
TCCCTTAGCCGTGCCA,489
CTACCTATCAAGCACG,488
GGAATGAAAGCTCCTG,488
AACGATATCCAAAAAA,487
AGCTAGACGCCACTCA,487
AGTACTAGAGTGAATA,487
CCTGAAAACATGTAAT,487
CGTCAAAATAGCCGGC,487
TAATGCCTAGAGGTAG,487
TTCCGCTTATCCAGGG,487
ATCTCCAGTAGATTAG,485
GGGATTAAACAACACC,484
AACTCTTAAAGGGATT,483
ACTACAAAAAGAAACT,483
ATGATATTATTAGTAT,483
CGCGGGGCCATACCTC,483
GAACTTCAAAAAGTAC,483
ATCAGTAATAGACCCA,482
GATAATACAACTGAAT,482
TCCATCGTTATATAAA,482
ACACATAAAGGACTTC,481
CCTCTTATGTGATAAC,481
GTCGACGTTAACGAAT,481
TAGCCAAATCATAAAT,481
CAAGACAGATCTGCGA,480
CCGTATCGGATTTCGT,480
AAGCGAAGAACGCTTC,479
AGCTCCCACTTAACAC,479
TACGCCAGGCATTAAA,479
AGAAACCCAAAGCCCC,478
CTAAGCTTTGCAGTGT,477
GGCAAATTTGGGCGTA,477
GTTGAAACATGCCACT,476
CCATGGTTGTAGGTTT,475
CTGGCTATTGTTCACT,475
AAGTGAACAAAAAAGA,473
AAAACTTAAGTAAACC,472
ATTCCAGGTTGCAAAA,472
CCAGTGACAGATCGGA,472
TTGCAAGGACATCCAA,472
AAACGGCTAGCACCCT,471
AATTATAAGGTTAAAT,471
GGACAGTCACGGGGGT,471
GGGACTTATGAGCTAA,470
TAATCATGACGAAACA,470
TAGACCCCAACGTAGA,470
TTTTAAAGGACTAACA,470
AAAACAAGGTAGAATA,469
AAGAGTCGCCCCATTT,469
ACAACCCTAAGATTCT,468
GAACAGGTTGAATGAG,468
TTTAGCAGGACATGCA,468
CACCCACATTACGTGT,467
CACTTGTTATGCCTCT,467
CATACGCAGTCAGAGA,467
AAATAAAAAAAAGAAA,465
AAATTTAATGCAAAAT,465
AGACCGAATGTCAATC,465
GAATTAACCCGATAAT,465
AATGACTTTGGTGCTA,464
CAGCATCAGTCCTAAT,464
GTTCACTGCATTGTTG,464
ATAATCTGCAAGCTAA,463
CGAGACAATTGATCAC,463
AAAAATCGTACAAAGT,462
ATTGCCATTAGTGGCC,461
TGATAATCATTAAATA,461
AAAACCCTACACGGAT,460
AGAGAGCTGTATAAAA,460
AGGAACTACCAACTGG,460
ATTATATAGATAAGGC,460
GGGAATTACTGAGCAA,460
GTATCAACTGTAGGAA,460
GTTTCACTTCAAAGGT,460
CAAAAAGACCGGAGGA,459
CAAACTGTGACCACAC,459
GGTCGGTACTAAGCAT,458
CCTCAAGCACACGTAG,457
AACAGTAAATATGACC,454
ACTAGTTGTACACACG,454
ACTTTCCCTTGCGCAT,454
TAAGATAAATATGAAG,454
TGCTCAATTACACCTT,454
TTAACTATACTCTTTG,454
AAGAGAACATAGGTTG,453
AAGCAAGGAAAGGCGA,453
CTTCAACAGATACTTA,453
AAGCACAGATTAAGAC,452
TGATCCAAACTCTGTT,452
TGCCATACGGGTGTAC,452
TGCTAAAGGAGTACCC,452
TTGAAGCTGACAAGTC,452
AACACGGACGATTGTC,451
AACTGTGAGAACCCAA,451
ACAAGACACTAGCAAG,451
AGAAAAAACAAATTTA,451
GAAACCTCGGATTTCT,451
TTTCTGCAATTTCCAT,451
ACATTTACGTGTGTCT,450
ATAATCAATTGGAGTA,450
ATCTTAAATTCATAGA,450
TTATACCATTGCTACC,450
AGACCGCTAAATAGCG,449
GGTTCATTCTTAGCAT,449
AAAGCCCTGAACTTAA,448
AAATCTCAGTCAGTGC,448
ATAGTCGTGAGATCGC,448
ATTACGGAGCCAACAA,448
GAGAGCAAAAAAAGGA,448
ATAGTCAACATGGAAA,447
CTTTTCTGTGAACAGG,447
GGTTATACTGTTATGG,446
GTCGAATTTCTAAGTA,446
TGTGGTCAATGAAAGT,446
TTTTTTCCAGGAATCT,446
AATAGTGAGCTGTGAA,445
ACGGTGAAATTGTTAT,445
GAATATAAAAATTCAG,445
GTAGAAAACAGTATTA,445
GATTGTATTCTATCCG,444
CCCATTTTGGCCTAGA,443
CGATACCTAAACCCTG,443
CGCCCCAGAACGAGGT,443
CTAAGCAATTACAAAA,443
AAATCATCAAAATACT,442
CCATGTAATTGAGCAC,442
CGAAACGCATATAACG,442
ACCCAACAACGAATAC,441
AGTGTTGACAGTCTTC,441
CAACATATCTGTAAAC,441
CGAAGAGGTGACCTCC,441
GGGGATGAACCTCTGA,441
TAAGGAATAACACTGT,441
TTCAGCATAAAAAGTT,441
AAATACAACAAGTATT,440
GCAACTGAAACACAAA,440
TAGGAATTGACTCTAA,440
ATATCAAATAGCTGAA,439
CAATGAAGGTCTGGTA,439
TCAACAGAAAGATTAA,439
TCACGATATTGTTCCG,439
TTGGCCACCCCTCCCC,439
AACCCACAAACGACCA,438
ATACGAAACATCAGGA,438
TGATTAACTGAAGCAT,438
ACATTCCCAAATGGCC,437
GGTTATTATTATGGAA,436
TAAAGGCACGAGACCG,436
CAACTTGTACCGTCAA,435
ACTGTAGTAATCTATA,434
TTCACAACTAGATACT,434
AACAGTAAGTGTAATC,433
CACGTAATCAAGAAAA,433
TATAACCTCTTTACAA,433
ACATAAGTAGACTAAC,432
ACTATAGTTAAACTAC,432
GGTGCGTTAGACAGAC,432
ACGAAATAACTTAGAA,431
AGTCATTATAACAACT,431
CACGTTGTTCTCTAAC,431
GGACCCAATTGCTATA,431
TAATTCTACTTCATCC,431
AGAACTATCACGATAT,430
AGTAATATTAAAGAGG,430
AGTGGCGAATCTCAAC,428
ATAAAAACACACATTT,427
AATAACAAAAGCACAG,426
ATAGGGGAGGCTATTT,425
TACTTGCTACACGCGT,425
CTCATAGGGTAGCAAG,423
GGGCCATGCATCAGGC,423
TCAATAAAGGTTCCAC,423
AAAACCGGGGCCGTCG,421
CACTTCCATCCAAAAT,421
CCTACTTTTTCATATG,421
TAAGTAATCTGTCACA,421
AAACCCCAAGGACACA,420
GTTAATACATTGCGCA,420
TGATTTGACGAAAACC,420
TTCTTTAGAGTTACGT,420
ATGCTAAAATTCGCAT,419
GCTAAATGATAAGCCC,419
CCATCCTTGCCAGTGC,418
CTCTTATAAGTTCCAT,418
ACCCGTTTCATTAGGA,417
CATGCGTAAATATGAT,417
CGCAACCGTCATATGC,417
GGAAGGTGTCTCGGAC,417
TATGCTAGCAATTAAC,417
GAGTTTTGGTCACTCT,416
AACAAAACTTTAATAG,415
ATAAATCGGATCGCTA,415
TCATTACAATTAGCCC,415
GTGTATGAAAACGAAC,414
CCCTAACCCAGCGTCC,412
CAAACAGTTTGAAGCA,411
GGACAGTTCAGGAGGG,411
AGTGCTTTTGGTGGAA,410
CATTGCAAGATTGGAG,410
CTAGACTAGTTTCTGT,410
GAAGGCCCCACCATAC,410
TGAGCGGAGGTTAAGC,410
ACAGATTAATTGGCCG,408
TACAAAGGTGCTGAAG,408
AGCAAAGTGGGTTGAG,406
CAACGGAAATCGGGGA,406
CTCATATCATATCTAA,406
GAATTGGCGTAAAATA,406
TCGTACTCGCTAAGAA,406
TGATTACCCACCAGAA,406
TTTAGTTATGGCATCA,406
AATACTCCCCAAGAGA,405
ATTGATGTCACCTAGA,405
CCTGGTCTTATCGTTA,405
GGTTCCCAGCAAGGTC,403
TTGGGCAAACAAAGCT,403
GGGGTCTTTTAGTAAC,402
TTCCATGCCTGCTCAA,402
AATTCATCCCCAGGAA,401
ATCGCACTGACCGATT,401
ACATATCGTCGGAAAA,400
ATCAAAAAAACCACGC,400
CTAATGTTTCTATGTA,400
AAGCAAGATCTAACAA,399
ATCATAGTCACAAAGA,399
GAACGACACAGCCATA,399
TAGTGTGCATCTGTAT,399
AATATTCTCTCGCAGG,398
AGATATATCCTTCATC,398
ATCAATCAATATATTT,398
CTTTCCTATGTACTTA,398
GAGGATATGATTATTC,398
GTGCGCCAAAATGATA,398
ACTAAATAGTATAAGA,397
ATATAAAACATCGATT,397
GTGCCACCGGAAATCG,397
TGAGGAATAGTGATAA,397
CAATATGTTTACCTAC,396
CGCCAATGCATCCATA,396
TCTAATAGACTGTATT,396
CAGAATTAACATCGTA,395
GTGCTAATACCAGCCC,395
AAACTACGTTAAGTAC,394
ATGTAAAATTACAGTT,394
CACGACTACGTTTCGA,394
CGACCAATAAGTACAT,394
AAACCACTGGTGGTGA,393
ACCTGTGCTAATATCT,393
ATCAACCATTGGGTCA,393
GACTTTCATTCAATAG,393
TGCACCTTAGTAAATC,393
TTTCGTGCCTTTTAGT,393
AATAATAATATACTCG,392
CCGAGAATGAAACCGA,392
GCAAAGTATACTTCTA,392
GGAACATAGGGATTAA,392
AACCCTGCGTACATAA,391
ACAGAAAAAGTCACAA,391
AGCCTGCAAAAGGAAC,391
GAAAGTCACAACCCCT,391
TACTGAAAGTAACACC,391
TCCACCGGTGATCCAT,391
AATTCCTGCTTGAAAA,390
TCTTATCGCCATCTCC,390
CCTAATATCTGTGGTA,389
GATTACGCAATTACAA,389
TTTTAACATTAATCAT,389
ACTAAGCTCGTATATA,388
CGACGGTTAAAACATA,388
AGCCCCAGATAAAGCC,387
GGACGAGATCAGAGAT,387
AACATGTAAAGGGGAC,386
CTATTCATCGATTGAA,386
TATTACGCCATTAAAT,386
TTAATGTAAAATAATC,386
AGACAAACGTAGAACC,385
CTCTCGATCAAACACA,385
GATAGTATCGATGTAG,385
TTTAACAAGGGATCGC,385
ATCTGCGTGCTCAGAT,384
GCTTCTCGAGATGGTT,384
AAAATCTACAAAGATC,383
ACGCAACAATTGCAAA,383
ATCCAATCGCCAAAGT,383
CGGAATCAACTAAAGT,383
GGCACAAAGCGAAATG,383
TTGGATAATGCCTTCT,383
AAATGAACTCGTATAA,382
TTTCTTTTAAACTCAG,382
AATTCAAAGAACATTA,381
CCTAGAAGTATACACA,381
TCGTCTAGAAGTGCTC,381
ACGTACAAACTAGTCT,380
AGTCTATATCTGCTCG,380
CCAACATAACCAAAAA,379
AAATAAGTAAATTATG,378
CAATAGCGTGCGAGCA,378
GTGAAGTTTCTATCTT,378
TAATACAAATCCTAGC,378
TATAATCATATACACA,378
TTGAAACCAACTGGTC,378
TTTATAAGACGAAACC,378
CCTGTGTCGGTCTCTG,377
GAGGCGTCAGATGGAA,377
ATCTAATTGTAATTTT,376
GGTAATGTAACATAAA,376
TAATAGGGAACTAATC,376
ACCCATGAACCTGAAA,375
ATAAAGACACAATTTT,375
TTCGTGCTTGGATCCC,375
CAAAACTAAGTCGTAA,374
CAGATGTCTCCGATAT,374
CAGTCTTATACGTAAC,374
TAACGCAGATGCAACG,374
AGGTAGTTACTATACT,372
CCAAAGAAGACCGTCC,372
CCTCTACACTCTGCTG,372
AGACAATGGCCTTTTG,371
CATGACTATAGTTACA,371
TTTATGTGAAATAACA,371
CAGCGTCGCGAAATAC,370
CATCAGGACAATAACA,370
AAATTAATAAAAGGTC,369
TATCGTATAGCCCACC,369
ATGGCCATGACCGATT,368
CACAGAGCTGTCTTCT,368
TTAGTGAACTTGATAG,368
CAATCCTACGCGTTTT,367
GGTTACCGTCATTGTT,367
TCGCGTCTTGCAATAA,367
CAGAGAGCCGTGGCTC,366
CGTCGCGAACAATACT,366
GACTCATACATATTTT,366
AAAGAAAAATACATGG,365
AACCCCACAGCTATCT,365
GGGAACCTAAACCGCG,365
TAAAAATTGTTGGGGC,365
TGGAAATAAAATTTCT,365
AATACATATCAAGAGA,364
AATCCTTTTCATAACA,364
AGGTAAACTGATTTAT,364
GCGTACTGTCATTTCC,364
TCACTGCATCTTTATA,364
ATAACATGCATGGAAT,363
ATACATGAACATGCAT,363
ATATCAGATTACATGC,363
CACTTTTTATACTAGA,363
GTATGCAATCGATACA,363
TAGACCCTAAGACGGA,363
TTATGACGATAATGTG,363
AAAAAAATAACCACCC,362
AATACTATGAAAATAG,362
ATCAGACGTGCTGTAA,362
AAGGCGGTTATGAATT,361
AAATCCAAACCGGAGG,360
AAGGAATTCCACAAGG,360
ATTTCGATGATTAATC,360
CGTCACCCAACGCTTA,360
TCAGGTCTAAAATAAC,360
CAATTAAAATGATTGG,359
CATTAATAGATAACGA,359
GTACGCAAAAGCTTCA,359
TAACTATGCCACGTGT,359
AATAATATGTAGTTCA,358
ACTTAGTCTAAAAATA,358
ATCCCATAGAGGCGTA,358
ATACCGAACCTGGTTA,356
CAAAGAGTCGGACCGG,356
CAAAGCCGTAGATACA,356
AATCCTCAACGACAGA,355
GAATCAGAGCGGGCTC,355
GTAAAAGTTTCTTAAG,355
AGAAACGTGATGTTTA,354
AGCCAAGCGTAAACCA,354
ATTTATTCTTTCCGTA,354
AAAGTTCTGTCATTAC,353
AACTTAACTGTAACCA,353
CTAGACCCACTATCGC,353
TACATATCTCATCTTT,353
TATTGTAGCCAAACAA,353
TGATGAAGGACAAAAG,353
AAACACTTATTACTAA,352
AGACAGAGTGAGGCGT,352
GGTTCCATAGGACTTA,352
AAAAAATACCAGGACA,351
ACATTCTTTGTAAATA,350
AGCTATTATCTGGGTA,350
AGTAAGGTGTGCATAA,350
AGTACTAAACCGAACA,350
CACAAATAGAACCACC,350
CATTGCATCTAGCATA,350
GAAATATCATACCCAA,350
AATCAGACGAAACCCC,349
TTAACCAATAGGGTAA,349
ACCACCTTGCACTCCT,348
ATCACACACTAAGCAT,348
ATTAAGCCTAAGTCAA,348
TGCAGTGGAACATAAC,348
AACAGTAGAGCAAAAA,347
ACTGATATTTATTTGC,347
ATAAACCAACCATAAA,347
GAGTATGGTTCTCATA,347
TCACCAACACCTTAAA,347
TGCTTATGTGGCAAAT,347
TTGGTGTTAACTCAGC,347
AACCCAGGACTCGACT,346
TCCAACGTTGAGAGGG,346
AATAATATAAGAATAT,345
AGACGAGAGGCCGAAA,345
ATGTCGTTGGATACTC,345
CTCAGCTTTGTGTAAC,345
GATTGATAGACTATGT,345
GCAAACCTTTACATGC,345
TTAAAAGTTCATAAAT,345
ACGCTCATTAGCAAAA,344
GAACTGATAGATCAAA,343
GTACAGACTAACCCTA,343
AGTAGCCGACCCCTCC,342
ATTCACCTTATAACGT,342
CCAAACATTCCTCGAA,342
CCATTAACCTAAAAAG,342
CGCTGTCTATTAGAGC,342
TTTACTAAGCGCAGGC,342
ATATGCCCCACGGCAT,341
CAATGTAATATTTTCT,341
CGCATTAAAAGTACTA,341
GCATAGAAGACAGACA,341
GTCGTAAGCGGAATAC,341
AACACTTATATAGTTA,340
AGTTTATCAAGATGAT,340
ATCTTACTTGTGCAGT,340
TGAAATACCGCCCTGC,340
AAAAAGAAAACGAACG,339
AATCCCTCAATGAACC,339
GACCGTACGAAACGAA,339
TTGATTTAAATAATAA,339
TAGTGTATTCACGAAC,338
TCAGAGAATAACCTAA,338
CAATAGAAATGTTACA,336
CAGCTATTCAAACGTG,336
CAGTTATAATCGAGCA,336
CATATCATACAAGTAC,336
CATCAATCTCAATGGT,336
GTCTGAAGACGTCAGA,336
TAACAATCCCGCGAAT,336
AAATTAATGAATGCTA,335
ACTGTTTACACGGGCT,335
ATCGGTTCAAGATCAA,335
CAACCTCAAGAAATAA,335
AAAGAAAGTATTTAGA,334
CTTATTTCAAGGCCCA,334
TCTGAAGATGATACGT,334
ACGTTTTACAAGCTAT,333
AGAAATTGCATAAAGA,333
ATTTTATATCTGAGGT,333
GTTTAAACGAAAGGTT,333
TACATCTGGACCACTC,333
TCATTCATCTAACTGT,333
ACGGTATTGAGAGTAG,332
AGATAGACTTCAACGC,332
GCATGAAATAGGGAAA,332
GGCTATTGATGTAGTC,332
AAAACGTCAATGTCAT,331
ATAGTTTCTCATTACG,331
GATTGATATTATTGTG,331
GCACTTGATAGCTCCG,331
TTGCAATATCCCACAA,331
AATGGTAAATATCCTA,330
AATGTCCCGGCGTGTA,330
AATTAAATATAACCGG,330
CTAGCCCTACAGGGTA,330
TTCACGTCTCTACACA,330
ATGCATTAGCATATAA,329
CGTAGTCAAACTGGTT,329
GCCAACCACGGAGGTT,328
GCTAATTACGGTGAAA,328
TAATAAATAACGTAGC,328
TTACCAGTTTATGGTA,328
AAAGTACCAAGAACCG,327
GCCAATACGAATGCTA,327
TCACAAAGCAATTTTT,327
TCCAGGATTTGTGAAA,327
TGCCTAATCTAGACAC,327
AAAATAAGACGCAGAA,326
AATGCAACCTCTGGAA,326
AGGTCCGTATTACCAG,326
TTATGTGAATTAATAA,326
ACACGACGCTGGGCCG,324
ACTCACGACCACAGAG,324
ATCTCAAATATAGCAA,324
CCTTGAAACAAATAAT,324
CGATAACTTGGCCCTC,324
GAAGACACAGAGTGAA,324
TACTATAATGCAATGA,324
TTGATCAAAGTTACCT,324
ACGAATTCTAACGGAC,323
ATCAGTGGCTGAAACA,323
CAGCGCATCGGAGAGT,323
GCAACCCCGAGGAATG,323
TACATCGGCAGCCCGT,323
AATGCAGTCCCCCCAC,322
CTCGGCTAGCCGTGGA,322
TAAGCTAAACGTTGGA,322
AGCATACTTTAAAAGA,321
ATCCAGGGTGTATTAA,321
GAGTCCGAGCGCGCCA,321
GCGAGTAGACATACAA,321
TCTTCACCGATAAATT,321
TGAGGAAAAGTCTAAT,321
AGCAAATCGGATCATG,320
ATTCCCTCTCAACCCA,320
CATGATCCGCGTGGAT,320
CTCCTAAAAGACAAGC,320
GTGGACTTAGAGTGCA,320
TAAACCAATCCACACG,320
TTACCAAAATACAGCC,320
AAATTCACTGGAATAC,319
AATATAGTATTGACTT,319
ATTTCGCTAATCCTAC,319
TATAGTATATCGATCT,319
TCGGCCTAGACTCTGA,319
TGACAGGAGGCAGACT,319
CGCGCTAAGGCATGTC,318
GAAGTCACCGCAAGCT,318
GATAGCCGGCAACGAA,318
TAACGCACAGTGACTG,318
TAAGGATTACAGAAGG,318
ACATTTTGAATAAGTA,317
ACCCAGAAGGAAACGC,317
ACCTTAGTGTTTAACA,317
CCTGATAAACTCTACT,317
CGCCTTTCCAACACTT,317
TGCAATCCTCATACGA,317
CACCTATCAAAAGTTC,316
TAAATACAGAGCGCAC,316
TTCATACTAAAATATC,316
GAACTATTACTTAGCC,315
GATTTACAGGGTTCAC,315
TCCTGTAAATTTATAC,315
ACCACTACCTACGAAT,314
ATACTAAATTTAATGA,314
CTGCCACACGAATGAC,314
TCCTAACTTACTTAAG,314
TCTAGTAGATACTGGC,314
TGTATAAGGCGTCTGG,314
AAATACAACGTCAGCG,313
CCTAGGTGCTTCTATT,313
CTAGACCTAACATACC,313
GAAGATGACGAATAGA,313
GATTGCTGCCAATTGT,313
GCAGCAGAACAAAACA,313
AAATCGCTACAATTTA,312
CAGCAATACACCGACC,312
CATCGATAGTAGTCCC,312
GAATGAGTCTTATTCA,312
GGGATTTAAACTTATG,312
AAACGCAGACAGTTCG,311
CCAAACCACGTATCAT,311
CTTGCAATCTCTCGCT,311
TGTCAGCCCAATAGAT,311
TTTCTAGTAGATAGCA,311
AATAATCTCATTGCCA,310
AATCACGAAAAATAAA,310
AGAAAATAAAGTTCCC,310
ATTTACCTCCTCTATA,310
GATTGATAAAGAGATG,310
GCCAAACACCAGTACA,310
AATCTTTTTCTAGCAA,309
ACACGAGCACCAATAA,309
AGAGCCACCCTACATT,309
GCACTAGCCCTGGCTG,309
GGCAAAAACATAAGAC,309
GGGAGCAGACAAACTA,309
TGCACGATAGGCCATT,309
CCAAATCTTGATTCCG,308
AAGTCCCGAATCTACA,307
ATGTCCTAATCACGAG,307
CTACTAAGTATCATCT,307
GAAAACACGCACGCGA,307
ATCCAGCTGATCATGG,306
TCACGCGCTTTAATTC,306
AACTACGAAAAAAATT,305
ATTGACCACTGGACAC,305
CGCCTGAGACATTGTC,305
GTTGACGCGATTGTAC,305
TATGAAACTTTAACAC,305
AATTGATCTAGTCATA,304
AGTCACATAGCGCCCC,304
ATTCCACCGGCCCGAC,304
CCCGTAGACTTAGAGC,304
TATAACAATTTACCAT,304
AACCGTTAAAATAATA,303
CCTCGACTAGACGAAT,303
GTTAAGATTTTGTCAC,303
TAGGAGCAGGTCTCAG,303
GTGAATAACAGGTAAA,302
TGCTACGTCGAAACAG,302
CCGTATCCCTTTGTCC,301
CGCCGGTATGTTAGAG,301
GACCGATTCACTTGAA,301
TTTGCCTACACCAAAA,301
ACTTCTCCTTACATTC,300
ATCGAGAAATGGACCA,300
CGCAGAATGGTTGCAT,300
GAGATACATAAGACGA,300
GATCTACACCCGATCA,300
GCGCATCTCTGAAACT,300
AACCGTTCCGTTCACA,299
AACGGTCATAACACGT,299
ATCTCCCATCTGAAAT,299
CCTAATAATAGTTGTC,299
GACAAGATCCCGCAGT,299
TAAATGGTAGTAACTA,299
TTGTTCAACACTGTAC,299
ATATAGCCAATCTGTT,298
TTGGTTTTTACCTTTA,298
TTTAGCTCAACTAATC,298
ACTAAAGTGAGACGTT,297
AATAATTCACCGGTTT,296
CAATAATAACGCCGAG,296
TATATTAATAAAGACA,296
TCTCTCATTATCCTTG,296
TGTGTAATGATAACTA,296
TTTATTACCAAAAACA,296
CGTTCAATCTGAAGGT,295
CTGCGCCACAAACTAA,295
TAGTAGTAACGATAAT,295
TGCATAGAGTCCATGT,295
TGGGTGGAATACTTGT,295
AAATAAAAGAGAAAAC,294
ACATAATATATGAACA,294
CGCATCAAGTCATGGA,294
GAGAAAAAAATCGAAA,294
GAGGCCAATGGTAACC,294
GTGCCTTGGTGGCATA,294
TCGGGATATGAAACAA,294
TTAGTCATCCTTATGA,294
ACACTGTTTGTTAAAT,293
ACAGAGCTTATGAGAC,293
ATCAATTGCCAGTAAC,293
ATCTAAATATGTAAAC,293
ATGAACTTCAATCCTG,293
CCTCAAAACTAGCGGG,293
GTAAAGAATTAAAAAT,293
TCTCACTGAACAATCT,293
ACAACGTCCTCAACTT,292
AGCTACTACTAATAAT,292
AGTAGGCCAAAAACAG,292
AGTCGATCGATTAAGT,292
CAAAATTTCCAATGGC,292
CAGACTCGACAATCAA,292
TAGCAGAACGGAAATT,292
ATTTTACTCACCAAAA,290
CAAAACCATAATTAGC,290
CAAGCACGATATCGAA,290
GAAGGCCTAAAAATGC,290
TGGATTGCAAAATACC,290
AACAGAATCTAATTAT,289
CGTAGCACTTTTTGCT,289
GATTATGAGGAGCAGA,289
CTAAAAAGTATCACGT,288
TAGACCAAACCATTTA,288
TAGGCTCATTGGGTGG,288
TCGCATTCCACTCTTG,288
TTGTCGGAAATCCCTA,288
TTTCCGATTATTACCA,288
CACTAAAGTCGCAAGG,287
TTCAGCCAATGACACC,287
TTCCGTAGAGATAGGC,287
ACAGGCGACGCATTAA,286
AGTCTGTCTTCGAAGC,286
AGTTAGGTCAGCCAAG,286
ATCATGCCATAACGAA,286
ATTCAAATACCTCATG,286
CTAATTTAAATGCTCT,286
GCATACATTATACTTA,286
TTTGCAAAAAACAAAC,286
AACAGTACACATAAAA,285
AATGTAAGCCATGTAA,285
CAATGTAAGTAATATC,285
CAGTATACTAAACCTA,285
CCCTTATACGGCCGCC,285
GTATTCATCGACCCTA,285
AAGTCAAACAAGCACA,284
AGCAGCGCTACTTATA,284
CATGAAAAACTTTATT,284
GAAGGGTAGAAAAATT,284
GATAAGCTGAGGCGTC,284
GATCGAAACGACACCC,284
TGCGTCCCTAAATTGA,284
AGAATAGTGTATCGCT,283
AGACCAAAGCGAAACT,283
CCACGACCTGAGTCCT,282
CTCCGTAAGCTAAAAA,282
AAACCGCAGACCAAAT,281
AAGATCTAGCATGTCG,281
ACTAGTACACTCACGA,281
AGAAAAGAAATAAATT,281
ATGAATGCAAAGTGCC,281
CGTTCCTGTAGTGGAA,281
CTAGGTATGACATAAG,281
GGGACTTCGGTGTTTC,281
TCAAGGCACTGCCCTG,281
TCATTTTCATGTTTTA,281
AGATCAACAAGCCGGG,280
GCCAACTCAAACCTAG,280
GCTAAACATCAAAGCG,280
GGAAACATTGGTCCGA,280
GGACTCCCATTTTGTC,280
TGAGATGCGGATTATC,280
ACATCTAACAGCATCG,279
ATAGGCGTAGACCGAC,279
GACAGAGCCACGCACG,279
GGATTGGTCGGGATCT,279
CCACAGCCAGGTGTTC,278
CTATTGCATCCCCGTC,278
CTTCTCGATGAAAACG,278
GAATACCTAACATCTC,278
AAGAGGCACTCGAAAA,277
AGATTCCCACCGGAAT,277
TGCTAACGCAATCGTC,277
TTACTGCCTGAGAGTC,277
AATTAAATATGCAATA,276
ACTCCCCAACAGAAAG,276
TAGACAGACGATCATA,276
AATACTACTCTGATTC,275
CAACATGACTAAGTCA,275
CTGCATATCATGCAAA,275
ACAAAACAGTTGGAAA,274
ACAATAATTGACTTAA,274
ATTAGAATGTATAATT,274
CGAATATCCAACTAAA,274
CTACAGTTTCATAACA,274
GATAAGAGACTCTTTG,274
AATTCCAGTTGATTGA,273
AGAATCGCAAGTATGA,273
CATCCCACCTAAGCCA,273
TAAGATCATAAAAGTC,273
AAATCCAATAGATGCA,272
AAGTCCCAAGCCTTTA,272
ATCATGCTGGACAAAA,272
CAGGAGCTCACAAGTA,272
GAAACTTTTCCTGTAG,272
TAATGATACCAAATTC,272
AGAAAATGATTAAAAA,271
TTCATCAGAGAATCGT,271
AAACACACACCGATAG,270
ACTCCTCATGAAAACA,270
ATTAGCCAGCATAATA,270
ATTTTCCCAATCCTAA,270
CATTAGGTAATAATAT,270
GTACATTGCCCAAAAA,270
TTTGACGAGACTATGT,270
AACATGTGACACTAAG,269
ATAATGGGCTAGGCAT,269
CATGTTGTAAGCTTGG,269
TCGTAAAAATAATATG,269
TTACACCGGGGAATAA,269
AACCTCGACAAATGTA,268
ACTCCACTTTGCACCT,268
GCCCTTATAGAATACA,268
TATCTAGGCATTCAAC,268
TGAAATTAATACTCAC,268
AACAATCACTCAAAGT,267
AATCAGACCGTTGAGA,267
GGATACGACATCCATG,267
GTGTGTGCTTTATGAC,267
TATTTAATTTGGTTTC,267
TTATGATAAACTGCCC,267
TTGAATGTTAGCCAAA,267
AAGTGTAATCACTTAT,266
AGGCTAGGTATCATGT,266
AGGGGATTAGCACAGC,266
ATTAGCAGCACAGTAT,266
CAGTAATATACAAATT,266
TGAACATTGTGACTAG,266
CAAGTGCCTAAAGTGA,265
CACGAGCCCCTCGACG,265
CATGTAGCATTGCATA,265
GACACCATTCTTACAG,265
TGCCAAAACTCGAAAA,265
TTAATGCTAATTGCTG,265
AACGGCATATTGATAT,264
ACACCTTTCTCAACTC,264
CCCGACAGTACACTCT,264
CGCCGAAACTACCACC,264
GAAAGTCATTCACGTT,264
TACCGTAACAGTACTG,264
AAGATCACGCATGCAC,263
AATTTACTTTCAGTAC,263
CACTTGATAAATGTGC,263
CCCACCTCTCGTAGAG,263
CCGAGCTGACGTATAA,263
CTACTGTATTAGAACT,263
CTATGGCAAGCATTTA,263
GGAGACAGCATAAACA,263
TAATGGTATGATTTAC,263
TGTTCCCAGTCGAGCA,263
ACTGGGACAGGAGCGT,262
CGTTACAAACGTCCGT,262
GATGTTCAAACAGCAA,262
GGATGTAATGAAATTG,262
TAAGATGATGCATAAC,262
TGGTAATAGGTCATCA,262
AAGATGTAGCAAAATC,261
ACCTACAGCCCTACAA,261
AGCAAGGCAGAGGGAT,261
CACGTTCTCAATTGAA,261
CAATCTCAGACCTCCC,260
GGCTACAGGCTACTAT,260
GTGCCATTCTAGGGAC,260
AACATTTAGACGCCAC,259
AATTCCGAAATAACAA,259
GTACTTAATTATCAGC,259
TTCGAGTTTTAATATT,259
ATACACCCAGACGGAT,258
GAAGCCGATGATACGT,258
GCCCCAGATGGCGTAT,258
TCGGTGCCGAACAATA,258
TCTAGCAAATCAAGAC,258
AATGAGCATATCTGCC,257
ACTACGTCTAGGACTA,257
GATACTACAACCCGCA,257
GGCTGAACAACCAAGC,257
TTCCCCAGTCACGCGT,257
AAATTACTACACCCTT,256
AAGACTGGTAGATTCA,256
AATACATATTAGGAGG,256
AGGTGATTCACAATCT,256
AGTCGCGATACCCGCC,256
CAGATCGGACTCAATC,256
CTTTGATATTAGGTCA,256
TATGTACTATAATTGA,256
TCGAACAAAGACTGAA,256
ACTAAAGGGTCCCTAT,255
ACTACAAGAACAGTAT,255
CCGAGCCAGCGTGAGT,255
GTCCGAGCTTAAAGGG,255
TCAACTTAAGACTCAG,255
ACTACATCGAGCATGA,254
GTCTTTATGTACATAG,254
TAAGTCCCTAAGAAAA,254
TGGTTGACAATTGACC,254
AATTAACAAGGCAAAC,253
AGGCTACGCGTAAATC,253
ATACTAGATTATGTCC,253
CAGAGATTTCGAAACG,253
CATATCGGCACTAGCC,253
CTTCTCTTTACCTAAA,253
GCAAAGATTAGAAAAC,253
GTTATACACTCTCGAG,253
TAAATAAGGGATATAT,253
TTGGGTAAAATCCGGC,253
AACAAGACTCTTGGCC,252
ATCTCGACTTCAACTA,252
TACCACAAAAAAATGT,252
TATTGCCGATCAAGGC,252
TCTGTTTGGGCAAAAT,252
AACGTAGAAAAAAACT,251
ACTGTACGAATCGCTT,251
CCAATTAAAGCCCCTT,251
CCTGACTCGAACATCG,251
CGTACCCCTTTAGCGG,251
CTTAGATGTGCCCCCA,251
GATATATAATCAGCCC,251
TACTGTACAATCTTCC,251
TAGCGTCTACCCATTG,251
AAAAAGTAGAGAATGA,250
ACACCCGCGAGATAAC,250
AGCTGAAAGTACCATC,250
ATCTCACATAACATTT,250
CCCACAATAACGGGAG,250
CGGCATCATGCATCGT,250
GTTATTAGAGTGTGGA,250
TAGTCGAGTTTAAGCC,250
TCAAAGACCAATTCGA,250
TCCTTTTCCCTAACTA,250
TCTAGCGAAAAAATGC,250
AAAAAGACATATTGCT,249
AACACCTCACAATAGA,249
AACAGCAGAAGAAGAG,249
AAGTAACACGCTTCTA,249
AGTATTTAAAACAAGT,249
CGATTAACATTGTTGT,249
GCAAAAACAGCCCACC,249
GCCTCTATAAGACAAA,249
TTAACCCATGCAGAGA,249
TTCCTAGCATATAGAA,249
AATGCGTGAGTATAGC,248
ACGAGTACCGAGATTA,248
ACTACACTCTTCACTC,248
ATCAGAAGTATAAACT,248
CACGACTGCTGCGCCC,248
CTAGCACGTGTAAAAA,248
TCAAGAATTCAATTTA,248
AAAGTGCGGTATGCCA,247
ATTCTAGCTTGCATAG,247
GAAATGTCGTTCTATT,247
GCGCTCATTACCTATG,247
TCCCAATGGTAATAAT,247
TCCGCCATCCCGAACG,247
TCTGAGTTAGATTTAC,247
TTCCAGACTGGCATGA,247
AATTCGCTCCCATATA,246
AGACGTAAACTAACTT,246
CTAATACCGGTACAAC,246
CTTTGGCCTCATGTAT,246
GAACTTAGTTATAGCC,246
GGATATAAAAAGCCGA,246
TAGTACCAATTATTGC,246
TGAAATCTTACGAGTT,246
AATGAGTTGAACTAAG,245
CTCGGCCAACCAACCA,245
GTAAAATAAAAGCAAA,245
TATACTATAAAGTTAG,245
TCCTGCTCATTGCCAC,245
CGGTTAGAATCACCCT,244
CTTTACTTATTTTTTT,244
GCTATACATAGCGGAA,244
GTAGACAAAAAGAGTT,244
TAACGGAGGTACGTAA,244
TACAAAATAATTAACA,244
TTATATAGGAACAAAT,244
AGTAAAAGATATTGCG,243
ATCTTCATGCACTACT,243
CACCTAAATTCGGCTA,243
CCCTTTAGAATTATTT,243
TGTAATTCCTCACCTA,243
AAAAGAATGATAAAAA,242
AATTAGAGTATCGCAA,242
ATAACATTTCAGTATT,242
ATCATAAAAAACACAT,242
CCTAGTTAAAGACGAC,242
CTTAAAGTGTAAAATT,242
GATTTTATAGAGCTTC,242
GCTTCTTTCAAAAATG,242
TAGCACAGAAACACAA,242
AAGTCTCAGTGACGCA,241
AATACCGTATCAAAAC,241
CATAATTTTAAATTGA,241
GAATAGGATATGTTAA,241
GCCGTTACGACATTAC,241
GTCGATCTAATAACTG,241
AATAATTTCAAGTCAC,240
ATGCAAATTGACTACA,240
CAACCCCTAAACCAAT,240
CAGTTCGTAAACTAGC,240
CCCACTAACGTATTCT,240
CGTAAACACTAAAACT,240
TCTAAGCACTATAACC,240
AAAATGGTTTAAATAA,239
AACATTGTTCTTGTAA,239
AAGCCATCATGGTCAG,239
ACAATATTACACACTA,239
ACTTTACAGAATTCTC,239
AGCAAAACAACCGTTG,239
GGCTCGATTCATTGAC,239
TACTGGATTTACCGAT,239
TCTAGGTAAAAAGACA,239
ACGGAGCTAAGTAATA,238
ACTGTAACTATCAATA,238
ATAGCCAATCACCCCG,238
CGGATAAGATAAAAGG,238
GCGGTTTAACAAGTTG,238
GCGTACATTTGACTAT,238
GGAGACACATGCGTGT,238
TATGTTTAGCCAAACA,238
AAGACTGCCGCTAGTA,237
AATCCCAGCACGAGTT,237
ACGCTCCCCTAACTTA,237
ACTATAAGGTAGACTT,237
CAGGTATACGTACCCG,237
CATTCGGTAAAACAGC,237
GCAGCTGACGTACAGT,237
GGATCTAACCCTAATA,237
TAGTATTCAGAGCACC,237
TGAGGTAAGGATCAAC,237
AAGCAAGCTCACAATA,236
CCTGAAATCTGTTAAC,236
CGTCATGGGTGCTCCA,236
CTATATGCTGATCAGA,236
GGGAAATGAAAGAGGA,236
GTGCTAGTGAGAACAA,236
GTTCTACTTCCAGAAT,236
TATTCAGATAATTATT,236
AATGCATACAGAAAGG,235
ACCCAGCAAGTGCTAC,235
ACCTCACGCAGAATAG,235
CCAGTTCAATATAACA,235
GCCTTTTGTGCCCCAG,235
AATCGCCACCCCGTGT,234
AATCTTTACCCATCAT,234
AATGCCCACGTCTTTC,234
AGCCGATTAAACGGTT,234
AGCTAATTAGCATGTC,234
CAACCGATCTCCTGAG,234
CAATGATAAGCCTTCA,234
CCGTGACATGTCATAT,234
GATAGCGAATTCAGAG,234
TAACTACATTTCATCA,234
TTACTAAAACGCACAC,234
TTCAGGGTTGCAAAGC,234
TTTAACCGAACGACTC,234
AGACTATGCCATCCCT,233
ATAGGCAAACAAGGGC,233
CAAGCGATCGTACCAT,233
CATATGTGCATGTCCT,233
CATGATCCAGTTGTAA,233
CTCAATCAGTGAGACA,233
GACGTAAACCCACACT,233
GCGGAAGTACATGAAT,233
GTCCAACGAAAGCATA,233
AACCGTCATTAAGAGA,232
ACAGAGGATCACGCTA,232
ACATGCGTAATTATCC,232
CGAAAGAATGACGCTT,232
CGTGACAGTCGAGACA,232
GAACCTGAAGCGGAGA,232
TGGGCACTAATCGTGT,232
AAATCCACGATGGAAC,231
CAAAACAAGAGGTAAA,231
CGATTCCGTGATGAAC,231
TGCCTTACCTAACAGG,231
TTTCCCACTGCATCAC,231
AACTTACGCCTAAGAC,230
AGAGACGTAGAACCTT,230
AGTAAATACATTTAGG,230
ATAAGAGGATACATCA,230
CCTTTATGTTATAGTC,230
CTATTGAAACCTTGCA,230
CTGAGGGCACAAAAGG,230
CTGGCACTATGAATAA,230
GCCATCGTAACGAATC,230
GTATAGTATTCAGTGA,230
ATCGGACAACTGATCC,229
CACCAAAAACTGATAG,229
CCAATTTCTAATAGAT,229
CGCATTGGCAGCTTTG,229
CGGACCAAACGACAGT,229
CTTATCATAGTATAAG,229
GTTACTGAATGCAGTA,229
GTTTACAAATTCTTAG,229
TAATGCACTTAGCCAA,229
TACGCCAATCTCTAAC,229
AACTGCCTTACTTAAA,228
ACTCAAACATTTCATA,228
AGACTACTAGACACAA,228
ATAAGTACTCAGCCAA,228
CGATTAAATGCCGACC,228
GATTACACGCCCCAAC,228
TAACAATGTGCATAAC,228
TCATGCTTACCAGCGA,228
TGGTATAAAACATTCC,228
ACACTAAAATTTTAAT,227
CACACGCTCTCCGCAA,227
GAATAAAAAGTGCTAG,227
TCTCCTGCTGATTCTG,227
TGTTTGAAATTCGAAA,227
AAGTGTAACCGATCTA,226
ATCAGGAATTTTATTA,226
CTATAGAGTGAATTAT,226
GGAAAACGCCCATATG,226
TAATTCATACGTGAAT,226
AAACTAAAGCAGTCAT,225
CAGCATGCTGCCTTAG,225
TATCTCCAGTCAAATA,225
TCATAGAATCATATAC,225
AAGTTAAGACACCCAA,224
ACTGAGTAAGCTTCCC,224
AGACATACGAATCACG,224
ATAACTGTGATTATCA,224
CAATTTATCATTACTA,224
CACTATAGCGAGGAGC,224
CTACGACCTGATTGAT,224
GAACTGCCTTAAGATA,224
TAAAGAGATAAAAAGT,224
TGAATACCAATGCCGT,224
ACACATTGAAAGGCGA,223
AGAAAGGATTCCATAA,223
AGAACCCCAAAACCAC,223
ATATGAATAACACATA,223
ATGGACGGGACAACCA,223
CGCTGATAGCAATCCT,223
GGTTTACCAGAATCCA,223
GTGACCCATGTACATG,223
TACTCGAGTCTAAAGC,223
AACACCAAAGGTGGAA,222
AACCAATAGCCAAAGG,222
AACCCGTCCATTTAAA,222
CACAGATGTTAGATGG,222
CAGACGTGGATCGCAA,222
GAATGATTTAACTAAT,222
GGTCGTAAAATAATAG,222
TAGATGTGGACCCACA,222
TCATCTTTGCGTAGAT,222
TGAAGCCAACAAATAA,222
TTATCGTAGCAGCAAG,222
AAGCATATGTGTTTAT,221
ACTCTTCAATTCAATG,221
AGAAAGTGCATAGATC,221
AGATATCTACAGTACC,221
CAAGGCATGATGCTCT,221
CCGCGAGGAACTAACA,221
GACACGCCTAGAAGCC,221
GTACCCACCATGTTAA,221
TCCCAATTATAGCAAT,221
TGTACCATCTTTAGAT,221
AGCCCATAACTCTGAA,220
CGAATCGTTCATCCAT,220
GAGAATGACGGTGTAT,220
GCAATCAAGATTTTCC,220
GTGATTTACTATAATC,220
GTTAACCAAGCCACAG,220
TGCGTAATTCCCGGAA,220
AACCAACAGGACTTTA,219
ACCACACTTTAAGTCG,219
AGTACTGCAAAGAGGA,219
ATAAACGGGATATACA,219
CAAGCTTAAAAATAAA,219
CCAATTTTAATCTAAC,219
TAACCAATTCAACAAA,219
ACTGAACGCGGTGCAA,218
CCAGCGAATTAGAAGC,218
GCCTAATGATGTACAT,218
GTCACGATATGAAACT,218
TCCGGATAAGTTACAG,218
AAAAGGACCATTATTC,217
AAACCTACTAAGATAG,217
AACAGCCGTTAGAAAG,217
AACCAGAGCGATAGTG,217
AATATCAATAGGTAAT,217
ACAGAAACCCCTCGGG,217
CAAGTGGTTGCGTAGT,217
CAGGATGACTACATTA,217
CATAGGAATCGGTACA,217
CGAAAACGACACGGAC,217
GAGGGCCGTAACTACC,217
GTTCAAAGTCACATAA,217
AACTTATGAAGGTTAA,216
ACCTTTAACATGTGAG,216
ACTAAAAAAATGGGCA,216
AGAAGTGCCGAAATCA,216
ATTGCCTTGTCATCGT,216
CATTAGTCGGTACCCA,216
CCTGTAGAATATTAAA,216
CGATAAAGGGATTAAA,216
CTTTCTTGCTCCATGA,216
GACTTAAAAGTTTCAA,216
GCATATAAATACAGGG,216
GTATATTCAGTTCTTA,216
TATTGCTGGAATACAT,216
AAAAAGGCTGAGTCTA,215
AACAAGATCGAGATTC,215
AACCCACACACAATGG,215
AGTCAATCCAAGACAA,215
CAAAACGCCATACAAT,215
CTGTAAACCGTTAATG,215
TTCAATAAGATGATAC,215
TTGTCTGGACCGGGGA,215
AACCATGCGACTACTT,214
AAGTCATCGGATAAAG,214
AAGTCATTTCAAAGGA,214
CAATCCTATACGAGTC,214
CTTATACGTGGGTTGC,214
GATAATTTAGTCCGGA,214
GATCCGCACAAGTAAA,214
GCAAAAGAATAAAAGT,214
GCATGAACATACTCTG,214
GTTCTAAAGCAAACAA,214
TAAGTACAACGTCATG,214
TACGGGACTGCGTATC,214
AGATCTTATCGCGTCC,213
ATATCCACACCCGCCT,213
GTATATAACTCTCTTC,213
TCGTAGAATAGTATAA,213
TTACACACCTTAAATG,213
ACCACCTTTCTACTCG,212
AGCAGGAATGAAAGCC,212
ATACACTACCATAGGT,212
CAATTTCGAAGAATGT,212
CACTGCCGGATAAACA,212
CCATGGCCGCCAAATT,212
CCCCCTAGATATACCA,212
CCGTAGTTTGCTGATG,212
CCTTCCACAGCCGTCC,212
CTTCGTCGTTTTAGCG,212
GATAAAGTGTGACATC,212
GGTATAGCGACTGTGG,212
TACACAAAGATACAAA,212
TCATAGCAATTCGTGT,212
TTATAGCGAATCACAC,212
AACCGAGATTAGCGAA,211
ACGTTAACCTAAAATC,211
ACTTCTAATTGCGATG,211
AGTGAGAGAGTAAGAC,211
ATCAAAACATTAACGT,211
ATCGGTTCGATCGTAA,211
ATCTCACTACCAGACA,211
ATTCGAGAAGAGATCG,211
ATTCTAAAGAATAATC,211
CCCCATAATTGCGCCC,211
CCTCAGAGATGTAAAG,211
GAAAAAATCAAAGGCA,211
GCCTCTATGAAGTAAA,211
GGAAGTCCTTATCTAA,211
TAAAGCCATAGCACCT,211
TCGATACACTTATCTC,211
TTAAACAAACGAGTAT,211
AACGAAGTGTCGATGT,210
AGACCGACTAATCCAA,210
AGGCAGACTTTAAGAT,210
ATAAATACATTGGCCA,210
ATAACTCCAGATTCCC,210
ATAATATCCCTAAAAG,210
CATCCTTGTGCGCTAA,210
CTACGAAAACATGAGA,210
CTTTAGACTCCTCTCC,210
GGAAAAAAATCGGTGA,210
GGTAGCCACCCATGTT,210
TAACACTGCTGACACT,210
TTTACTGTGGGATCTT,210
ACATTCATCAAAGAAA,209
ACCTTAACATGTACCA,209
ATCTCCACAAATAATT,209
CACTCAAAATACAGGC,209
CAGACCGACCACACTT,209
GAACTTAAAAGAGGAA,209
GCAACAGTAACTTAAA,209
GCCAAATCTGGACAAC,209
GCTTTTAAACTTACTT,209
GGAACTAAACGAATCC,209
GTTTTGAATCCCAGAA,209
TCTAAAACGCCTTTGA,209
TTCGTATTTTACGGTC,209
TTTCTCTATAACACGC,209
ACACATGACAGTTGTA,208
ACGAAAAAATTACTCT,208
AGAAAGCAAAGGACAA,208
ATTGTCCTCTGACCAA,208
ATTGTTAGGCATCGCA,208
ATTTCTGTAAGAAACT,208
CGCTGTTGTGGTTCGA,208
CGTAACCCATGATAAC,208
CTTACGCAATATGCAA,208
GAGAGAATTGATACCA,208
GCAACACACCCCATCA,208
GCCGGAAAATCGAAAA,208
GGCAACTCTTTGGAAG,208
TTTACCACGTGACGCT,208
AACACAGATTGTACTA,207
AACAGCCCAACCATCT,207
AATGGTAATTGCTTAA,207
ACAAAGGAAGAATGAC,207
AGTTGTAATCGATCTT,207
ATCAGTCCCGATAACA,207
ATCCGCTCCTATGGAT,207
CAACGTCAAAAGAACA,207
CATTATAGATAGAAGG,207
TTGTTGCATATCTTCT,207
AAAGTACAATACTACC,206
AAGAAAGCCGTGCTTA,206
AATGTTTAAGGGTGGC,206
ACCGCATAAAAGGACA,206
AGACGGGTTACCGAGA,206
CCAAAACCCATACACC,206
CCCGATCCTTTTCTCC,206
CGACCTTATCCGTCCT,206
CTGCCAAATCTGGATC,206
GAATTAATTATGCTGA,206
GATCTACTAGGGCTGC,206
GCATAAGAATACTCTA,206
GCTGGAAGAGTATAAA,206
GCTTCACGCTTCAATG,206
GGTCGAAGAATTTTCT,206
TCACTGTTACAACCAA,206
TCCCACAGCTTAAGGG,206
TGTACTATCCATAACC,206
TTTAGGCAAAATTAGT,206
ACGTGAAGCTTCCTAA,205
ACTCGTCCAATTCAGG,205
ATAGGATAGGCATCCG,205
CAGAAACAGAGCCGAC,205
CCATCCTATAGATAAT,205
CCGACTGAAGCCATCC,205
GCTAACATATCCAATG,205
GGACCCAGGATAAAAC,205
TCTTTATTAACCATAA,205
TTTCGCTGCCTCATAA,205
TTTGCCCCCCAAAATA,205
AAACAATCACACAATT,204
ACTGTTTCAAAGGTCG,204
ATTACATGAGGCGGCA,204
CACCCCTAGGGCACCA,204
CGTCCCGACAAAAATA,204
CTAGTAATTCAATATA,204
GCGATCCATATCACCG,204
GTAACCACAAACATAG,204
TGCAGGTCCCAAACCC,204
TGGTCTGTGTAAAGCA,204
TTAGTTATAAGGCAAT,204
AGAAGCAAAGCCTATA,203
AGCCTTATAAGATGTC,203
ATGTAACTCATCAAGC,203
CAGAAAATGGTATGTC,203
CATCGAAAAAATATAT,203
CGCAGCAGCAAAACAG,203
GCATGCCAAGACCCTT,203
TAGGATGTGGATACCT,203
TCTGGCACAACCATGG,203
TGAAACGCAACACTTA,203
TTAGCCATGCAAACCG,203
AAAAAGCCATCAGAAA,202
AAAGGACAAGGCAACC,202
AGCCCTGCATGCCCGT,202
AGGTCGAAAAGTAAAT,202
ATGACCATGACGGATT,202
CAACGCATCATCCTAC,202
CCTTTCACCACAAACG,202
CGCGCAAAACAACCGG,202
GAAAGTATAAATGCTG,202
GAATATCATAACGGAT,202
GCTAGAGCTTGTGCCA,202
TATCGTCACAGTCCTA,202
AAATACAATGTTGCAA,201
AACAGTATGGCGAACA,201
ATTGTATCCTAATAGA,201
CCATCTCAGCATCCCG,201
CCCACACGGATATTAA,201
CTAGAAACATAGTCGC,201
GAACAAAATACACCGG,201
GACCTCCGGCACCGTC,201
GCAACAGATCATCACT,201
GCTAGACCTGTTACTA,201
TATATCCAGCCGAAAA,201
TGTAAGAGACAATGTT,201
TTGAAACCCCTGTACC,201
AAATTACACTAAAAAT,200
AAGAGAACGATGTATG,200
ATCATATGTTGAGAGT,200
ATTAACATAGATGATA,200
CACTAGATGTAACTGG,200
CCAACCACGAGTAGAT,200
GAAACACAACTGTGCA,200
TGGAGACTAGAAGAGA,200
AAAAATAGTCGAGAGC,199
AAATATCAAAAGGGAA,199
ACAATTTCCAAGAGTC,199
AGCGTTAAGTCAGTGT,199
AGGATAAATTATGGAC,199
ATACCGAATTCTAAAA,199
CACCAGAAAATCCCAA,199
CATCAACAATCATGGA,199
CCACTCGGGCCAATCA,199
CCGGTTCGCACTCCAG,199
CGGACGAAGTACAATC,199
GAACACAACGCGAAAT,199
TTGTGATTTACCGTTA,199
ACCAGAACCGGCATCA,198
ATTAGTTTAACTAATA,198
CAAGTGGGAGCAGGAT,198
CTAACACCATCAGCCG,198
CTGGTCAAAAAACTCC,198
GGAATAATTATTCGGG,198
TGATTAGGACATAACA,198
ACCGTGCCGATCTGAA,197
ACGGCCTAAAACCCCC,197
CAACAAATGCACCTAA,197
CACTAGTCGTCGAGTA,197
CGATCCCACTTTACTC,197
CGTAAATTCAGCCTTA,197
CTTATACGAATCCGCG,197
GAATATTTGCCAATGA,197
GAGTAAACCAACAACA,197
GTAGAGACTGACGAAA,197
TATACGGATAGTTTTT,197
TGCAAGCGTAAGAGCA,197
TGGCTCGACAAATAAC,197
TGTTTTCAAAAATCAA,197
TTAAATGTTAACCTGA,197
TTAACATCGGCCTGTT,197
AAACGTAGTTAAACTG,196
ACAAGCTTACGGCCAC,196
ACCGTCACCGCTAAAA,196
ACCTCCGATCCCGTCC,196
ATCATGGCTGTCATTT,196
CACAAGGCAAAGTTGA,196
CAGGTCATACACAACA,196
CATCGTAGGAATGGTA,196
CCACCAAATTATAACA,196
CGGTAGCGATAAAATA,196
GAAAAGTATATTTAAG,196
GATAGACCCAATAGCC,196
GTGATTAGATTGAATG,196
TAGTATATAAACTTCA,196
TTATCATCCACAGGAT,196
AACCTGCTCTCTAGGA,195
CTTCCGTTATAGCGAG,195
GCACTGCCAAATATAC,195
GTAAAAATAGACTCAT,195
TAGTGTCTAAGCTTTA,195
TGATCGATGTACAGTG,195
TTCGGGTCAAATCCTG,195
TTGAGTAAGGGGGCAT,195
TTGCCCGTAATCAAGA,195
AAGTCAGAGTCTAGGA,194
AATATGCTAGGGAACT,194
AATCACAAGCGTTGAA,194
ACAACGTGCAATAATG,194
AGCTTATCCTTTATAA,194
ATGGTCTTTATGAGTG,194
ATTAAAATTGTTCCGA,194
CAACAGCACCTGATAT,194
CCCGAACTTAAAGTCC,194
CGCATTGCGTACAACG,194
GCATAAGGTACAGGTG,194
GGATACGCCGTCTAAC,194
TAAATTCGGTACAAGA,194
TAAGCAGCACCGGAGA,194
TACGAGCGGTACTGAA,194
TAGGTGTCTGATACTA,194
TATGCATCTTCCAATT,194
TGACTGCAGGTACTAT,194
TGTTTACCACTACACT,194
TTAGACAAAAACATTA,194
TTAGCGCTTTTATTTG,194
TTCACAACTACCGTTT,194
AAATTGTCCAAGAACA,193
AACAGCGTCCTATAAA,193
ACGCAGATGCACTTAA,193
AGGCCGATCGTACTCA,193
AGTAAACTTAGATATT,193
ATATTTCCACTCAGAT,193
ATGACTATAGCCACTT,193
ATTGGCAGTTGGGACA,193
CGCAACAAGTACCGGA,193
CTATCATCTCACATAT,193
GAATGATCAGCACTAA,193
GCTCTTAATTGATTAA,193
GTTGCCACCAAACCCT,193
TTAGAGTCGTATAATA,193
CAATGACGAAGAAACC,192
CCAAACTTGCTAACTA,192
GATAGACGAACACGCA,192
GCAGTGAGGGGATGGT,192
GCATACTATGTCGTCA,192
GGTATACCAACATAAT,192
TAGAACAAAAGCCCGC,192
AAGTAATAACGTTTAA,191
ACTATTATAGAACGCA,191
ACTCGACACACTCTTT,191
ATAGGTTATGAACAAT,191
ATCCTTGAATAAACAT,191
CACTATGGAATCTTAC,191
CATTCCCCGGAATCTG,191
CATTGGAGGCATAAGA,191
CCAATAGTCATCAATA,191
CCCCAATCCCAGCAAG,191
GAAACGTAATTTTCAA,191
GAGCGCACCGGCGTGG,191
GCAACGTTACAGTCCG,191
GTCACTAGCAGGAACG,191
TAAAGTACTACCAATG,191
TAATATAGGTTGAGGA,191
TACTAGGATACTATAT,191
AAAAAGCACCTAAGAC,190
AAGATGAAAATCACCA,190
AAGGATCAGAACATTA,190
AATAATACAAATTAGC,190
ACTCGTAGGAAGGACC,190
AGAAAAGTAATCCGTT,190
AGAACCACATGTGCCC,190
AGTTATGATCCAGGCC,190
ATTACTCAATTGATGG,190
ATTCCTTACCAAACAT,190
ATTCTTTTAGGCCATG,190
CATTGAACGACAGATA,190
CCTTACCGTCATCAGT,190
CTGGTCAAAACATCGA,190
CTTCATAAAGAAGCTC,190
GAGGTAGAAACTAGTA,190
GGCCCGAATCTACAAG,190
GTGCAAAAGTCAGGAC,190
TAACTTGCTCTTGCTG,190
TATATAGAATAGACCA,190
TGCAAATACACACAGC,190
AACAGAAAAAAGCTAA,189
AACCCCTCTTACACTT,189
AGCCAACCCGGTGAAA,189
AGCGACAAGGTAATGC,189
AGTCATCTAAATATAA,189
ATTGAAACTATTACGC,189
CTTACATAGAGGAAGA,189
GAGTAAATCTGATAGT,189
GCACAATACAAAATAG,189
GCTTGATATGTAGATA,189
GGAATAAAGCTCCAAG,189
TAACTAAAAATCTTTC,189
TACTTATCACATCACT,189
TAGTAGTCTTATCATC,189
TTAGAGTACTAATAAT,189
TTTAATACCATACTTG,189
ACATTTTACGTTCCAT,188
CCAAGTTTCCCTGAGC,188
CGATGAACAAAAGACC,188
GCCGATGCTGAAAAAG,188
GCGTTCTAGAGAAAAG,188
TAAGTTTGGTAAAAGC,188
TTTGTACATACCAATT,188
AAGCCACAAATGCTTG,187
AAGTATGAGACGCAAA,187
AATGACAGAGCCTCAT,187
AATTTAAACGTTTAAA,187
AGTCGCTCATGTCGAA,187
ATACAAGCAGGCACAG,187
CAAACTAGCGGCCAAA,187
CATGTAAGCATCAGCA,187
CTAGCCATACCCAGTA,187
GCCTGGAATTAACCCA,187
GTTATTCCCAAACACT,187
TACTCCAACGATACGT,187
TCACATGCGTTTGAAC,187
TCACCCACCGATCGGT,187
TCCCGTTACGCGGGCG,187
TCCGGAAACAGATCCC,187
TCCTTATCGAAAATAT,187
TTATCGCTTATACCAA,187
AAAAAACGCCATTATG,186
AACTCACCCATATGGA,186
AAGCCATCCATTACAC,186
AAGTTCATCATTCAGA,186
AGCTTTATAAAAAACA,186
CAAGCGAAACATTAAA,186
CATATAACAACTTTGC,186
CATGAGATTTTTTGGG,186
CGCCCAAGCATGAACG,186
GAAACTTTTGTTAGAG,186
GAATGGGGTTCGTTGT,186
GACGTATTTTTACTTT,186
GGCATAATAAAATGAA,186
GTGCAAATCTCAAGTC,186
GTTCATAGCGCCTTCA,186
TACACACAACTGGAGG,186
TTTCAAAATAGACTAA,186
AAAGTATGAGCCGTAC,185
AAGTAAACGTGGAATC,185
AATATTAACCTTTACT,185
AATCATAAAGAAAATG,185
ACAAGTTTGAGTTGCA,185
ACGCTTATGATTTATT,185
ATGAGATTCTCTTCGA,185
ATGGGCATCTCTACCA,185
CGTTGAAAGCGTCCCT,185
CTAACTAAAGCCCATA,185
AAGAGAATGTAATGTC,184
CCAGCGGTCTCGATTA,184
CCCTGAGGGATAAACA,184
CTGGTTAACCTTGCGT,184
GATCCAAACAACAGCA,184
GTTGAACAGTCTCAGT,184
TAGATTCAAGCCCAAG,184
TAGTAATGAAGAGAAC,184
TCCCACACTAAACAGA,184
TTAGTTAGCTTCCTCT,184
TTCATATGTTATAAGG,184
AACTTAGATCTAGTGG,183
AAGTGCAAAACTCACG,183
ACTGAACCATTCGGAA,183
AGAGAACCCCATATTC,183
AGCTCCCCATGGAAAC,183
ATAACTTAGGATACAG,183
CAGTCCCAACACAACT,183
CCATGACTATTTTTGC,183
CTGCTAACCCGGTTAA,183
CTGGGAGCCTAAATTT,183
GACTAATTAATAAGGC,183
GGCGCCCACACACATC,183
GTAATCACTAACACTC,183
TAAAAGCAGTAGGCCC,183
TAATTTTAAGTAAGTA,183
TATGACAAATTAGCTA,183
TCTTAAGCGACGACAT,183
TGAAGTGTTAATCCTG,183
AACAAGGACTGTTTCG,182
AACAATAATACATGCG,182
AACGCACCAATCATTG,182
ACTCTCCCACTGATGC,182
ATTTGGTACATGAACA,182
CAGGCTATACTAGATC,182
CCTGATAGCAGTCCAA,182
CTAGCAAAAGATGAAA,182
CTATACACCACACCCA,182
CTGTATGTACACCTTA,182
CTTAGAAGGCCCAAAT,182
GAGGTGAATACAAAAA,182
TATACTTTCTCACTTA,182
AAGCAGAATAGTCTCT,181
ACCCAATCCTCGATAC,181
ATAATAATACGGGGAG,181
ATCACACACTTTTCCA,181
CAATGACCAAATGAGT,181
CCACCGCACATTCAAC,181
CGAGTAAACCATTCGA,181
GAGCATAACTCAAGAA,181
GCCTAAATTTACACAA,181
GTAAGATGGAATTTTT,181
TACCGTAAGATTGCCT,181
TCAGACAAACATCCAG,181
TGTTATGACAGACAGT,181
TTCTTCACTGACCCAT,181
AACATCCTAAAAATAT,180
AACTCAAGAGAATACG,180
AATCATACATCTAACT,180
ACAATGCTAGAAACAG,180
ATATTAACGGTTCTAC,180
ATGGTCTACCCTCTTA,180
ATTCCACATAAAAAAC,180
CATAAATTCGAGACGC,180
GACCAGCTGTATAGTA,180
GCCAATAAGCCTAGCG,180
GCTACTTTCTTGACTA,180
GTACATACACATACCA,180
TATCCTATCGACACTG,180
TATCTAAATACGCAAG,180
TTTCCAAGGCGTTGCC,180
AAAAACGTATGCATAT,179
ACAGGATCCTAACATA,179
ACCACCCGTTAGAACC,179
AGCAGTAGGCCCAGAG,179
AGGAGCCAAAGACCGC,179
AGTCGACCCTTTTAAG,179
ATCAAATTTCAGTGGC,179
CAGTTCGTACAACCGA,179
CCAAAATAACAATAAC,179
CGATGGTTACCAAAAT,179
GAATTAGATAGGGTCT,179
GCCAACTATTTAAAAA,179
GTATGAGATGAATGGG,179
TACCTTGGGATATTTC,179
TGAGACTTGGTTGCTA,179
AAATGAGACATACCCC,178
ACACCCTACCTGTTCC,178
AGATGTGTTGCCTTAT,178
AGTCGGAGATAGTAGC,178
CAAAAGTAGAGTCCCA,178
CGATGCTATCAGAAGA,178
CGATTAGGGAAGACAG,178
GACTCAAGGCAAATCT,178
GGCATAATGTAGTTTC,178
GGTATTCACTTCTCAT,178
TAACCCCATAGTAATC,178
TAATCTGAAACTGAAT,178
TAGGAATGTCCAGAAA,178
TAGTATTTGGCTAAAT,178
TAGTGAAAGTGATGAA,178
TCCCCGGTGAAAACAC,178
TCTTTTACGGCGATAG,178
TGATGTAAGCAATGTT,178
TGGAAGGAGTCAAAGG,178
ACCAGCCAGCAAAAAG,177
ACTAATAATTTAAGAT,177
CGCATCTATAATCACA,177
CTCACCGAAACTAAAC,177
GATCGCTTGACTGGTT,177
TAACAAAGAAGGACAA,177
TAGAAATTTCGAATCG,177
TCACTTCCTGGCAGCG,177
TCCAAAACAATGATAT,177
TCCAAAATACGAAAGT,177
TGGAAGGACGGTACCA,177
ACGACGTTAATGTTAG,176
ACTACCGTTTATAGTT,176
AGACAACAACCTAACT,176
AGTCAGAGGCCCTATC,176
AGTGGTCTTACAGTCA,176
ATACCGATCAATCAAT,176
ATCGCAGTAAATTTTA,176
CAAAGAAGATGTGAAT,176
CCTCAAATGATTGAAG,176
CTAGTTAGCAGTAATC,176
GAAATGTAACATAATA,176
GACCATTGTTGCTCCC,176
GTTCGCTGCTATTTCG,176
TAAGGAGGCAGTCAGC,176
AACATGTTACGGCCAA,175
AACTCCAGGTACATGC,175
AATTTCTTTAACTTAT,175
ACATACGTTACTGCTT,175
ACCGTACGTCACTCCA,175
CTAAATAAATTGACGC,175
CTTTATGTGACAGGGT,175
GAATACTACAACCGCC,175
GCGTTCGACGGAAAGC,175
GTATATACCCAAAGTT,175
TAAAAATCACTATCGA,175
AAAAGAATATAAAACA,174
AGGACCAACTAGCGAG,174
CAAGTAACATGGAAAT,174
CACATTTAACACCCAA,174
CATACTGCTAAAAAGA,174
CCAATAGCAGAGAGAA,174
GACAATTCATCAAGTA,174
GGATACAGCATTCGTT,174
TCGGTTATTGTAACAA,174
TCGTAATGCAAGGACC,174
AAAGCCAAATAAGTTA,173
AGAAAACGAATCCATG,173
AGTAGAAATATAAAAG,173
ATTTATCACGTTGGGT,173
CCATATCATACGTATA,173
CCTTCACAAAAGGAAA,173
CTCAGATTTCGACAGC,173
GATACTCGAGTGGGTA,173
GCTGATACAAGACCAT,173
GTAAATAGAGTAACGG,173
GTTCCACGCGGTAACA,173
GTTGTAAGCAGTAATG,173
TAAGTTGAACGACATC,173
TATTCCCAACAACCTC,173
TGAGTGTTTATTCGGT,173
TGCTAGCCCACAAAAA,173
TGTAGCTTGATCAGTC,173
TTAAGAGGTATCCGCT,173
AAGCCCTAAATTTGTT,172
AGCCCCTCAGCACGCA,172
CAATTACCTGGAAATA,172
GAAATCCTACGTACAA,172
GTTCTCATTCCTGGAT,172
TAACACAAGTGCAGAC,172
TAACGTACTTAATATG,172
TACTCCCTTCACGACT,172
TATGAGTCTGCGCTGA,172
TCATATGACAAATAGC,172
TGCTAGTGATGTATAT,172
TTATCCATTTGCTGCT,172
AAATACACACTAGAAA,171
AATACATCAGTCAAAG,171
AGTCAAAATAACTTTC,171
ATCCACTTGATCCCGT,171
CGCTGGATACTTTTCC,171
CTATACCGTGAATTGA,171
GAAGCCAGGGAAAATA,171
GCACAATACGTTAACA,171
GGAGATAGAGTAACAG,171
GTCTCCATTGTTACTA,171
TATTCTTATACTCGTA,171
AAAAAATCATATGTAT,170
AAAAACTGGAACTATT,170
AGGAAACGCGGTAGTA,170
ATAAGGCTCTCACACG,170
ATCTATTTGCTCTTAA,170
CGTCCAGCGATCAGAA,170
CTAGTAGAAGATCTGA,170
GACTATAAGATAAATT,170
GGCTATCTGTCACGAG,170
TCAATTATCATAGACG,170
TCTGCCCTGCGGGCCT,170
TTAACACAGAAACACT,170
TTAGAGACGAATGTTA,170
ACAGCACTATACCAGC,169
ATTATAAAAACGTACT,169
CATACCAATCAGTCCA,169
CTGAAAATCTCTCATC,169
GAAGAGACGGATAGAA,169
GACTGAGTAGGGATAT,169
GCTCAAGCCGTCTCTA,169
TACAATATACAGTGCA,169
TACCTCATACATGATA,169
TCAGACCCTGTACTAA,169
TTATTACCTTAGCTTG,169
TTGCCTGGACATAATG,169
AAATATGATCAAAATC,168
AACCACTATGACCAAA,168
ACAAAAATGTATAGTG,168
ATGAGCGGAACAACCG,168
ATGCAGATCTCTATAA,168
ATGGTTAACAGCTGCA,168
CACGAACTGGAGATGT,168
GATATCAACAAGATCC,168
GATTAGGACTAGCGCG,168
GGTATCCGTTAAACCA,168
TACTTTTTTAAACCAA,168
TCATGATGCTTGAACC,168
TGTTCACAAGCTGACT,168
AACAGATCTAATACGC,167
AATGCCGCGCAGTAAA,167
ACCATGCATTAAAATA,167
AGATCCGTGAACCATA,167
AGCTCTAAATAAGTAA,167
AGTATCATTCGTGGCG,167
ATCGTAGCTGAGTTTC,167
ATTAGGTTTGAGAAGA,167
CAAGTCGCATACATTC,167
CACAACCCGGACAGTT,167
CATAATAAGGTAACGT,167
GGTACCCTCATTAGAA,167
TCCTACAAAGATCGTC,167
TTTTATTAGTAACACC,167
AATTAAAGTACCCCGT,166
ACTAATAAAACTATGA,166
AGCAATAGCTATGTGC,166
ATACATTATAAGAGCA,166
ATACCGAAAGCAATTC,166
ATAGTTACATATAAAA,166
CCTGAACTTTGACTAT,166
GTTTTACATATACACG,166
TAACTACCCATACCAT,166
TGTAGAGACAATGACT,166
AATACGAGCCTCTTTA,165
AATACGTTCACATACA,165
ACGGAACTTGAGATAA,165
ACGGTGAACTTTCTAG,165
ATTACCAAACCTACCA,165
ATTTCTAGAAATGGTA,165
CCGGATGCTATTAGAA,165
CGCACACACATATAGG,165
CTAGCGATACTGGTGT,165
GAAACAAGCGGGCATT,165
TAAACGCCATCGGCAT,165
TGATTAAGAACTACAT,165
AAGCTTATTTTAGCTT,164
AGACGAGGAACAGTGC,164
ATACTACATGGGTTCT,164
ATATATGGATTTGTCT,164
ATATGTTACAGATTAG,164
ATTCAATAGATAAAAA,164
CACTATTCAAAATGAA,164
CACTCAGCACCTATAA,164
CGGCTTTCCGATCTTG,164
CTATCTTCACTACGAA,164
CTCCCTATCAATTAAA,164
CTGATAGACTAATTAA,164
GAATTCCCTAATAACG,164
GATATAATTCGCGACC,164
GTGCCGCCGATACCAA,164
TAAGATATATCACAAT,164
TATATCGAATAAAAGG,164
TATTCAACGTATACTT,164
TCGCTCACCATGCCTA,164
TTACGCGCTAAACTCA,164
TTGCTAACGTTGATTA,164
AACACCGAATATGAAT,163
AACATCGACTGCAATA,163
AGGATAAATTCTTCCA,163
AGTAGGAACCACTAAA,163
ATCCTTAATTACGGAG,163
ATTTATCACTAACCAC,163
CAACTAAATGTAACTT,163
CACCCCAATAAAACCC,163
CAGACGACCAGGCTTA,163
CCTTAAATCTATGTAA,163
GAAGAAAATAACTGAA,163
GGACATTAGCCCAAAG,163
TCAAAAACAGTTCATG,163
TCCAAATTAGAACAAA,163
TGAACATAATATATAT,163
TTGCTAAAACATAGCA,163
AACGTCACATTTCGGC,162
AATACCGAGTGCTCTG,162
ACTATATAATCTTTTC,162
AGATACGATAGAACAC,162
ATAGATGTAATACTAC,162
CAACGGTCTTAGGCAC,162
CACTCCCCCTGAAATC,162
CCCTCCTGTAACCTAT,162
CGATAAAGATAACCAT,162
CTCATAGAGAACAATC,162
CTCCCAATTTAACTCT,162
GGGAAGAATACACTAA,162
GTCTGTCATTTAAGCT,162
TAACCAATGCACTGGA,162
TACTTTAAGAGTCAGC,162
TATAAAATAGCATCAA,162
TGAAGCTTGCATTCCC,162
TTATCTCATCACAAAC,162
AAAGCAGACACAGGGG,161
ACAACAGAACCTAATG,161
ACAACAGGTAATATGG,161
ACAACTGAAACCTTTT,161
ACTGAGCGAAGACCAA,161
AGAACTTATTATTATC,161
ATAATAGAAGCCATCC,161
CGAATAGCTAAACCTT,161
CTACATTCCCATAGAC,161
CTTATTAGAATTCAAC,161
GAAAGCGGATTAATTC,161
GATTAATCAGCTTAAG,161
GCGTTATTCGTACATT,161
TAACAATCAAAAATCT,161
TAAGTGGATGTACCTA,161
TACTGTTAATATACAT,161
TTACGCTAAAAGGCGG,161
ACCTACAAAATAAAGG,160
ACTGACTCTGCAATTT,160
AGCAATTTACATGTAC,160
ATAAGTTATTTGCCAG,160
ATCATTACTGAACTGA,160
ATGATCGACCTTAAGC,160
CAGAACTGTTTGGTAC,160
CATCACCTGTAAACGG,160
CCCAATCTTAGGAAGT,160
CCTAGCTGGTCCAATA,160
CGCGACCAGCTACAAT,160
GAACGCAGACGAGGGC,160
GGATCACGAGCCAATC,160
TACCTACACGCAGGAA,160
TGTATACTCCATTGTA,160
AACTGTGCAGAAGTTT,159
AAGACTTAACTGTACG,159
AATAAGCAATGACGAC,159
ACCGTACGTGCAGCTG,159
AGCTAGACGCGTATCC,159
ATAGATGGTAAGCCCA,159
CTATGTACCCTCCTGG,159
CTTAGCTAAAGGATAA,159
GCATTATTTCATTTCA,159
GTGATCAACATACTAT,159
TGCCTTATTTTTACTG,159
TTAGTAGATCTACACA,159
TTGTAAAAATAATGGC,159
AAGTCCAGTGAATCTC,158
ACTAAAGCTGGAGACC,158
AGACAAAATGAGGAAC,158
CGGGAAGCAATTTCAA,158
CTCTCCGCTGCAAACC,158
GCCTGGTCACCCTTAA,158
GTACATACTGACTGTG,158
TAATCAAAAGGTCATT,158
TATAATCATTTATAGA,158
TTCACTCCCTAAAAAT,158
TTGAAAGTTGGTGCTT,158
AACATACCTCAACCAA,157
ACCCATATCATTAACT,157
AGTATAATATGGGGAA,157
ATGCAAGATTATTAAG,157
CATGCACCCCGCGCAT,157
CCCCGCGATGGTAGAT,157
CTATCCGGGGAAGATT,157
GAATCAAGTAGCATTG,157
GACTATTTCAATTCGA,157
GACTTGTTCAAATATA,157
GCCACACACTGTAACG,157
GTATCCTTTCCTGACC,157
TACCAGAAATAATAGG,157
TCAATAGAGCAACACA,157
TGTTTTCCAATTCTAA,157
TTCTAGGCCATGCTAG,157
TTGCGAGGAGTAGTAA,157
AAAATGTTTGCATCCA,156
AACGAAACTATATAAC,156
AAGCGCTGATTGGTGA,156
ACCGCCTATAGCAGTT,156
ATAAGGCTAGGATATT,156
ATTTTTTAGCCAATCA,156
CATGCTGTCATTAACA,156
CCCCCCAGATACTGCG,156
CGATATGGTGTTATGC,156
CGCGGTTAACCCATGA,156
GATTCGCAAAAAACGT,156
TAACAAGTTACTGTGT,156
TCTCTGTCACCCCATA,156
TTATCATAACAATGTG,156
AAGGGCTCGCTTAGAA,155
ACATATCGGTTACATA,155
AGCCGAACTTCCGACC,155
ATAGCCACAAAAAGTC,155
CAAAATAGGACCTTAT,155
CACCACTAGATATACA,155
CACGCGCAAGTAAGAA,155
CACTATTAAGGTGATA,155
CATCTCAACTGGAGTT,155
CCTGTTGATAACCCCA,155
CGAGACCTATTGTAAC,155
CTGTACAATTATCGCT,155
GCGTCCTATGCAGAAT,155
TACTTTGTACCGCGAC,155
TAGAGACTACGCACAT,155
TCAGAGGCAGAAACAA,155
TCTCATATCACTTCGT,155
TTCATGTCCAAATGTC,155
AAAAACTAGTGTTCAA,154
AAAAGTCCTAACCCAC,154
AAATCCAAATTTACCC,154
ATCAACAGTTAGCCCG,154
ATCAATATAACACATG,154
ATGTTGTTGAATACCA,154
ATTAAAGGACGGATTG,154
ATTGCCTTAGTAATAC,154
CACTGAACCCCCTATC,154
CATGAATTAGCCATCA,154
CGGTCGGCTAGGAGAT,154
GCGAATAATGATCGTA,154
GTGCCTCAAAACTAAC,154
TAACAACAGGAATCTA,154
TACACCGATCCATTCT,154
TCACAATCAGCGAAAG,154
TCCACAAAGGCGGCTC,154
TCCCTGATAATAAAAA,154
TCTATATGACACAGAT,154
TGGTATCGTATGCATT,154
TTAATGGCTGCCGAAT,154
TTGAAATAGCTAACTC,154
TTTCAAGAATGTAATA,154
AAAGCTTGTTATTCAC,153
AAAGTACTTAATATAA,153
AAATCTACACGTTATG,153
AACAATAGAATCAGGT,153
ACTGACAACTACCAAA,153
AGCCCTCAAGCATAAA,153
ATAGCCCTATCTACTG,153
ATCGGAACCACAGGCT,153
ATTCAACTACGAGCAG,153
CAACCTAGCACAAATC,153
CAACTGGTAGTTATCA,153
CAGAATAAGTCAGTTA,153
CATTAAGTGCAAACAA,153
CTTTTGCCAACGTCTG,153
GTATTAACCTCAAAAA,153
TCCAACGCAATCAGTA,153
TCCTGATTCCACGGAC,153
TCTCAATTAAGACGTA,153
TGCACTATGAACGTCC,153
AAGCCAAGGATACTAT,152
AATAGTCACAAAAATC,152
AGGGCATCTTACCAAA,152
AGTAAAATCATCCTAG,152
AGTGAACTTATTCTCC,152
ATAGACAAAATTAGAT,152
CCAAGTGTACCCCCGA,152
CGAGCCTCGTATAAAC,152
CTAACTTATTCATTAA,152
CTACTCACCGTAACGT,152
GACCATTACGACCTTA,152
GATGAGTACATGGCAC,152
GATGCATTGGTTAATA,152
GCAAGGCTAATACCTT,152
GGACAACTTACAAGAG,152
GGCACATGTCCGGCAG,152
GTAACCCGAGACTCCA,152
AAAGATTCACACGCCG,151
AATAGCACGTAACGAT,151
AGACAAACCTAGCCGT,151
AGCTACACACATATTA,151
ATGGACACTCTATGAG,151
CCCAAAGATTAGACCG,151
CGAGACATCTTTCTCA,151
CGATACTCGAAAGCAT,151
CGCTGGAGCTTTCATT,151
CGTACACCTTAAAAAG,151
CTCTAACTGTGGCCTC,151
GAACCTTTAATATCCA,151
GAGCCTATATGTATGT,151
GTATCTGATAACATGG,151
TAACTAACTGTACCAA,151
TAGCTTTATCATTACC,151
TCCCATACATATAAAC,151
TGGAAAGTGGCGTATC,151
TGGTTAGTTAAAACAA,151
TTGTTTCCATGATCGA,151
AAATCCTATGTATATG,150
AACGTAAATTACTGCC,150
AAGATAACAGAACAAG,150
AGAGTCAGCGACAACC,150
AGTTAACATATAGACC,150
ATAATGTGCATCAATG,150
ATCAAAATCTTAGTCT,150
ATCCCTAAAAATACTG,150
ATTACATGAGTATCTG,150
ATTCCTCCAATTACTA,150
CAACGCAAAGTGATCT,150
CAAGTTTGAACAAAAA,150
CATAGAGAAATACTTC,150
CATCCTAAGTCTACGA,150
CCGAAACTTAACACAA,150
CCGCCATAGAGCCCAG,150
CGACACTCATACCCTA,150
CGAGAATATTAATCCC,150
CTACTACATCACAAGA,150
GAACTTAGTAACAAAA,150
GAATTGCCCTAATGCC,150
GCAACTTAACCTAGCA,150
GCTTAAGCACGCTTAA,150
TACACAAGGCAAGCCA,150
TAGTATTGGTAGCTGT,150
TTAGGAAACCGAGCCC,150
AACTAATGCTTACGCT,149
ACCTTAAGACCGTTTC,149
ACGGGCACTTCCTTAT,149
ACGTCACACTGAAATA,149
AGCCCCTCTGGAAAGG,149
AGCTATTCTGACCTAA,149
ATACCATATGTTACTA,149
ATCCACGGTACACAGT,149
ATGCGATTGACTAATA,149
ATGGGCAGAGTAAAAT,149
CCCACTGTTTAAGAAA,149
CTCACGACTTTAGTCT,149
CTCCGACCACTGTATA,149
CTCCTAAACGTTTGCG,149
GAAAAAGGCGATATCA,149
GAAAAGTGAATCATAG,149
GCAGAAAATAACTGAT,149
TAAAACAACAAATGAG,149
TCAGCCCCAACCACTG,149
TCGGACTCCCAAAAGC,149
TGATCTAGTCTAAAGT,149
TTCGACTTATTGGAGG,149
TTGAGATTTAAGGTAC,149
TTGCTGAAGATATGGA,149
AACACAGAATTCCGCT,148
ACACAACCAAACGACC,148
ACATATAGAAATACCA,148
AGTGATACGCTATAAC,148
CAGTTGGCCAATATAT,148
CCACCAAGCATCAACA,148
CTCCGTGCTCATAATG,148
CTGATCATTCAACGTG,148
CTTCATGCAGATAAAA,148
GAATTGTGTGGTCTAC,148
GCAAGCTTGTAGACAA,148
GCTAATTCTTTAGTTG,148
GGCTACGACGTTCACA,148
GGTTGTCGTCACACAT,148
GTGTACCCGAAAGTCC,148
TAGCTAGAGACAGGCA,148
TATACTCAAGAATACA,148
TCAAAGGTCTACAAAT,148
TGAATCCAGCATCGCA,148
TGAGGACATTACTGTC,148
TTCATCGCATTTTTTG,148
TTGAAAATCCCGAGTC,148
AAATGTACATTGGACA,147
AATAGCAAGGTGCTAG,147
AATCCTACCATGGTAT,147
ACTCCATATTAACATC,147
AGAGAAAAGCAGAACT,147
AGCACAAGCCGACTCT,147
AGTTCCGAATTTGCAA,147
ATCATTACTCAAGAAA,147
CAGAAATAATTTGCTA,147
CTTAAATTAATGCCAC,147
GCAATTGAACACGCTG,147
GCTTTTCGTTTACTCG,147
GGAGAAAAGTCAAGGG,147
GTACAGGTCTGTGCCT,147
TAGGAGATTGGCGTTG,147
TATCCGCATCATACGC,147
TCACTATAGGGGCGTC,147
TCTAGACACAAGTTGC,147
TGGATGGGTCATTTAT,147
TGTAGACATAGCGTTT,147
TTATCGAGTCCCCCTA,147
TTATGGATGGATGGGA,147
TTGAATGGAAATTACT,147
AAAAAATGCCATACAG,146
AACGTATCATGCAAGA,146
AAGAGAATAACCCTTA,146
AAGCCCCTCACAGGTA,146
AAGCCTATTGAGACGA,146
AATAGCTAAGTATCTA,146
ACAGGCCGCAATTATA,146
ATTCAAAGAAACACCG,146
ATTGCAACATTCAAGA,146
CAAAAGCGAGACATTA,146
CAATAAGCGAGGAGTA,146
CACGCGTCATAAAAAA,146
CAGGGCTTTGATAGTA,146
CATTTGACAGCGAAAA,146
CGGGCAATCTGCGGTA,146
CGTCTCCAGTATATGA,146
CTAACCAAGAATGTTG,146
CTTATAGAATAGTATA,146
GAACGTACGAATCAAT,146
GAAGTGAACCTTGAAG,146
GAATAACTGTTACAAC,146
GATGGACAATTTGCTC,146
GGAACCCGATGACACA,146
GTAGAACAAAATCGTA,146
GTTCCAATGCTTTCAG,146
TACATATATGACGACC,146
TCCACAACCTACATTA,146
TGAAGACATGTTCGAA,146
TGCCCCATCTAAGCAG,146
TTTTGGAAGCGCAGAG,146
ACATGTATACGCGGCC,145
ACGCTTGACATGGTGT,145
AGAAAGTTAATAATTT,145
AGAGCACTAATACACA,145
AGTATTCCAACCCCAT,145
ATACTGACATAGTCAG,145
ATAGTTTCTGTGGAAG,145
ATTAATCAGAAGCAGA,145
CAAGAACGCATCTACA,145
CACACTCAGACGCGTT,145
CCTTCATCCAGACGCG,145
CTCTTTTCGGAAAATC,145
CTGAGACGAAAATAAT,145
CTTATATATTAACAAA,145
CTTTGATACCATTGGC,145
GTTAAAATTTGAAATC,145
TAATTAGCCTATATAG,145
TACATTATATTGAAAC,145
TCTGAAAATAGGAAAA,145
TTGACATTCGAATTCT,145
TTGTCGTTACAACGCA,145
AAGTCGCGACATGAGC,144
AATCCCTCTAATATAT,144
ACTAAAATTAGGAATG,144
ACTACTAATTAACAGC,144
AGACTACCATAACTAA,144
AGTGAATTATGCGCAC,144
ATCAATCCCTCGATTT,144
CAACCCTCCAGCAAAC,144
CAACTTTCCCCACTTA,144
CATGGCAAGATCGAAT,144
CCGAATCTAAACTCGA,144
CCTACCTAGCTCCAAT,144
CCTCTGCGCCAGGATG,144
CGGCAACCAAAAGCCA,144
GAACTAAACTGTTACA,144
GAATCGAGTTACGATT,144
GGACAAGACCAAGTAA,144
GTAGTTCGGTGTACCC,144
GTATATTGAGTGTAAA,144
GTTTATCAAGAGTGGG,144
TAAGCAAAACCATGAA,144
TAGACCTGTCAATATA,144
TTGTTATCTGGATTAA,144
TTTACGATATAAAGAC,144
TTTCCACATCCCTACA,144
AGATTTGGAATCATGC,143
AGTATATATAGAATAC,143
CATTCCTAAAACAAAA,143
CATTCTAAGATATAAA,143
CCTACCCTTCAATATG,143
CTATGCATTAAGATCA,143
CTGACTAGTTTCAGGA,143
CTGCAAAGTGCTGGAT,143
GACTCTGTTGAAGATG,143
GCCCCAAACAGACCGT,143
GCTGTTTTTTATTACG,143
GGAAACGAAATGATCA,143
GTAAAGGCCGTAGGCA,143
GTATAAAATTTACACA,143
GTTCAATATTATTAGT,143
TAGTATAATCCAAATT,143
TCATAAGACTAGTCAG,143
TCTATACATCTTACCA,143
TCTCGCCATGGTAAGA,143
TGTCTACACATAGAAA,143
TTTTTGTATCGCCAAA,143
AAAAGACATGGTCAGA,142
AATAAGCCAATAATAC,142
ACATGAGGAACCACAT,142
ACCCAACATATACAAT,142
AGGACAGCCCACATGC,142
AGTTGATATATCTCAG,142
ATACAGGGCCATAAAG,142
ATGACTGTAACAAATC,142
CAATGTAAGATAACAA,142
CAGGTTAGAATACAAT,142
CATTTATTGGCGCCTA,142
CGTTCAAATGTGGTTG,142
CTACACCACCGCTGAG,142
CTAGCTTTTTTGGATT,142
CTGTTGCAGACATGTA,142
GAGTTATACCACAGAC,142
GTTCTGGCCTTAGACT,142
TAAATCACACTCTAAC,142
TAACCACATTAATTCA,142
TAAGACTGTCTTCAAC,142
TAGACGAGCATAATCG,142
TATATACAATGCGGAA,142
TCCGACCACTCATTTC,142
TGCACGCACACTAAAA,142
TGGAGTCATTCAAATG,142
TTAAGAAGTGGTTCCT,142
AAAGACTAGACAGCGT,141
AACTTGGCGGACTCAA,141
AATTAATGTGTCTGAT,141
ACCAGACTTATACTAG,141
AGACAATCGTATTGAA,141
AGTACCCCATCGATAT,141
ATAAGCAATCTTATTA,141
CAATAACGGAAATGTG,141
CAATGGGCGGCTCTTC,141
CACAAAAAAGCACGGT,141
CACCCTTCGATACGCA,141
CTCATAAAAGCGTGAG,141
CTGTAACGAAACCGAA,141
GAAACCCATAAGTCGA,141
GAATTTGTTTACTTAT,141
GACTAATATAACATCC,141
GAGCAAATGCACGCCT,141
GCTAGTACGAATTATT,141
GTAGCTACTATTACTA,141
TAGTCCTATGGTATAG,141
TCATTAAACATCATCA,141
TGACGAGGACCCGCAG,141
TGCTCGCAACACTTCC,141
TTTACTACGATTAAAT,141
AAATTAGGCCCCTACA,140
AACACTGGGCTTAGAG,140
AAGTGCCAATGTTATA,140
AATGAGCCAAGAAAAG,140
AATTGGTAAATGATAT,140
ACATCTATTCACAGCA,140
ACATGTGAACCAAAAG,140
AGTTATTAATTCCGAA,140
AGTTTCAATAGAAAAA,140
ATAAAGTACCAAGACA,140
ATCAACATAAAATTTT,140
ATCAATGCTCAACCAC,140
ATGGCCAGTACTCTAT,140
CAAAAAAGACCGACTC,140
CATAGATGTAACCGAG,140
CATTACCGTTTGTCCG,140
CGACAGACCTACACCG,140
CGCCCTTTGACAAGTG,140
CTACCATACAGGCAGA,140
GAACTGTATGCCTGAA,140
GACAGATTTGACAGAT,140
GTAACCCAGACACATA,140
TACGAAACGCGACGAA,140
TATTACAATGATTATG,140
TCAATAAAGAAAACCT,140
TTAATCGGGCCAGACC,140
TTGAGCACACTGGTCA,140
TTTGAAACACAACTTA,140
AAGTACTGGTGAAAAG,139
ACCTGGAGCATAAGCG,139
ACGAATATTTCGATAA,139
ACTCAACCGTCAACAA,139
AGAGTTAGGAGGTTGC,139
AGGAGCGGAATCGGAC,139
AGTGATGTTACGTAAA,139
ATCATACGCCTGAAAT,139
CCAATCCACGTCCAGC,139
CCATATATGTGACTAC,139
CCATCCTCGTAGTGAA,139
CCGCAATACATACCAT,139
CGAAAGTAGATCTGAA,139
CGAGAAGGAGCAAACA,139
CGGAGCATAGCATACT,139
GCCGATGGAAATTATC,139
GTACACACGACCTTGA,139
GTGTTCCGTCGCTCAT,139
TAAGTAAAAGTGGATC,139
TACAGATAGGCTGAGA,139
TACGGCAAGTACAACT,139
TATACCACAACCTACC,139
TATCCTGAGCTACTTG,139
TGTGAAACGTGGTAAA,139
TGTTACGCCTTACATG,139
TTGTAAACGAACAGCA,139
ACACGAAAAATAACTG,138
ACGCGTGTAACATCAA,138
ACTGTGACCCAACAAG,138
AGAGCTATGATTTCAC,138
AGGACTGAGTCAATCT,138
ATAGGAAAATTTATAT,138
ATTAGTGTCTATTAGA,138
CAGAGTGACAGACCTA,138
CGGGAGAAAATAAACT,138
CTAATGTACTGTCATA,138
CTCACATCCATGGAGC,138
GAATAGCCATGAAATA,138
GTTTTGACCTACTAAA,138
TAACAGGTTCCCCGAA,138
TAAGAGCATAATGCAA,138
TATATGCTCGTCGTCC,138
TCCATTAAATGCACCA,138
TGATCAATAAGATATA,138
TGGAGTACACAATAAC,138
TGGTTCACTTACTTGA,138
TTAGCTCCGATGCCCA,138
TTTGCATTGTGGAACT,138
AACAATTGGGATTCTA,137
AACTCATGTGCACTTT,137
ACGAAATAAGAATATT,137
ACTTGGACAAAGCACA,137
AGTACAGAGCGCTATA,137
AGTGTTGGCCAGACTA,137
ATACTGCTAAGCGTAT,137
ATGATGTCCGGACGGA,137
CACACTTACCTATATG,137
CCCCTCACGACAACTT,137
CCCTCAAGGTAACCTA,137
GAATCGATAGGCCCCA,137
GACAACTAACATGCAA,137
GATAAATATTATGTAC,137
GTTTTCGCACTGTTCT,137
GTTTTTAACCACTGTA,137
TACACTAAACAATCGT,137
TACGCTACACCGGTGA,137
TCAAGCACTTTAAAAA,137
TCGACCCAAAGGCCTC,137
TGGAAAAAAGCTGCAC,137
TGGATCTCAAGAATGC,137
TTACACGACCCACCAA,137
TTACGGTAATCTGACG,137
AAAAAACCCAACAGGT,136
AAATAGAGAGCGCTCA,136
AATATATTTGTGGAGC,136
ACCTCCTTTTTCAATG,136
ACGGAAGCCAAGACTT,136
ATGCCTATGTTTGAAT,136
ATTATCGCTATGAAGG,136
ATTCGGGAAGCCAGAC,136
ATTCTATACCAGATTA,136
CACCACTTAACGAGAA,136
CTGAAGTTACGATGCC,136
CTGCCTCTTTACATAA,136
GAACTTCCAACACAGA,136
GATCTCACAAAATGAT,136
GGGGGCCAATCGTTAA,136
GTGGCGCTTCGTAACA,136
TAACGAACCAATCAGA,136
TAGAACTATTCAGACA,136
TAGATTAGAAGCCAAA,136
TATATTGACGTTACAG,136
TCAGAGGGATTTAAAT,136
TGTATTGCGACACCAT,136
AACTCGATCAACGATT,135
AATCTAAGTGCCAAAG,135
AATCTTAACTGTTAAA,135
ACAGACCAAATACACA,135
ACCTGGTTTGTGCAAC,135
AGAAGCTTAAAAAACA,135
AGATTACAGCATATTT,135
AGTTATAAGCAAGCAA,135
ATACGATAATCAGCCC,135
ATTGGAATTCAGTATT,135
CACGGAACAAATGTGC,135
CCTTTGAGCCCACCCT,135
CTAGATCGAAGTGTTC,135
CTCCGAAATTTAAACA,135
CTTATAAGGTAGAAAG,135
GCAATAGAATAAATAA,135
GCGCAACGTCCCCCAT,135
TAAGTTTTAACCATCC,135
TATTACCTTAGTGCAC,135
TCCCATTAAATGAACC,135
TGCGCTAACTAGAAAC,135
TTACAGATATTTGCCA,135
AAAACAACGCAGATGC,134
AAATCCGTCTGATTAG,134
AACCCGAACGTAAATG,134
ACAGTATAACTGTTTG,134
ACATATTCTTAGATCC,134
ACCAATGACAAAATCA,134
ACGTAGTTCACACCTC,134
AGAAACCGGATACTAC,134
AGAGTCTATGTGACGC,134
AGCCAAAGCTTAAAAA,134
AGCCGAATGTGTCCAC,134
ATACACCCCTACTAGG,134
ATGAAAAAGGTTATTA,134
ATGCTCTAACACTTGT,134
CAATCAACATGATTGC,134
CCCTGACCTCGCTAAA,134
CGATCGGTATGATCAC,134
CGATCTTAACTAAAGT,134
CTTCATCTTTAGTACA,134
GAGCGACTGAACAAGC,134
GATACCGTATAGTAGG,134
GGAGTGACAAATTTCT,134
GGGATAGTAACAATAG,134
TAATGCCCTGGCAGAA,134
TAGGACAAATAACTGA,134
TATAGCTCTTGCATGA,134
TATTTGCCAGCTTTGT,134
TCACTACAACTAGATT,134
TCTAAGGCCCTGCACC,134
TCTTGCAAGCTAAATA,134
TTAATCGGACAAAATA,134
TTCAAGACTCAGAAAA,134
TTTCCCTAAAACGACT,134
AAAACAGACATCTCTA,133
ACAACCCACATAATGA,133
ACGCTAACGTAGCGAT,133
ACGGAAAAATATTGGG,133
ACTAAATCAAAACCTA,133
ACTCAGTGTCTCTGTT,133
AGTATCTCAAGATCAT,133
ATCAAGCAAACTACAA,133
ATTAGAAGGGAGGTTT,133
CAACCAAAACTAGTAT,133
CAATGATCAAAGCACT,133
CCATTTTAAGGGACCA,133
CGATATGTTTGTAATG,133
CGCGCTTGACATTCTA,133
CGGGAGAGTTTATACT,133
GCTACACGCTAGACCA,133
GCTCGCGATGCTTCAT,133
GCTGAACTACTTTAGA,133
GGAACCAACTCGTGGA,133
TAACCTGCAAACACCT,133
TATCACTTGCCCTATT,133
TCACAGGAAAGGGGCA,133
TGGGTTACGAACCTAC,133
TGGTAACATTTAACGG,133
TTACGCGAAGTTGAGC,133
AACAGATCCTACTAAA,132
AACGCCATTATAGAGC,132
ACTAGGACGAATCGAA,132
ACTCGAACCGTAGTTG,132
AGATTAATGACGTAGC,132
AGCATTCCACTTGCCC,132
ATAGACTACTCCCTAG,132
ATTCGGACGGTTACTA,132
ATTTGAAACATACACC,132
CCCCTACTATACCGGA,132
CCCTTAAAATGCAAGA,132
CCTACATCACAAGGAA,132
GAAAAAAGGTGTGTGT,132
GACACAAGGACTACAG,132
GAGACCGATATTGATA,132
GATAGGTAAAAAGTTA,132
GATTTGGAAGAACTGT,132
GCATTAAGATATCCAA,132
GCCCTTCGGCGGCGCC,132
GCCGTTAGCGGCATCG,132
GGCGGTTTTCCTCCAC,132
GTACCTAACAGAACTC,132
GTCAGGATAGTCCAAA,132
TACCAACAAAAATTAG,132
TCGTACAACACCACCT,132
TCTACAAAAAACGTTT,132
TGACATATATATCTGA,132
TGTAATATTCCTATTT,132
TGTCCCAAAAACAGGA,132
TTACCGGATTAAGCGC,132
TTATCAGGGGAATACA,132
AAAAATAGATCCCGTA,131
AAATACATGTGAGAAG,131
AAATTGGATGGAACTG,131
AATCAAATCATCTACT,131
AGCCTTTTAAAGACGA,131
AGTGAGCGTTAAAAGG,131
ATAGCAAGTCTCGTAA,131
ATCTGTTTCATATGTG,131
CACTAGACAAGGTAAC,131
CCAAATTGAACGACAA,131
CGAATCCCCCAGCCAA,131
CGGCGGGTTACCCTAA,131
CGGTTGAAACCTGACA,131
CGTACAGCTCGTAATT,131
CGTCACCAACCCTACG,131
CTAATCATCTTTGCCA,131
CTCGAAAGTATATCAG,131
CTGAAAGCTGACATGA,131
GGCAACTGTTAACAAT,131
GGGAATCGAACGCTCG,131
GTACATGGAACGACCC,131
GTCCTATTTTACTCAA,131
TACATAGCATAAGTAG,131
TACCTACATAGGCCAT,131
TATCAGTCTCAAAATT,131
TCTGAAGCGCTACAGG,131
TGAAGTATCTGTTATA,131
TGGACGTACTCAAACG,131
TGGGTAGTGGCCCGCG,131
TTGCAGAGGTAACGTT,131
TTGCATTGGTAGAATA,131
AAATCCTAAATAAGAG,130
AACTACAAAATGGACC,130
ACCTCTTAACAGCTTT,130
ACTTTGACCCAAGGCA,130
AGTGTGTGCGCCGGTT,130
ATACCAATGCTAAATG,130
ATATAAGTCATGAGAT,130
CACTCGCGGGGAATAG,130
CCAAGCCCGGAAGATC,130
CGTACAAGCTAACATA,130
CTATCAGAAAGTACAG,130
CTGGCTGCCTATTTAA,130
CTTGCATAATTCTATC,130
GAGAGAATGAGTACAT,130
GATTTGAGAGCCAGAA,130
GCAGACCTAAAAAGCA,130
GCCAGGCATGAATAGA,130
GCTGTACTGTATAAAA,130
GCTTATTCAGAGCATA,130
GCTTCATTCGTTGAAC,130
GGTACAACAGAACAAG,130
TAAAATCTCCTAATAT,130
TAGAGACCCATGGCGT,130
TATAACATACGAGAAT,130
TCACATACAAGGTCAA,130
TCTAGACAGAGCCCCG,130
TGACAAACTAGTACAG,130
TGACACCAACAAGAAA,130
TTACCTATATGGCAAG,130
TTGAGTAGTGCCATAC,130
TTGGGCAAGGGGCAGC,130
TTGTGATCCCTACAAA,130
AAAAGATCTTATTAAG,129
AAAATTTTCTGGGTCA,129
AAATCCCAAGATTAGT,129
AACATATAGCAGATTG,129
AACATCTTATTTCTGT,129
AAGGGGTGAAGAGACA,129
ACAAAAACCATATTTG,129
ACAGTAGAGACTAAAA,129
ACTGAGGTCTCTATTC,129
ACTTCTAAATATAAGA,129
ATAAGAAGGAGCGCTC,129
ATACGACCCTACGCGT,129
CATTCCAAAAAGATCC,129
CATTGTCCTTCATACA,129
CCACGCGGACGTGAAC,129
CCCATAAGCCCACAGT,129
CCGTAATTAAAGCTTC,129
CCTTTAATAGAAAGAG,129
CTAAAAAGCAATTACA,129
CTCAAATTTTGATATG,129
GAAAGTTGTGCAAACA,129
GATATATTCGAAGCAA,129
GATGCCCTAATATACT,129
GGAATCTAGATGTAAG,129
GTTGATAATATACAAG,129
TACAGTTTGACTCATT,129
TATCCAATCAAGCCCG,129
TATCTTGAATAATCTA,129
TATGTCTGAGAACTAT,129
TCCCACTCCCAAGCCC,129
TGCATAACTACGGAAA,129
TGGTGAGCAGGGTCAG,129
TTAGGTACCTCAACTA,129
AATGTGAAATGTTTCA,128
AATTCCCCTTAAGTTA,128
AATTCCCGCTACATCC,128
ACACATTTTTATCAAC,128
ACGTATACCATCTTCG,128
AGACTCCATCCCGCAA,128
AGATTCCTTGTTCAAC,128
AGTCCGTCCAGTCACG,128
ATTCGTACAGTAAATT,128
CAACGAAATTTAGGAA,128
CACTAAGGAACGGACG,128
CCAAATAAGCGGTTGC,128
CCTTAGTAGCCGAGAA,128
GAACGCAGTGGGTGGC,128
GACTATGCGAAAGTGT,128
GAGAGCAACAGGTCAA,128
GAGGGGATAGAATTCC,128
GATCACGTTTACACTG,128
GATTGAGTTGTCGATA,128
GCTAATACCCAAAACA,128
GCTCCAACTGGTCTGG,128
GTGCCGGAACAATAAC,128
GTGCGACTGACTTGGG,128
GTTAGGACAAACTTTC,128
TAAATGGATAAACTGC,128
TATTAATTCTTCTCTG,128
TCTCAAAGTTCGATTT,128
TCTTATGATACGAGAG,128
TTAAAGATCGGGCAGA,128
TTACGGTATCAAAATA,128
TTGGGCTCGTTGATTT,128
AAGGAAAGAAATAATG,127
AATGATGTAGTACACA,127
AATTAAGCGTCCTTGC,127
ACAAGAACCTAGCTGA,127
ACCAGTTAACCCGTAC,127
ACCGATCACATACGGC,127
ACGTGAGGAGTATATC,127
ACTGGACACTGTTAAA,127
AGGTACCAAACTTTGA,127
AGTCGGGGCGAAATAT,127
ATACCTATATTGGCAT,127
ATCAAGGAAAGGCCTA,127
ATGAGCTAGAATATAA,127
ATTGGCCAACAGTCAC,127
CATTTCGCGTGATTTC,127
CCCACCCCATACCATC,127
CCCAGAGAAGATCAGT,127
CCTACAGAGGACGTGG,127
CCTAGGTTATGCCTAT,127
CGAAGCCGACACTAGA,127
CGCTATAGAACCAGGA,127
CTAAGGACCAATAATG,127
GAAAGCAATCTGTCTC,127
GAATCTTAAATTCTAT,127
GAATGCAATGAATGAC,127
GAGCAAATAGGTTACA,127
GATAGGTACTCAACGC,127
GATGATTTAAATAAAA,127
GCATTACTGACCCAAC,127
GTAGTATATACCAGGT,127
TCCCAAAGTAAGATAT,127
TCCTTTTACCTTACAA,127
TGAAGAAACACCATCC,127
TGTCCAAAACGCGAGG,127
TTAAGAGCTATCACTG,127
TTAATCACCGGGACAC,127
TTACACCCCGCTTCCC,127
TTACTGATTTAGATAC,127
TTGATAACAATCAATA,127
TTGATAATCTGCCCTC,127
TTTGCCCTCACTACTG,127
AACTAGCAATACTACT,126
AACTATAGACAATAAG,126
AATACTGGACATGTAT,126
AATTCCAAAGCCCTAA,126
ACGAAAAGTTGAAACT,126
ATAACGAAAGATTCAA,126
ATTATATGCAGGGTTA,126
ATTCAATAAACACCGA,126
ATTCAGCATAAGTCTT,126
ATTTATATTGCAGGAT,126
CAAATTTGTATACAGA,126
CACAAGGTACTATACT,126
CACTACAATGTATCAA,126
CCCTGTTGGGAAGTAG,126
CCGAAGTAATTCGTAA,126
CCGTACCGGTATCACC,126
CCTAAGGACCACCCGA,126
CGCAAGACAATACCCC,126
CTACATAGGGACCATA,126
CTATATCGTTAATCAT,126
GAACTAACTGTATCTC,126
GACCGAAATCCCGGAG,126
GATACTAAAAGAGATC,126
GCCCAACAGAACGACC,126
TAAGGAGACATCACTT,126
TAGGAAACTGAATCGC,126
TAGGCGGTAAACCTCC,126
TGCTTATCATCCAATA,126
TTAACAATCATATAAG,126
TTGAAGGACCCAATCG,126
TTGTCAATAATTCCAT,126
AACATTAGTGATTAAC,125
AACCAGTGAACAACAT,125
AAGCCATTCATAATCG,125
AATATGGCCAGATACT,125
AATCTGAATTGAAAAT,125
AGACAGACTCCCGAAG,125
AGACTAGAAACACTCG,125
AGCGACAAACAACCCA,125
AGCGGTATGACATCTG,125
AGTAATGCTAATAGAA,125
AGTATAATGAGACACC,125
AGTCATCTTCCTCCCC,125
ATAGATAACACTCACC,125
ATTGGATACAATTCAG,125
CAAAATTTTGAAGGAA,125
CCACCATTCGCGATAG,125
CCTACCCTTTCTAAAC,125
CCTCACAAAAAGGTAG,125
CTGCCAAAGCTAATCA,125
CTGCTATACACTCAAG,125
CTGTTAGTCTCGACAC,125
GAAGAAAAGCCGCCGT,125
GACCTTACGGTCTTAA,125
GAGATGCCATTTGCTA,125
GCCATAAAACCTTTTC,125
GGATTATGAATTTATT,125
GGTCAGACACGATTCG,125
TAATCGATCCGAGGCG,125
TGAAATAAATCGATAT,125
TGAGGCATGGTTAAAA,125
TGCATAAATAATGTTA,125
TTATTCGTAGACCTGC,125
TTCATAGCTGTTCAAC,125
TTCCCTCCTTTTCTAA,125
TTCTCTCCATTTCACA,125
TTCTGGGCAAATTTAC,125
TTGACCCAGAACATCT,125
TTGGATTTCTGACGAC,125
AATAAGAAAGTTCAAG,124
AATGAAGCCAGCAAAA,124
AATGTTATTATTTAAC,124
ACACCGCTTAACTAAT,124
ACCATACAGTGACAAG,124
AGTAACAGGAAGCGGC,124
ATAGCGTTTCAATTAG,124
ATCCAGCGCATCAAAA,124
ATGCAGCCTACCAAGA,124
ATTATACCGTATTTTG,124
CAATATACACTGAGCA,124
CATTGAAACAAGATAA,124
CCAAAACCTACTGACT,124
CCCACTCGAGCGACTG,124
CTCCCGAACTTTTCCG,124
CTCTATCTACGAGCTC,124
CTGACAGCGTTCACTA,124
GACATGAAATGGAATT,124
GAGACTAATACAGAAT,124
GGCAAGGAAATAAAAC,124
GGGGCAATCAATTTTT,124
GTGTTTCGCTACTACC,124
TAATCAAGAACACTTC,124
TAGACTCAATCCCGGG,124
TATCACGCTAATTCCC,124
TCATTCCACACTAAAA,124
TCCAACCGACATACAA,124
TCCCTCACTAAAAGAG,124
TCCTTGTCTGGTTTAA,124
TCCTTTATACTTAAAA,124
TGAGAGGCCTATAAAT,124
TGATTGACTTAATTTA,124
TGCCTGCCAATTGCTA,124
TTACAAAACAAGAATT,124
TTACTGCACGCACGAG,124
TTAGCATGATAACAAC,124
TTCCGGCGCCCCGTCC,124
AAGCCAGAGACAATGA,123
AAGCTCCCATATAAGT,123
AATGTACCATTATCAC,123
ACACTTGAAAGTCCAG,123
ACATTTATAAGCTTCT,123
CACCTAATTGACTGTA,123
CCCGTTCACGTCTACA,123
CTCTCTGAGGAGAGAC,123
CTGTTCATTACTAGTG,123
GAAAGAATTTTCTTAA,123
GAGGTACCACCATCCT,123
GATAAGGAGTAACTAA,123
GATGGAAATGTCAGAT,123
GCAATGACCATAGTTA,123
GCGCCACAGTACATCA,123
GGAAATATCATGAGAT,123
TAACGTAAGGTACAAT,123
TAATAAGACACGCTAT,123
TAATATCTCGAGAAGA,123
TACAAATAGCAGGACC,123
TACCTCAAAAAAACAC,123
TATTAAGAAAAAGAGG,123
TCGACTCCTATGTGAG,123
TCTTTTGCTAGTAGAG,123
TGACCCACCGAAAATG,123
TGACCGTATTACGAAA,123
TGGAATAGACGAAAAG,123
TGGTAATAACCCTCGA,123
TTCACTTAACGGGTCC,123
TTTGAATAAGGAATGT,123
AATGAGCTCTTTAATT,122
ACAGATAAATATACAC,122
ACATCTATAAAACAGG,122
ACGTTCGCCCTCAATC,122
AGCCGCCCATCACAGA,122
AGCGCTAAGCTATCCT,122
AGGAGGCGAAAGACCA,122
AGGCTTGTACATAAGT,122
ATCCTTTAACGCTTAG,122
ATCTTTCACCAGGAAT,122
ATGAAATATTTTACAC,122
ATTAAGTACAGGACAA,122
ATTAATCTCAGAATAC,122
ATTCTAGATATCCACA,122
CAAGAAAAATTGTCCA,122
CAATCCACCGTAATGT,122
CCCATTTCCTTAGGTC,122
CCCGGACCGGTCGCCC,122
CGATTATGTTCTCTGG,122
CTAGACCCCATGAAAA,122
CTGACGAGGACATGAC,122
GATCGGGGCAAATAAT,122
GATCTGTCACTAAGAG,122
GCTAAGCACAGAATAC,122
TAACAAGGAACAAAGA,122
TAATGAAAGTAACTAT,122
TACCGATATAAGCTGA,122
TAGTTGCAATGGAACT,122
TCCTCCACTGTAGCGT,122
TCGTCGAAGTAATGTA,122
TTAGAATCTTTTGTAA,122
TTATCTAATGTCCACA,122
TTCCCGAGTCCCCAAG,122
TTCTTGACTACAATCA,122
TTTAACCTCCCTCGTA,122
TTTGATTCATAAGTTG,122
AAATTATCAATCAAAA,121
ACACCAAACTACAGAA,121
ACTGGGGTTGAATTTA,121
AGATGATAGACAACCA,121
ATACCGCTACGACCAT,121
ATGGAATATACATCAA,121
CACACAAGGAATGCTT,121
CCTAATACCTCTTCGG,121
CTATTCAGTGGCATAC,121
CTCAATAATACATAGA,121
CTGTCATGGGGGGTTA,121
CTTAGGTACCAACTGA,121
CTTCGATCATTGAAAT,121
GAAATTTCGCACAGTT,121
GAACGTTACCTAAAAC,121
GAAGGATTCTTTTAGG,121
GACAGTTCTCGCTCTG,121
GACCCTCAGGAGAGCA,121
GCTATCAAACTGATGA,121
GCTCCCATTCTAGACA,121
GGATAAAAAAAATCAA,121
GGCTCGTTTATAGCGA,121
GTAATATACGATCCCC,121
GTATATCCTTTAAACA,121
TAACTTAGAAGATTAC,121
TAATACAGCCAGAAGT,121
TAATGAGTATTAATAT,121
TAGAGTCACTTGATGA,121
TAGGACGCTCAATTCA,121
TAGTATATGAGGTCTA,121
TATCACGCGTCGCGCG,121
TCCGACACTTTTTATT,121
TGATTTGCAATAGAAA,121
TGGATAATAACGTATT,121
TTCATTAACTATTTTG,121
AACACCGCAGAATTCA,120
AACGCATCATATGGTG,120
AATTCCATCAAGATAT,120
ACAAATTATGTTACGA,120
ACTACACTCACGTATC,120
AGCGACACCATAAATC,120
AGCTTCAGTTGGATCC,120
ATCTACCAGTTAAAAT,120
ATGTGCAACACCCTCA,120
ATTATGTTAGCGCATT,120
CAGAGCTTCTCGACAA,120
CCCAGACCCTAGTTGA,120
CCTAAAATCCATGCGT,120
CGTAGTTCACAAGAAT,120
CGTTAGGCGTTTAAAT,120
CTATAAAGATGGAAGG,120
CTGAAAAACCACCACA,120
GAATACAGATGATGTC,120
GACTAAAATTCTCCAA,120
GAGAATCGAAGTCTAT,120
GCAGAATTGAAGGAAC,120
GCCAGAAACAATAATA,120
GGAGCTAAGCAACACT,120
GGCACTGTAACTGTCA,120
TAAATCCAATAACAGA,120
TAAGTAAAGAATTACT,120
TAATCCCTATAGATCG,120
TACCGGATTCTAAGAG,120
TACCTAATCTAAGACC,120
TACCTTGCTCATACAA,120
TATCGTTGAGGTTTAA,120
TCCACAAGAAAGAACT,120
TGAAACTAGCGCACAT,120
TTCTCAAAAATTCAAT,120
TTGTCAAACACTTTGT,120
TTTTAGGCTTAAAACC,120
AAAAGGTTCTAGCAAC,119
AACTGCATGAAAACAA,119
AAGGATCCATGCGACC,119
ACAAGAGAAGAGCGAC,119
ACCCTTCTAGATATTA,119
ACCGAATAGAATTTCA,119
AGATTCAGCAAGCTAG,119
AGGACATGCCATAATA,119
AGTATTATCGAATATA,119
ATAGTCTTAAGCAACA,119
ATATTAAGCCACAAAG,119
ATCTAAATGATTTCAG,119
ATCTCCCCTAATCGTA,119
CAAGAATCTCATATTA,119
CATTTGTCTCTTCGAA,119
CCATCAGCCCCCAATA,119
CTAGAAGGAAAGATGC,119
CTAGAGTGACAGGTGC,119
GACAAAAGAATCATTT,119
GACATACCCCCATACT,119
GAGAGAGTCCACTGGA,119
GCGCGACTACTCCCAC,119
GGAAGAATCGATTAAT,119
GGTCTTAATAATCAGC,119
GTCGTATGATGTAAAA,119
TACACCACAGAGTTGT,119
TACGGAGAAACATCAC,119
TATCCGGGGCAATAGT,119
TATTGTTTAGCTAACC,119
TCATAAAAGAAGGACT,119
TCTTATGCGTTAGCAT,119
TGAAGCAGCCTAATTC,119
TGACATACAAACTTAC,119
TGACTAAGACGATTAT,119
TGACTAGCTTTATTGT,119
TGATGGGCCTAAGGAG,119
TTAAACCGTTGAGCTC,119
TTCCGTGACCAACTAG,119
TTCTTACCACCTCCTG,119
TTGATTCCAGCCATAT,119
TTTTTCGGAACACCAT,119
AAAAATAATTAAGAAA,118
AAACTTAACAGAGACC,118
AAGGATTGTTTTCATG,118
AATGTGAACAAAACCT,118
ACAATCACCTTAACTG,118
ACATCACACAATACCA,118
ACCAATAACTTACGGT,118
ACTAGCGTATACCAAC,118
ACTGAACACACTAACG,118
AGCATAAAAAAGGAAT,118
AGCTCTCACTACAGTT,118
AGTTGCAACCCGTTGT,118
ATCAGACGCTACTTTT,118
ATCCATATACATATAA,118
CAAGTTCGGAAGGCAT,118
CAATTAAACCAATTAA,118
CACTGTATAAAACTCC,118
CCATAGCCCAGTAGCC,118
CCCAGAATATATGATT,118
CGATTAACCCGTCCTA,118
CGGCAATCCGCTCTTG,118
CTAGATACGAGTAACT,118
CTTAGACAACAGGCCA,118
GAATGCCACAGTACTC,118
GAGTAAATTGCATAAT,118
GCAAAGTTACCCAACC,118
GCAACGCAACTCCATG,118
GGTACATATACATAAA,118
GGTCTAAAATAAGTGA,118
GTGCTGATGCTGCCAA,118
TACGTATATAGGACCA,118
TAGTTCTCGATCATAA,118
TTAAATGACCAGGTAA,118
TTCTTGATTACACGAT,118
TTGAGCAATAAAACAC,118
TTTTTTCTATAAGTCT,118
AAATCCGAATGAAATA,117
AACCGTAAAATCTAAC,117
AAGACTGTTTACACTA,117
AAGCACTGAATAACCA,117
AAGTGACATTGCAGCA,117
AATCTCAGAAAACAAC,117
ACAAGAAAATGTTGAA,117
ACATGAGTACATTGGA,117
ACCCAGAAGATAATCG,117
ACCTAATCATTTTACA,117
ACGAGCGACATAGGAA,117
AGAAGCGCAACCCTAC,117
AGCAAATAGAGATCAT,117
AGCTTGTGATCTTAAG,117
ATAGTCTAGTACATAA,117
ATATAGTGGCTGGACT,117
CAAGGGCTCCGTAATT,117
CACCTTAGATAATTTT,117
CCCATGCGACACCCAG,117
CCGTACTCGTTGGATG,117
CTATATACAATAAGTC,117
CTGTCCAGGGTAGGCC,117
CTTTGTCGGTAATCAC,117
GAAACGGAAAACTGCC,117
GAAGTAACTGAAATAA,117
GAGTATGAGACCATTA,117
GATAAGGAAGGGTGAT,117
GCCGTGAGGCTGAACC,117
GGTGCTCTAACATACT,117
GTCTCCCTAATTAACA,117
GTTCACTTCCACTCTG,117
GTTCGGTAAGAGGGAG,117
TAAATTGCCTTGTTAT,117
TAGATGGATTAAGGAT,117
TATACAATCGTACGCT,117
TCAGCTCACCACATAC,117
TCCATGACTGTCATAG,117
TCTATACTCATAACCC,117
TCTGTGCCTAAAGCCC,117
TGAAACTATATCAATT,117
TTAGAATATCAACAGC,117
AACACAAAAAGTTTTA,116
ACATACCACTGTCTTC,116
ACCTGCGAACTGATCA,116
AGATGAAAACACGGAA,116
AGTATTCCACGGTTGG,116
AGTGATACAGTAATAC,116
AGTTCGTGTAAAAGGA,116
AGTTTTTCGGTGGTCA,116
ATAATGTACGTTACGT,116
ATAGAGCCCCGCTCGT,116
ATCCTTCAAACTTCAC,116
ATGGATTACTTGCTAC,116
ATTAACAACCACACAG,116
ATTGGAACACACGCAT,116
ATTTCGTTGAGTTACC,116
CATGATCACGATTGGC,116
CCACCTACCTACAGTA,116
CCCTGTTCACTTACCA,116
CGATGTATAACTTAAT,116
CGTAAGAATAAGTGTA,116
CGTTGAAAAATAATAT,116
CTAAGGGAATCATAAC,116
CTGATCAAAACAACAC,116
GAAAATATTGGTAATT,116
GACCTTAAATTAGATA,116
GAGAAATTTAACTAAT,116
GCAAGAAACTTATACT,116
GCCCAAAACGTACTAA,116
GCGCATCACACAAGAT,116
GGATTGCAATATACTA,116
GTGATACCTATTCGAA,116
GTGCCTTTTACGAAAG,116
GTTAGGAAAGCAATAA,116
TAAATGTACGCAGAAC,116
TAACTCCCATAGTAAA,116
TAGTAATCTGGAAATA,116
TATCCACTGCTCTAAA,116
TCTGTTACGGGAGGAA,116
TTATTTGCATTTCCTC,116
TTCGCTTGACCTTCAT,116
TTGATTTAAAGGTTTG,116
TTTAATTGGCTCAGAC,116
AAAACAGCTATCACTT,115
AAAATTATATACTATA,115
AAACTCGTAATAATAC,115
AAATCCCTAAGTTATT,115
AAGAAATTGTATAGAG,115
AAGCACGATCTTTAAC,115
AATATAATAACAATGC,115
ACAAAGAGTCTTAGGA,115
ACACCATATCAGCACA,115
ACACTAATTAGCGGTA,115
ACATTGCGAGCCAGAT,115
ACTGAGGCCGATGTTC,115
AGGTCCACCTAGAAGA,115
ATAGTTAAGATCATTA,115
ATATACAGAGAAGTGG,115
ATATATAGCAGTCTGG,115
ATGCATATTCGATCGT,115
ATTTCCACGTTGTTGC,115
CGATGATAGTTTATTA,115
CGTGATTAACACACGC,115
CTACGACATAGAGTAA,115
CTTCTTATTAAGATCC,115
GAAGACCAGAGCAGAT,115
GACGCGCCGGGAGAAT,115
GACTAAAATTAACCTC,115
GAGGTACACTCATTGG,115
GCAATCCAAGTTTTTA,115
GCTATCCATTTACTCA,115
GTGCGATCACGCGACC,115
TAAGAGTTAGTCTGTC,115
TACAAGAGAACATATT,115
TAGCAAGTAAAAGAGA,115
TATCAAGCCCACATAC,115
TATCAATAACTAATTT,115
TATGCTTTGAATAACG,115
TCATCAGTTGGCAGCT,115
TCTCTATGCTGACTAG,115
TTAACAATTAAATAAT,115
TTATCCGCATTCGACA,115
TTGAAAAAAAATGTTT,115
TTGTGTCCAAATGTAT,115
TTTAAAGTAGTCAAGA,115
AAAAAGTGCACCATAA,114
AAAGAGATTCTAACCA,114
AACCCGCAACTACCTT,114
AACTATAAGGGTGTAA,114
AAGAGTGAGATTGGCA,114
AATAGAATCAAAGCTT,114
ACAGGGCAATATAATC,114
ACGAAAACCGACAACA,114
AGAGACAAAAAACGAG,114
AGCAACATACAATTCG,114
AGCCAATACATAAGAC,114
AGTAGTTGTTTTTTTG,114
ATAATATTTGGATGAC,114
ATGTGTCTCCCGATTT,114
CACAGTAAGTTCTAAA,114
CACAGTCACCCAACAC,114
CACCCAGGTGAAGACA,114
CAGGATAAAAGAAAGA,114
CGGCAGAAATAAAGCT,114
CTAAAGATGGGTCATG,114
CTACGAGACAGAAATA,114
CTGGTTGAACCCAATT,114
CTTGCAGTACCAACCG,114
GATAAAGACCCATTAT,114
GATCCGCTAGGAACCA,114
GGGGTTGAGTCCCCAC,114
GTCGAACTGGCGGTTT,114
GTGATCCTAAATTTTC,114
TAACTTGATTGATTTT,114
TACCACTCACAGCAGG,114
TACGTCATAAGGACAA,114
TATAACTTAGAATCAA,114
TATACAGAAGAATATT,114
TCCCGTTACTACTATA,114
TCTAATTTTAGATAAT,114
TCTCTGGCAAATAATT,114
TTATTACGATTAACAT,114
TTTCAATAACGATTGA,114
TTTGTTTAACACACTA,114
AAACACAAGGTTACAT,113
AACGTCAGATAAAAAG,113
AATAAGCACAATCATG,113
AATAGTGGTTTAAAGC,113
AATCGGGGGACTACTA,113
AATGAATCTCTCTGAA,113
AATTCAAAAATGTTGT,113
ACGCTACAACGAGCGG,113
AGAACTGATGAAGGAA,113
AGAACTGCACCCGCAT,113
AGACTACCCAAACATG,113
AGATACTACGGTGTCT,113
AGCACGCAGATGTACT,113
AGTCGAATCCAGAGCA,113
ATAACGCCATCTCGTA,113
ATAGTTTCCGAGCGGG,113
ATATATCGGAAGGCAA,113
ATGAATACCAGACACC,113
ATTGAGTACCCGTAAT,113
ATTTCAATCCTGCTAC,113
CAACTCCAACAACGAA,113
CACGTCCCAGCGGCCT,113
CATTCAATGATCCCAT,113
CGAGGGCCGAAAAATA,113
CGCAACAGAATATTAC,113
CGTATTCACCCGAATA,113
CTCACAACGCGGATTA,113
GAAATCTCGAACATTA,113
GACTATCCAACACTAT,113
GATGCTACAGACGGGT,113
GCCGAGAGCTAATTAA,113
GGAACTCAGGGGGCCT,113
TAATGAAGACACAGCC,113
TACAGTACCATGACAG,113
TACCAACACTAATTTA,113
TATACAGTTAATGGTA,113
TATATATGATGGGCTG,113
TCACAGTAATTTGAAC,113
TGAGGTCCGGAAAAAT,113
TGGGAATAATTGGAAG,113
TGTGACAAAGATCGAC,113
TTATGAAATTGACGCC,113
TTATTAATCAAATGAA,113
TTTATAAAATGTCATA,113
AAAAAAACTCAGAAGA,112
AACACAATAAGGGATC,112
AAGAAAAAGTAAATAC,112
AATCAAATGAGCTAAT,112
AATTTCACTTTATTCC,112
AATTTTAACCCCCCGT,112
ACATAAAAGATAACAG,112
ACCAATTAAGTTCATT,112
ACTTTAGTAGTGGCAA,112
AGAATGTACCACAGTC,112
AGATCCAAGAGCCAAA,112
AGCAGGCTGGTGAAAT,112
AGCTCCCTCGTAATAT,112
AGGCAAAAATGGCTGT,112
AGGCTAACGAGAGAAA,112
AGTATGGCTATGATGT,112
AGTCAGAAAGAAATCT,112
ATGGAATGGCCTTGCT,112
CAATCATTAACCTAGA,112
CAGAATAAGAAATTGG,112
CAGAGATGACCCGCCT,112
CAGTACTCAATATTAC,112
CCAGTCTCAGTAATCC,112
CCCAATCCCAGTGTGA,112
CGAAAGGCAATACCAT,112
CGTGATTCCGGTCAGT,112
GAAGAGGTCCAGGCGG,112
GACAGTACTTAACAAC,112
GCATTGTTGGGCAATT,112
GCTAAAAACAAATAGA,112
GGCCAATTAAGAGTTG,112
GTTAGATAATACAACT,112
TAAGCCGTGCCACTTT,112
TACTAGCTAGTAACCT,112
TAGATTACTGATGATA,112
TAGCAGACAAAAATAA,112
TCATCAAAAATCATAA,112
TGTGATTTGATCCACT,112
TTGAGAATAAGGACAA,112
TTGCCAGACGTGGAAC,112
TTTCCACAACCATCTT,112
AAAGGAATCTCTCATA,111
AAAGTACCAGACAATG,111
AACATCTACCCCCACT,111
AACTCACAAGAGAATG,111
AACTTCCTGCCCTAGT,111
AAGGTGTTACAGTACC,111
AATCCATATATTCATT,111
AATTTCAGTCGACATA,111
ACAACTGTCTTATACG,111
ACAAGCAAAAGATTCA,111
ACGCCTGTACAATCAA,111
ACGGAAGATACACTAT,111
ACTTACATTGATTTGT,111
AGCGCGAGGCAAAGCC,111
AGTAATAAATCAAGTA,111
ATAGAAGGGCGACTTA,111
ATCCTAATGATACATA,111
ATCGTTCCGGACCACC,111
ATGACTCTGTAGTCTT,111
CAACCAAATCAGTACT,111
CACTAAACATACAGCA,111
CACTTGGTTTAGAGTT,111
CATACCCATATAGATA,111
CATCAAATTAGACATT,111
CCACGGACCTCTCAAT,111
CCTGGAACTGTACCGA,111
CGAACGATTTTACATG,111
CGCGACTTCATTGATG,111
CTAGCACTAGAAGACT,111
CTCGTACATAAAAACA,111
GAACAAAGATTAAAAA,111
GAACCTCTTAGATATC,111
GACAACTCCTAGAAGG,111
GACAGCAATACCTTAC,111
GAGCTGTCACATTATC,111
GCTCTTTATACAACCA,111
GGAAAATAGTAACATT,111
GGTTCTGCGGAGTGCC,111
GTTATACTCGTCAATC,111
TAATATTGTATTCACG,111
TAATTTTCCAGACGAA,111
TACAAATGCCTCTAAA,111
TACATTGTTTACAATG,111
TACGATTGAGGGACAC,111
TACGTCACAAGAGCAC,111
TAGAAAGAACACGTTA,111
TAGTTTTAAACCTAAT,111
TATATAGCGTGACATC,111
TCCCCGACTTCCATCC,111
TCCGCTATTGACATCA,111
TCGAAATTATGCACCA,111
TCTTCCTCCTTTCACG,111
TGACAGATCTATCAGC,111
TGTGCACTGGTAAGGA,111
TGTGTTGCAGGTACGC,111
TTCAAGGAGCTATATC,111
TTCCCGTAAATGCATA,111
TTTGGTTAATCACCTC,111
AAACAAATGTAGAACT,110
AACAAAAAATGGTAGA,110
AACAAATCACCTTTGA,110
AACAGGAGGGCTAGAA,110
AACGCCGGTCGATCTG,110
AATTAAGGCAGGGGCC,110
AATTAGAAGGACCAAT,110
AATTGAGCTAAGAGTC,110
ACAAAAGCCTGATAGA,110
ACCAGAAAAATATAAT,110
ACTGTTAATCAGAACT,110
AGAAGCATAAGATAAC,110
AGATGTGAAAATGTCA,110
AGTTCTAAGGATGCTG,110
ATAGAATTTTATCACA,110
ATTCTAAAATACAAAA,110
CAAACCACATGATCAT,110
CAGTTACATTGAGCAA,110
CCATACAGTTGTGGTA,110
CCCATTTGAATAGAGA,110
CCCCGAGAGCCGACCG,110
CCCTTTCACCTTAGCT,110
CCGATCGACACGTAGG,110
CCGCACTTTTTGGAAA,110
CCTAATAACTAAGGGA,110
CGCGCCAGACCAAGGA,110
CGTCCTTCTTTACAGC,110
CTATAGTCAGATTACG,110
CTTTTAAAGACGACAA,110
GAACACTGCAACTGAA,110
GAACATCTAAGTTTTC,110
GAATAGCAAATTGAAT,110
GACTAATACGAAACAA,110
GATGAGATACAGGCAC,110
GGAAGCCAGAATACCC,110
GGTCGCAACGGGGTAT,110
GTAAGGCATAGGCCTA,110
GTAAGTGTGCCTGACC,110
GTATCGTTATCAAATC,110
TAATCAAAACCGACCT,110
TACAATCCGCCCAAAG,110
TATGAGTTGGTTACAT,110
TCGAGTTCGCACGACC,110
TCTTCGTCTAAAGCCC,110
TTTTGACAAATGGAAT,110
AAAAGACGGTGGCTCG,109
AACTAAAAACGGGGAA,109
AAGGGCACTCAAATAG,109
AAGTCGTTTTACTAGT,109
AATAAACTTCTGTAAT,109
AATCCCCCGATAGTGC,109
AATGAGCGAATCCCAA,109
ACACCACCCAATGAAC,109
ACAGGTCTATATGCCC,109
ACATGAAATGAGTTTC,109
ACCTTGGAAAGCAACA,109
ACTCACTCCTAAACCA,109
ACTCCACCATAACCCC,109
AGATTCCCCATACCCA,109
AGGAGGCTACATAACA,109
AGTGAAACTCGAACAT,109
AGTGCCCTAAATCTAT,109
AGTTCTCTAAGCGAGG,109
ATAAGAGAGCCTAATA,109
ATACTGCAAGTAACTA,109
ATCAATAGAACTAAGT,109
ATCATGTAGATAATAA,109
ATCCGACCACATAACC,109
ATCGAAGAATCTTAGC,109
ATCTATAAATTTCAAA,109
ATGAACGATGAGTTAG,109
ATGCAATCAAATATGA,109
CAACATCGTAAGGCTG,109
CAAGAGCAAATGCACG,109
CAAGCCACTGTAGAAC,109
CATTTTAAGACAGACT,109
CCGAATTTGCTTAAAA,109
CGAAAGAAAGTCAGCT,109
CGGGGTGAAACATCAA,109
CTACGCAGCTTCCCGA,109
CTGTCTCGTCCTATAA,109
CTTTATCACAACACAA,109
GAAAAACTCTATTTGA,109
GAATTACCTCTGGATT,109
GACCGTTAATCCAGTG,109
GAGTTGTTAAATTGCA,109
GATCGTTGAACGCCTG,109
GATGCAGCAGCCACCA,109
GCCTTGATCTTGCAAA,109
GGACACCCCTAAATAG,109
GGCAATGTTAAACCGT,109
GGCTGAGCTCAACAAA,109
GTACACAAAGTAGTCA,109
TAACATAGAAAAAGAG,109
TAATAGACACCACGAC,109
TACGCCTCCTCTAGAT,109
TAGCAGAATCGGATCG,109
TAGCTGAAAAGTAGTA,109
TATTTTGACAGAGATT,109
TCCTCCTAATACACAA,109
TCGAGAATTGTGAGAT,109
TCTTGCGTAGCGTCGA,109
TGATATAGATTTACAT,109
TGATATCGTTACTCTC,109
TGTACCGCGAAGCATA,109
TTACAATAGCACGTGT,109
TTTGGTAACCTCATAC,109
AAAAAGGGCTGGACGA,108
AATCGAGTCAATAATT,108
AATTATAAAACACCTA,108
ACAACCCCATCTTATC,108
ACAGCAGTAACTAAAT,108
ACAGGAGCACTGTCAC,108
ACATCGGGCAGATCCC,108
ACATTGAATGCTTATA,108
ACCTATAATAACTAGT,108
ACGACATACTTGGAAA,108
ACGACTCAACAGTAGC,108
ACTCTAAAAATAATAT,108
ACTGGCTTGGTGACCG,108
AGTCAACGGATTCGAT,108
ATAACGTAACAAGATA,108
ATAATGTCGGAATGTC,108
ATATAATCCAACTAAA,108
ATATCAAGCAATCGAA,108
ATATGAGAGTGTATCC,108
ATATTAATTATAAGCC,108
ATTACTCAGCACCGGT,108
ATTATCAAACCTGAGA,108
ATTATTTCTACCTCGT,108
ATTTCAACCGCGAGTT,108
ATTTTTTGAATAGCAG,108
CAATACATCGATGGCA,108
CAGGCGTTTTTTCAGT,108
CATGTTGAACACTGAG,108
CCGACGATCTGAACAC,108
CCTAAACGGTACCGAC,108
CCTATAAAATCGTTTA,108
CGAATAAGATTTGAAA,108
CTCGACCAACTTAAGA,108
GAAATACCGACAACGC,108
GAACTACCCAAAACTG,108
GAAGACACAATAATCT,108
GAAGCAAATTGATCTT,108
GACTAGCATATAACCG,108
GATATTTGACTAAAAA,108
GATGATAAAAGATGAA,108
GCAGAGCAAAATTAAT,108
GCGTCTCAGACATGGA,108
GCTCATTGGAGTGGAG,108
GGAGATACTAGCAGAA,108
GGGGTACGGACCTGGC,108
GTAACAACAATAGATC,108
GTACTTCTGTCTAATG,108
TAAAAAAACGTCACCA,108
TACCTTATCCAGTGTT,108
TACTCAAAACAGGTCA,108
TAGACGAATTAACTGG,108
TATATCACCATTAATC,108
TATCCCCGAACAGTCC,108
TCACATTATAAGGTAG,108
TCACCGCTGCGGTAAC,108
TCCATACCGAAGTCAG,108
TGAAACCAATAACAAA,108
TTAAGGTAGCTCCACA,108
TTACCTCTACATCGCA,108
TTATTTTATTACGACT,108
TTCACGGAATATAATG,108
AACACAATAACCACGT,107
AACTTAAAAGCCAGAA,107
AAGTGTCTTATATCCA,107
AATAACGCTTTACTAA,107
AATAATAAGACCATAT,107
ACAGCTACATATTACA,107
ACATATGCGTGTGTAT,107
ACCATAGAATAGACAT,107
ACCGAGCCACATCAAT,107
ACCTATCAATTCAACC,107
AGAAAAATAACCAAAG,107
AGAAATCACTGCGGAG,107
AGAATGCGCACATTAC,107
AGGACAAGACCAACAA,107
AGGCGGGTAAATGCAT,107
AGTATACAAGTCTGTG,107
ATAGAACACATTGAAA,107
ATCGTAGGCCCTAGCA,107
ATTTAGCGTATCATTG,107
CAACTACAGTAACAGT,107
CACTATCCGACATCAT,107
CATGAAGAATGCGGGG,107
CCAAAGCCAGTGGATA,107
CTATTCACCGTATAGA,107
GAAACCGTATTCACAT,107
GAAAGCGTCATGCTCA,107
GAGAGACAATAGCAGT,107
GAGCCCAATAAGTGCG,107
GAGTGGCTCTCTAGTG,107
GATAATCGGGTCCCGA,107
GATAGGTTTCGAATCT,107
GCTAACTGTCAAAACT,107
GGAACTTTTGTTCACA,107
GTAACATGGAGCACGC,107
GTCCAACATACTTTCT,107
GTGATTAGCAAAGCTG,107
GTTACTACGTAACAAC,107
TAATATGGATAATTCC,107
TAGTTACTTGTGACAC,107
TATGGAGAGGACTGAT,107
TCAATGTTGTATTTCT,107
TCACTATAAATACCCC,107
TCTCTCTATGAACTTC,107
TGAGGATTTACATATG,107
TGAGTCCAAACGAAAA,107
TGGGTATCGTGCTGTG,107
TGTAAATAACTGTGAA,107
TGTCTGACTGTACCCT,107
TTCAATATCACGACGT,107
TTCATTGTGCTAGCCT,107
TTCCACTTGATAAAAG,107
AAATGTGCACGAGCGG,106
AAATTGTAATGTAGCT,106
AACAATAGCACTAATG,106
AACATCAATAATGAAT,106
AACTCAGTAAGCAAAG,106
AATAGTACCAAGACTG,106
AATCCGCCGGTTCTTC,106
ACGGGCACCTTCCCGA,106
ACTGTTGACACTAATC,106
AGACTGAATGTACAGA,106
AGGGTATAAACATCTA,106
ATAAGATAGTAATACG,106
ATAGACCAATCACCAA,106
ATATTAAGATAAGAAA,106
ATGAAAACAATAGACA,106
ATGAGAAGACATGTTA,106
ATGATACAACACCTAA,106
ATTTATTACCAGCCCT,106
CAAATCGTCTAGGTTA,106
CAAGACTAAATCGGAA,106
CAAGCTAGGAGAGGAC,106
CAATTAAGATATAACT,106
CACAATAACTAGAAAA,106
CACTAAAAATCGGTTG,106
CCCATATTACAATTGA,106
CCTAGCATGACGCGTA,106
CCTTGTTGATACCACT,106
CGCATTGTTATCTTAT,106
CGGAACCGTAAGAAAT,106
CTAAGAATGCATCCCC,106
CTCAGAACAAGACTAA,106
CTCTACTGGACCTATT,106
CTGGCCAAAATAAGTC,106
GAACTTTGAACAAAAG,106
GAAGGTCCACTGATGG,106
GCGTTAAACCGCTGAG,106
GGACTTAAAACATTCT,106
GGTTACGCGGGAAATC,106
TAAAAATTCACAGAAC,106
TAAAAGTACTTTGGGG,106
TATTAGTAGGTTCCTC,106
TCCTCGCCTAAACCAT,106
TGACACTGTTACCGGT,106
TGTGGATATTAGAGTT,106
TTTACCAAAACTCAAC,106
TTTACCTGGAATAAAA,106
TTTCATCTATAGCTCA,106
TTTGTTATTCAAAAGA,106
TTTTACTATTATTTTA,106
AAAAAAGACTAGTTGC,105
AAAACATAATGAGAGA,105
AAAACTAGACAATTAA,105
AACAAGTGGCTACCGC,105
AAGTTAATTAGCACAA,105
ACACGACACCCCAGGA,105
ACATTATAAGCTGATC,105
ACCACTTAAATACTAT,105
ACGGCTGTAATGAAAG,105
ACTCATAGTGAGATAC,105
AGGAGTACACATAAGA,105
AGGATAACTGAAAGAA,105
AGTTGGCTGGCGGGCA,105
ATAAAGTATCTGAAGT,105
ATATTGCCATGTCTGT,105
ATCTAAACCACCCGTG,105
ATGATTAAAAAACCCT,105
ATTAGTTACAATAGGG,105
ATTGATGGCTAGTGAA,105
CAACACTAATAATACA,105
CACAGGTGTAGAGGAA,105
CCGGCGAGTTTACGAG,105
CCTTTCTGGAACCTAA,105
CGAATGTTCGAGTAGT,105
CGGCTCGCTTTAAACG,105
CGGTAACGACCTTAGG,105
CGTAAATCACCTCAGC,105
CGTAGTTAAAAACATG,105
CGTCTTACGACCATAT,105
CTCATACCATTGTCAA,105
CTCTAACAACTAAATC,105
CTTTCTAAACCCGAAA,105
GAATCATGGTCTAAGG,105
GACTTACTTAAAGAAT,105
GATTTAACTACTTACA,105
GCACCAATGGCCCCAT,105
GCTAACGCATTCAGAG,105
GGAGACTTCATCGCGA,105
GGGTTGTCCAGCGTCA,105
GTCTCAACCCATTATA,105
GTTGTTCTACCCTACA,105
TCTTAGATCCCACACA,105
TCTTGTAATCTTATCC,105
TGCCAAAAACGATAAA,105
TGTGCCCAGAACCACA,105
TTCGGAAATGTGCCCA,105
TTTTCCACATTATTGG,105
AAAAAGCTGCCCTATA,104
AAACAATGCGTGTTCG,104
AAAGGAAAATGATCAA,104
AAATATTGTGAACGAA,104
AACAAATCGTTGAATC,104
AACAACACTTTTCAAA,104
AACACATTATAATCAG,104
AACCTACCAGGTGCCA,104
AACCTACGTGCATCGT,104
AACCTCTCAGAATTTT,104
AACGGGTGGTTCAGCA,104
AACTGATGTTCACGAG,104
AAGTTTACCAACTTGG,104
ACAGAAACCGACATGA,104
ACATCTATCGCACATA,104
ACGAAATGATGCATAG,104
ACGGCTTGCCGCAGCC,104
AGAATACCCTAAAAGC,104
AGCAACCCAGAATCAA,104
AGCCCCAGAGTCACCA,104
AGGGATGTCCTTGCCT,104
ATGATGACGATCAAGC,104
ATGGGGACCCAACCGT,104
ATTACATGGCTTATAT,104
CAATATCCCCCTACAC,104
CACACCTGCCACCCTT,104
CACATGGCATTAAAAG,104
CAGAATGTCTCTGAAA,104
CAGCGTTAACCTCCCC,104
CATATACTCAGAAATA,104
CATGAGTGATTGGAGC,104
CCGTCTCTCTCGCACC,104
CGAAGCATATCACTGT,104
CGAGGCCGAAATCCGC,104
CGATAGAATCATTTAT,104
CTACAGTAGGAGCTTA,104
CTCCACCACAGGGTTA,104
GAAACCACACAACTTC,104
GAAATACCATCCGACT,104
GACAAGCAACTTCTCA,104
GAGCAGGATATCTACT,104
GAGGGCCCGCCGGAGT,104
GAGTCTGCAGTTCTAA,104
GCAGATAATAAGTCAA,104
GGATATAACTAGGCGT,104
GTAAGGTCAATTTACC,104
GTACAGCCACGCTGAT,104
GTCGAAATCATTTCTA,104
GTCTTCAAAATCTTTT,104
GTGCGAAATTCCCACC,104
TAAAACGCCATAAAAT,104
TAATAACGCACACTCC,104
TAATCCACAAATCGAA,104
TAGACATCCTAACGCA,104
TATGTAAACAGGTACA,104
TATTCAGAGACTAGGC,104
TCCCTAAAAATGAGCA,104
TCTTCTGCCACAGTCA,104
TGACATAAAACAACAA,104
TGCGTTCTATAGATTG,104
TGGATCGGATCATAGA,104
TGGGACAGCCATTCCA,104
TTCAATTTGGATAAGC,104
TTCCATTTGCGACAGG,104
TTCTCAAAGAAACGAG,104
TTGGCCCTGATGTCAA,104
TTGTAGCTCTGGTCTA,104
AAAAATCTCCTAGACA,103
AAACACGCTTACAATT,103
AAACTCCAGGGGGCTT,103
AAATGCAGATCATTTC,103
AACTAAGGTTGCACAA,103
AAGGGTACCCGCTGGA,103
AATGAATTAGCCACAA,103
AATTGAACTGAATTGC,103
ACAATTGTGAACTATC,103
ACATACACACAATGAC,103
ACCCACTAATCTTAAC,103
ACGGACATAAAGAGTG,103
ACTATATATTGCCTAG,103
ACTCACTAAAGCTAGC,103
ACTTGAATTTCAGAAC,103
AGAAACCTTCGTAGTT,103
AGCTTAGAAAAGACGA,103
AGTATGACGAAGCTGG,103
ATAAAACGTAATAGTT,103
ATAACGGCCACAAGTC,103
ATATATAGATTCTGTT,103
ATATCTCGTTATAACG,103
ATGCCTACTATAATGC,103
ATGTCTTGGGACGAAA,103
ATTCCATTTATGGCGA,103
CAACCGAATAAAGACA,103
CAGAAATTAGTTTCTG,103
CATATTCTCGTGTACG,103
CATCCACGCCTGTTAC,103
CATTCACGTATAACGA,103
CCACAAAGTCGATGAC,103
CCGAAAGTTCCCTGGA,103
CCGCCTGACTGTACAA,103
CCGTCCAACAGTCCAA,103
CGTCCAAACATATAAC,103
CTAAGTGTTAACTTGC,103
GAACAATATAACCGAG,103
GAAGATCACCTAAACC,103
GAATGTATATGCAGTT,103
GATTCGATTCCATCAT,103
GCACCTTCGACGGGTC,103
GGATAATGATTCGGAT,103
GGCATGCCTTGTAATA,103
GGGTTTAGAGGTAATT,103
GGTGACTATAACATCT,103
GTCGCCTTGTAGATAC,103
TAACAGACATAACTAT,103
TACTTACCTGCTGTAA,103
TAGTACTAAGAAGTGG,103
TATTGAGATAGACATG,103
TCCAGAGGTAATCTAT,103
TGAAATCAACTAATCA,103
TTAGGTGGAATTTGTA,103
TTCAGACCAATATTCA,103
TTCCCACGAACCATTA,103
TTCGAAACATGGATCC,103
TTCTAAGGTCTTAATG,103
TTGTAAGACAATGATC,103
TTTAGTCTACTACCAG,103
TTTAGTGGGCATAGAT,103
TTTGATTCTGAGACGA,103
TTTGCCCTTGTTAATG,103
AACACGACCTTGATTA,102
AACCGATGCAGATTGG,102
AACTACTAATGGGACT,102
AAGGCACACCACAATT,102
AAGTCGGGGACTATAA,102
ACAAAAATAAACGAGC,102
ACAAAATTGTATTAGC,102
ACAATCGAGGATAAGG,102
ACAGAATCCTAATTTG,102
ACGAAAGTTTGAATTA,102
ACGAACTGTCCCGAAG,102
AGACAATACATCCGCC,102
ATAGCAATATCGCATT,102
ATATCAAGCAGCATGG,102
ATCATAAAATTCATGT,102
ATCCCAGTTGACTATA,102
ATCTATGGTAAGCAAA,102
ATCTTACTAAGTTATG,102
ATGGGTACAATAGAAA,102
CAAGAACACTGTGCGA,102
CAAGTTGGTTTCTGCG,102
CACAACGTTCTATTCA,102
CACCTCCTCCATATAA,102
CACGAATGACATTCCA,102
CAGCATTAAGAGGCTC,102
CCAGCATAATAATCAA,102
CCCTGACCGATTTCTT,102
CCTACAAACTATTACG,102
CGACATTCCATCGGTA,102
CGATTCATCGTATGAG,102
CTATTTAACGTAAGAC,102
CTGCACGTTTAGTTGA,102
GAGCAAGATCACTACT,102
GATAGACTAACGTTTG,102
GCTGAAGCATGCGATA,102
GCTTAAAGACTCGACT,102
GGAACAGCCTAGGCTA,102
GGACACCCATTCCAAG,102
GGCAGAAACTATGACA,102
GGCTTTCCAGTCAGAA,102
GGTACGTAGAATATAA,102
GTCAAAAATGCCCTCC,102
GTCAAAACGCCTATCC,102
GTTACGAACTTAGATA,102
TAATATGAGACATCCA,102
TACAGAACTGGCAGAA,102
TAGAAAAGAAATTCCA,102
TAGCATAATTCGATGA,102
TATACGACCTAAGCAA,102
TCAAAAGCTATAATTA,102
TCACATCTATCGCACT,102
TCAGTCTTACATTTAA,102
TCCATCTCGCCTAGGA,102
TCCGCGAAACCGTGTA,102
TGAGCCGTAAATCGGG,102
TGCTAAAATTTTCTGT,102
TGTATAGCTGGGGTTT,102
TTCTCCACGTCCCCAA,102
AAAAATACAGGGTATA,101
AAAGAAAAACACCCTA,101
AAAGGGGCTAGATAAA,101
AAATTGTCATATGAGC,101
AACAAAAGTACTTTGT,101
AACTATAACAAGAAAA,101
AACTCTTTTCTATCAC,101
AAGGCGATCTCTAGAG,101
AATTTCATCTAGCCGG,101
ACACGAGCGTTACTAG,101
ACATTCCGACCCTAAT,101
ACCATACTACCATACT,101
ACCATTTTAAACAGCA,101
ACCCAGAAATAAAATC,101
ACCCTAATATAGACTC,101
ACCTCGATTTGAAACC,101
ACGAAAAATCACCAGT,101
ACTATACAAGAGTATA,101
AGAAAGGCTTTATAAC,101
AGAGTTATAGCTGTCC,101
AGATACCCTACGCTTA,101
AGGAATAACGAAGCGA,101
ATAAGGAACTCAAAAT,101
ATAGCGCCATTTACGG,101
ATATAATGAATGGTAG,101
ATATTCATGTAACTAA,101
ATCTTAATCCCGAAAT,101
ATGATTAGGAATACCT,101
ATGGTCTTAACTGGAC,101
ATTAGTGGAAAAGATA,101
CAACTAAAATGCAGCC,101
CACAGTCTATGGGCAC,101
CACCCCGCTTGTTAAG,101
CATGAAACAGGGAAAA,101
CATTTCGTCTGCCCGC,101
CCAAATACTAAAGAAC,101
CCCAAAAGCGGCCAGG,101
CCGAGAATAACCAGAT,101
CCGAGAGCGTACCGTG,101
CCGCATAGACTAACCC,101
CCTCTATCAGCCGAAC,101
CCTGTGAATTACTTGC,101
CGCTGTGGGCCGGACA,101
CTATCCACGTTTCAAC,101
GAAGAGCTGTCAGTAG,101
GAAGGTCGTAAGCCTT,101
GATAACATAACATACG,101
GATATACACTAAATGT,101
GCTAAGGTATAATGAA,101
GGACGATATCAAAGTC,101
GGCTACACTCCAGAAG,101
GTACAAATACAACACA,101
GTATTATAGAGACAGA,101
GTGTAGACAGTAATGC,101
GTTCCCTTATTAACCA,101
TAAGACCCCATAGCTT,101
TACTATCGGAAAGACA,101
TACTCGCTCTAGAAAA,101
TATAATGAGAATAAAC,101
TATACTTGGGAACCTG,101
TCCTACTCAAGAAAAA,101
TCGTTTAAAAACTTGT,101
TGAAGGCGGAACATGA,101
TGAGTCTGAGCGAACT,101
TGATGGATACAGGATA,101
TTAAAGCGTCATCCTA,101
TTAAGGATTAGCTCGG,101
TTAGTACTAACTGGAC,101
TTCAATCGAGCCCTAA,101
TTCTCAGGCCAGACAA,101
TTCTCAGTCCAATACT,101
TTGCACGGCCTTGTCA,101
TTGGCACCGTCAGATA,101
AAATAGTTATGACGGT,100
AAGCCTGCCCAGTCAC,100
AATACAGATGCCAGAC,100
AATTCAGACTAACAAG,100
ACAGAATTGATTACGT,100
ACCGATGTAAACTCAT,100
ACGAACGGCGTGTATT,100
ACTCGATAGCACATAA,100
AGCTTAGCACTAGGAC,100
AGTACAGCAGTCTTAA,100
ATACTATGTCAGATGG,100
ATAGAGACGGTATCTT,100
ATAGGAACATGAAAAA,100
ATATAAGTCCCCCGGT,100
ATGCTCGAATGCACGT,100
ATGGGGCTCCTATACA,100
ATTGAACGGCTTCTCG,100
CAACCGAAAGAATAGC,100
CACTTCGATTCAGAAT,100
CATTAAGGGCTTGGTT,100
CCCACCAAGACAATGT,100
CCCAGGGATATACTTC,100
CGATTATAGCTCGCAT,100
CGTGTTTATGTATTCG,100
CTAGCCTGTCCAATTG,100
CTATACCATTGTAGCC,100
CTGCAGAAATACACTC,100
CTGTCACCATTCGCAT,100
CTTCACAGCCTACCGC,100
CTTTATAGGACTATCT,100
GAAGAATAGTGTCTGT,100
GAAGTATTAGGGTAAA,100
GATACTCACCCCTGTT,100
GCAAGTAGGGCCACCT,100
GCACTAAAAAATGAGA,100
GGATATAAGAAGTGCC,100
GTAACAAATCATGGTC,100
GTAAGTTGATCGTAGG,100
GTAATAATAATTACGG,100
GTAATGACATAACGAC,100
GTAGCAAATACACACG,100
GTCTTCTAGTAGAAAC,100
TAAGCGAGATTGCTCG,100
TAATAGGAAATTCCTA,100
TAATATCTCACGCAGT,100
TAATGATCGGTTCACT,100
TAATGCAGCTATACAA,100
TACTACAAATACTGTG,100
TAGGGTCGGACCGCAA,100
TATAAAGATCATAGTA,100
TATACAGATCACTTAG,100
TATCCCATCCTACATC,100
TCACGTGAAAAATTCG,100
TGATTAAACACGTTGA,100
TGCAAGAATGCCAAGA,100
TGTAACATCAATTGTT,100
TGTAATGCCCTGAGTT,100
TTCATCAAATCAACTG,100
TTTACATTTTGCGGAT,100
TTTCATTTCCACTACC,100
AAAAACCTAAGTTGCC,99
AAATCTATCCTCAATA,99
AAATGCATCTCGCGCT,99
AACCTTACATATAAGT,99
AAGAGGATCATATTAT,99
AAGTGTCAAATCAACT,99
AATAAGTTTCATACCG,99
ACACTTAAAAACGCTA,99
ACTAAAAAATTACCAA,99
ACTGCTAGATGTGCTA,99
ACTTGCCACGTAGGCA,99
AGAACGAAGTATTATA,99
AGCAATAGAGCGAGCT,99
AGCCCTCAGTATGTCT,99
AGGGAACTCCGTCCAT,99
ATATGTATCTCAATGG,99
ATATTCCTATCCCGGC,99
ATGAACCTTTAATGTA,99
CAATCATAGGATGGTC,99
CAATTTCAGGAAACCG,99
CACAATCAAGAACTCT,99
CAGGGCCTTATAAGTC,99
CCAATATCTTAATCTT,99
CCCAATAGACAATGAC,99
CCCGTACACATGTTAT,99
CGGGTCCCGCAGGAGT,99
CGTAAAAATACAGTCC,99
CGTAAAAGACCAAATG,99
CTATCCAACTTATGCT,99
CTTATACCGTGTAATA,99
GAAGAATGGCGTCATA,99
GACTGGTATCGGCAAC,99
GAGAACAAGGTCCTAG,99
GAGCCGAAATATATAT,99
GAGTGATACCCACATT,99
GATACCCATCTCCAGC,99
GATCCTACACCATGGG,99
GATTACTTTAACCCTA,99
GCTATCTTATCATTAG,99
GCTCCCAAGACAACGG,99
GGTTAACTGAACGGTA,99
GTATTAATCAAATAAA,99
GTGTCATTAGCTTTAA,99
TAAAAGGTGCCGTTAA,99
TAATCCAATCAATAGG,99
TAATTGGATAATACGC,99
TAGAGCGGATTTGCGC,99
TCATTTCAATAAGTAG,99
TCCGACTAAACCCAAC,99
TGAAAAACCTAATTTA,99
TGATGATGGCACTTAC,99
TGGAATAAAAAAACGC,99
TGGAGGAGAGAAGGCA,99
TGGCATTCCTCTTAAA,99
TGTAGTCACCCCTTGT,99
TGTCTGTCGCATGGCC,99
TTCACGAGGATCAAGG,99
TTTGGTTGAATTTAGA,99
AACCTATCAGATTGGT,98
AATCGAACCCCACGCA,98
AATGCACTATCTCGAT,98
AATTACAGCACATACC,98
ACAAAATTAATATTTA,98
ACAAGTCTACAATAGC,98
ACAGCTGAACCCCTTA,98
ACAGTCTGTAAGAGCT,98
ACTAGAGTGTGACTTC,98
AGACTACCCTGAGCCA,98
AGATAGCCTAGATCAA,98
AGCAACCGCTATCACT,98
AGCGCCTCCGTCCCTT,98
AGGAACCAGCGGATGA,98
AGGAACTAATTGTCCA,98
AGTGAGATATAACACG,98
AGTGGGCAATAATGAT,98
AGTTTGCCCACCTAAC,98
ATATAGGAAGAACTGT,98
ATGGAATGTGGATATA,98
ATGTTAGAAGCAGTCG,98
ATTTCCCACATCAAAG,98
ATTTCTCACTCTAAAT,98
CACAACAGCAGTAATA,98
CAGTTTATCAGACCCG,98
CCAAATGAGGGCACGA,98
CCAAATTAGCTCACGG,98
CCAAGGGATCCAATAA,98
CCACTTGGTCAATGCT,98
CCTATTACGCACTCAA,98
CGCGCTTAACACTGTC,98
CTCAAAATACCTGATC,98
CTTGCACGTAACCTCA,98
CTTTTCCGAGAGTCCT,98
GACCTAGATATTTGAT,98
GATTGGAAATTGCAAG,98
GCACACTTTCATAAGG,98
GCCAAATAAATCACAA,98
GCCAAGAATTAAGCAT,98
GGCCAATGATACAGTC,98
GTACTGCCTGCATTAC,98
TAATCGGGTTGTTATA,98
TATAGACAATAGGAAA,98
TATTTTCCAGTTAATC,98
TCAGTATCGAAAGACT,98
TCCAAACTATGATTTT,98
TCCTAAACAGTCAATC,98
TGCTGTGAGATATAAA,98
TGGACAGTGCCTGCAA,98
TTAGCGCGATGATCAA,98
TTATGCACTGTAGTGA,98
TTATTCGACATGGCAC,98
TTGCCGGCAAGTTCTA,98
AACCAAAAAAACAAGA,97
AAGGAATTACAATAAC,97
AAGTTAAAATATGGAA,97
AATCAATCATCTAAAA,97
ACACGTATAAACCGTC,97
ACATTTTAGTTACTGA,97
ACTCATGTATGGAGTC,97
ACTCTTGGGTAACAAA,97
AGAAATCTAGGCGTAA,97
AGAATGGGTGCCATAA,97
AGATCAGCTGTATAAA,97
AGGAAACATAAAACGT,97
ATACACATGAATCCTC,97
ATATTCAACAATGGGT,97
ATCGAACGTTTCTCGC,97
ATCGCATTTGAAGGAT,97
ATTAATAAAGCATACT,97
ATTATGTATTCATCAC,97
CAGACTACCTATCTTA,97
CAGCAAAACGACACTA,97
CATCAGGTAAATAATG,97
CCCCAACCGGAACTAA,97
CCCTACGATCAGAACC,97
CCGCAAAAACAGATGA,97
CCTAGATCTCCGCTAG,97
CTAATTTAATAGATGA,97
CTACCTAGGTACCTAC,97
CTATGTAACCCTTTCG,97
CTTTATAATACACCCT,97
GAAAGCTGAATCAATA,97
GAACTTAAGTCTCTAT,97
GCCACCTCAGACTGTT,97
GCCATTGCATACGTAC,97
GGTCGTAAATTGAATT,97
GTAAGCAAATCCCCTG,97
GTAAGTGTGCGGACAG,97
GTACCACCCCGACCAA,97
GTGATCCCAAACCAAT,97
GTGCCGACTGGCAGCG,97
GTTAAAAAAGGAAGAT,97
TAGTGCGAGCCTACGC,97
TAGTTGCCCTTGTTTA,97
TATCACAAACAATAAG,97
TATTTTAATAACTTAT,97
TGAATCAAAAAGACAT,97
TGACTCTTTAATGACT,97
TGAGTCAGAATCCTGG,97
TGTAGGTATACGGTTA,97
TTAAAGTAATCTTGTG,97
TTACACCCCCGAGCGC,97
TTACAGAACTTTCATA,97
TTACCATCTCTCATTC,97
TTCTAAATACAAGGTA,97
TTTTTAGGATATAACT,97
AAATAAAGACCATCAT,96
AAATCCAAGCTTACCG,96
AAATCTAATAGTTAAT,96
AACAGAATAACAGAAG,96
ACCCTATAAGGCATGA,96
ACTCAATTCTACCCTA,96
ACTGCCGGCTGATATT,96
AGATGACTCAGAATTA,96
AGCCTAGGTTAATACT,96
AGCTGTGATTAAGACC,96
ATACGTCCTACACCCA,96
ATACTAATAACGGATA,96
ATAGCTAATTACAACG,96
ATCTATTGCTTATTTA,96
ATTCAACACGATAATC,96
ATTGGGTAAAAGACTA,96
CAACGAAATTATTTAA,96
CAATACATACCCTATT,96
CAATGCCTTTCCATAC,96
CAGCGATCAGACGCTC,96
CATCGCTTAAATGGAC,96
CATTCAAAGCACTCGG,96
CCAAATAAAACTAAAA,96
CCAATCACAATAAATA,96
CCATCTACCCCGTGGG,96
CCCAAGAAAAGACGTA,96
CCCAGTTCCGTAACTG,96
CCCTAAAGTCCCTGCT,96
CCGTCGTACCCTGAAA,96
CCTATGAACAGTTTTC,96
CCTTATTGACAGATTG,96
CGATCCATTATTAGTT,96
CTAAACATGCACTTAA,96
CTAAATTGAGGCCTCA,96
GAAAAATGTTCCCAGC,96
GAAACTCCCTAAGCAG,96
GAAACTTATCAATTTA,96
GAACACGGTGGGTCTG,96
GAATACAATATTAGTC,96
GAATACAGGAAAATTA,96
GACAATTGAGTAACTC,96
GACTGGACCTATTCAA,96
GAGCCCCAAATCATCG,96
GATACAAAGGCGCACT,96
GATAGGAACACTCATT,96
GATGTATCTTCGATAT,96
GCACGATCATGACATA,96
GCAGCTGACGAATAGC,96
GCCAGTTAGCCGGATT,96
GCCTAGCCAACGTAAG,96
GCGGGAGCCTCGCCAC,96
GCTAAGAACGCACCAG,96
GCTGAAACCTGAACGT,96
GGAGCATGAACAATAT,96
GGATTGTTATGGCTGG,96
GGCACAGCAAAAGAAC,96
GGGGATCGAACAACTA,96
GGGTAAATAAGCCCAT,96
GTAAAAACTAATTCAT,96
GTACGAGCAGAAAAAA,96
GTTTGCCTTATAGGCG,96
TAACAGCACCATCATG,96
TAAGGTATCCCCAAAT,96
TACATCTCTCACACTA,96
TAGACAGCGGTCTACA,96
TAGCCAGAACAGCGAT,96
TATAACGAAATTTAAA,96
TATAAGATAGCAATAT,96
TATACACTGGATCAAA,96
TATCTAACTACTAAAA,96
TATGAGCTATAATTAA,96
TATTACTATTGATGAT,96
TCAGAAAATGCCAACT,96
TCCCAATTTGTTGCTT,96
TCTTTAAAAGCAAAAA,96
TGACCCTTACTATCAA,96
TGATATATAAACATGC,96
TGATTGCCATTTACCA,96
TGCACGTGCAAGATAG,96
TGTAAAAACGTTAATA,96
TTAATTTAGATCCGCT,96
TTAATTTGATGAATTG,96
TTCTGCTGGACCTTAA,96
TTGACACCCCGGGTCA,96
TTTTGTAGTTCTAGAC,96
AAAAGAATTTACCATA,95
AAAAGCCAAGGGTCAC,95
AAAGATTGGCGTAACA,95
AACCCAAATTCATGTA,95
AACGCCCGAATTGGAA,95
AACTATTGTGTGATTC,95
AACTGCTCTGTAAGTT,95
AAGAAATATTCAATAG,95
AAGAGAGACTTATTTA,95
ACAAACTAAAGAATGA,95
ACAAAGGAGCCCAATA,95
ACAATACCAGCACTAA,95
ACACGCAAATACGCCT,95
ACACGTAGTGCTGCGA,95
ACACTAAAGTTTTGGT,95
ACATAAGATTGGATCT,95
ACATCCGAGACCAGAT,95
ACCATACCGCTGACCC,95
ACTCTTATTCACTGCA,95
AGAAGCATAGGAAAGA,95
AGCGAAGATAACCTAA,95
AGTATAGTACTCCGCA,95
AGTATTTCCCAAACGC,95
AGTCATAGCGAAAACT,95
ATACCCGTGAATAAGA,95
ATACCTACCGCACTGC,95
ATCATGAAAACATGAG,95
ATCATGTGAATGGGGA,95
ATCCCAAAAGAAAGTA,95
ATCCCTGCATCTCTTT,95
ATCCTAGCTTTGCGTG,95
ATCGGGTACCCGAGAA,95
ATGAACACTAATAGGG,95
ATTAGTACGCGCCCAG,95
CAAAAAGTTATCTGAA,95
CAACGCGACTAAGAGG,95
CAAGCACCGCACTTCT,95
CAAGCTGGCACGCTAA,95
CACTCAAATATGGGGA,95
CAGATGCGTCAAACAA,95
CATAATTTAATCACCG,95
CATATCAGCTACCGGG,95
CATCCCACTTAAGTTA,95
CCAATAAATAGTCAAT,95
CCCAAATATATTGGTT,95
CCCATTTCGAGGCGCA,95
CCTGTGGACTTCGGAA,95
CGCACAATCCCGTGTG,95
CGTTTGGGTTAAAGAA,95
CTAAGTAGTTCATATA,95
CTACTTTAACGTTCTA,95
CTATAGAGTCCCAGAG,95
CTGAATCTACTAAACG,95
CTGACATGACCGTCAG,95
CTGATACTACGTTAAG,95
GAAATAACGATTCCAC,95
GAATTAGCTTAAAAAT,95
GACTATCTGATATTGA,95
GACTTGACAGATAATA,95
GCTTACTCGGTCAGAC,95
GGAAAAGGCAGCACTA,95
GGAGAACGTTCTCCGT,95
GGCAGCAAAAGCAAAA,95
GTATTTATATGACCAC,95
GTCTTAAGCACCAATA,95
GTGTCACCGTCCAAAA,95
GTGTGCTAAAATCCGT,95
GTTACATGACTGTTAA,95
TAATCTGATGACAAAA,95
TACAGTTAGCTTAATA,95
TACATATTCGCGGGAG,95
TACTGGAGCTACCAAA,95
TAGTGTCGAGGTGTGA,95
TCCAATAAAGGTCGCC,95
TCCACTTAAAATTAAA,95
TGATACGTGTATATAA,95
TGGATTTATATCTACG,95
TGTTCCATACGCATTA,95
TTAATTACAATTTAAA,95
TTGAAATTTGTTGTGT,95
TTTCTATATTCAGAAC,95
TTTGACATAGAAACTA,95
AACGTAACCCTTATAA,94
AACTTTGATATCACAT,94
AAGCAAGATAATTTAT,94
AAGCGACGGAGATGCG,94
AATCTAAACAAGATTC,94
AATTTGGATACTATGC,94
ACACACATTAATATAC,94
ACCAGGAGCCGTTGCG,94
ACTCTATTGAGTTTTT,94
ACTGTCCATCGCTATA,94
AGAAAAACACCTAAAT,94
AGAAAGCTAAAAGCGC,94
AGACACAATCGCTATA,94
AGCAGAATTGTAACTC,94
AGCATTAAAAGACCAA,94
AGCCTCTTAATTCAAC,94
ATAAAAATGAAGTCAA,94
ATAATCGATTAACTAG,94
ATCTCAGCTTGAGGGG,94
ATCTCTCGTCATGAAC,94
ATGAGACATAGCGATT,94
ATGGACCAAGAATTTT,94
ATTCTAAAATGGTGTC,94
ATTTTACTCATTTTGC,94
CAGAAACTTCAAAACT,94
CAGAGCGAGAACAAAA,94
CATACCATGATTTGAT,94
CATCTTGGAGCTAAGC,94
CATGCTCCAAGATATG,94
CCAACACCTCCTGCTA,94
CCCTGCCTCCTGCGAT,94
CCGGGCAACATTGAAC,94
CGCAGAAGAAAATAGA,94
CGTCGAGTCTATAGGA,94
CTATCTCACTTGATTA,94
CTGAAAGTATCGTGGT,94
CTGATTCAGATGGTAA,94
CTGTTAGCGATTTATC,94
GAATTTTCGGAACATA,94
GACCCTACTTTTATTG,94
GACGTAAAACTTATTG,94
GCACCATAATACCGTA,94
GCGAAGTCCGAGCGAA,94
GTATAAGATATTTCTG,94
GTGAATGCACATATAA,94
GTTCGATCAGAACAAC,94
GTTTCGCTCTGACTCA,94
TAAAAAACATCCTCCA,94
TAAATAGAGTTGTTTA,94
TACAAGCGTAATTACA,94
TAGACACGTTCGCCAT,94
TAGCTCGCTGATAAAA,94
TATCAGTGTGAAAGAC,94
TATCTGGCGAGTCAGA,94
TCACCATTAGCATCAC,94
TCATACACCCCATGCG,94
TCTGCTTTCATACGCT,94
TGACCTGATGCAATCT,94
TGACTGAAGTCAGAAG,94
TGGATGAAGAAAAGAA,94
TGGTGAGAAGCGTTGA,94
TTAAACAAAACAAAAA,94
TTGAAAACCAAGCCAT,94
TTGCCAAAAATCATTG,94
TTTGTACGTTTGAGTA,94
TTTGTTTCAGGACCCC,94
TTTTACATATCCTCGT,94
AAAGACACCATTGAGA,93
AAATATGACTATTATG,93
AAATTTGACAATAAGG,93
AACTAGTTGGGCTGTG,93
AACTTTTGTCTACATC,93
AAGGCATGATTTCCAA,93
AATAATTAAATTTTTA,93
AATGCCCGAGGCGTTC,93
AATTACAACTAGAGGG,93
AATTCCGTAAAAAGCT,93
ACACACGCAAAATAAA,93
ACACATCCCAAAGGGC,93
ACCTCATTAACCACTA,93
ACTGTATGCAACAATA,93
AGCAGATGGCAACCTA,93
AGCGCTTAAGACATGT,93
AGCTCTAGCCTCGACA,93
ATAAATAATATGCATT,93
ATATGGAATAAAGTAC,93
ATCACAATCGCCGAAA,93
ATGAGCAAATCACAGT,93
ATTACCGAGGGACCAC,93
ATTCTTCTAAACTCTA,93
ATTTAGCAATTTTGGC,93
CAATGCTCCACTTAAG,93
CATAACCCCATACACA,93
CCAGACCAGCGTCCGA,93
CCGTGTTGTTAATTTC,93
CCTATAGTATATGGTC,93
CCTTACATGAGGCTAC,93
CGAAAACGCGATCTAC,93
CGAAAATAAATGCCGT,93
CGACAACTAAAGTATA,93
CGATATTAGCCTAGGA,93
CGCAGACACACCACTG,93
CGCCATTAAAACCACT,93
CGCTGCAGGACGGTCC,93
CGGAACCTTGTAAAAA,93
CTCAAAGGATGACAGG,93
CTTAAAACTAAACTAC,93
GAAACATAACACAAGT,93
GAAATATATCAAGGCT,93
GAACAACTAGGAGCCT,93
GAATGACTAGCAACAC,93
GACTTTCACTGCTTAC,93
GATAGCTGTACCTAGT,93
GCAACGTCATAAGGAC,93
GCAGCTTTGTAAGGCC,93
GCTCAAACTATAATTT,93
GCTCTGAAAACAAGTT,93
GCTGTACCAGTCATTA,93
GGGTCTTCCTTGCTCG,93
GTACAATCCGAAATCT,93
GTAGAACTCAATAACG,93
GTATACAATTGGAAAC,93
GTCAGGTTGCATATTC,93
GTTGCCCCGATCAGCA,93
TAAAAACCTAAATTCT,93
TAAAATAGTTCTAGGA,93
TACACCCGCTATACAG,93
TACACTGGCCCGAACA,93
TACCCTTACTAGCTTT,93
TCCAAGTTGACCCACA,93
TGACAAATACCGGCTA,93
TGCTCTTCAAGCAGTA,93
TGTAATTCATGATAAG,93
TTAATTCACGTAATCT,93
TTACTTAATACAGCAC,93
TTGATGAAGGGTGATA,93
TTTACGAAAGTCCAGG,93
AAAATGCACTGAGAGA,92
AAACAATACTTCACAA,92
AAAGATTTGTCACGTT,92
AAAGCTCCAGCTATGA,92
AAATCCGGTTAAAAAT,92
AACATAAATTTCGGTA,92
AACCATTTAAACTGGA,92
AAGATCACTTATCGCA,92
AAGGTTAAAATAACTA,92
AAGTGGTCGGAGATCT,92
AATAAAGATTCAGCAT,92
AATAAATTCTTCCATA,92
ACAAATATAAAATAAT,92
ACAACTAAACGATACC,92
ACAATGTAATCCGGAA,92
ACACATATATAATCTA,92
ACACGAATAAGTGCTC,92
ACAGAGATGGCATTCT,92
ACATTTTGCTGACTGT,92
ACCCCACGTGAAAGGA,92
ACCTAAAAGTATAATA,92
ACCTGTCAAATAACCA,92
ACGGATCATGGCGTTA,92
AGAAACTAGAAAGAAT,92
AGAATAGATTGCCGCT,92
AGCTCCATAAAATCTC,92
AGTAATAACCAGTTAG,92
AGTGATTCTCTGTCGA,92
ATAAATATAACTGCAG,92
ATACTCCGGAAGACTT,92
ATACTGTTCCAATACT,92
ATATGATAGAACAAAT,92
ATCTCTAAGTTAGAGT,92
ATTGGGACTCATAGCA,92
CAAAATTCTTAACATA,92
CAAACTCCCAGATACC,92
CAACTCGGCGCCAGAT,92
CACATAAAAGTCCCAT,92
CATAATGGTTTGCATA,92
CATAGAAATGCCTCTC,92
CCGGTTCAAAAATCGA,92
CGCCCTTTTGGCCTCA,92
CGGATGGGCAACAGAC,92
CGTTGTACCGATATTT,92
CTATACTCTATCCACC,92
CTATTGCCTAAGTACC,92
CTATTGCTAAAATGAA,92
CTTAACAATTATTAAA,92
CTTAAGGAAGGTCGAA,92
CTTAGTGCAAGTTTTT,92
CTTGGATCCAAAAGGG,92
GAACCAACGAAGAATA,92
GAATCATCCACTTAAC,92
GAGAAAATTTGCCTTC,92
GAGGTCGATGTCAAGC,92
GATAATTTTGTAAGTG,92
GGCAAGCCACAATGCG,92
GGGCTGTTGCATACCC,92
GGTAATATCCACGGGG,92
GTGGATCACCAATAGG,92
GTTAGAAATGAATTTA,92
TAACGTTCTATCCTGT,92
TAAGAGAAGCCATACG,92
TACATAGTGAACAATA,92
TACTTGTTTTTCCTCT,92
TAGAATTTGCAGTGAC,92
TAGACGAAAAACGATT,92
TAGGGTATTATGACAC,92
TATGCTAATGGGTACG,92
TGCAGGATGTTTCCCG,92
TGCAGTTGTATACGAA,92
TGCCCAATAACGATGC,92
TGGGGGACTGAGGAAT,92
TGTTATGACGATTAAT,92
TTAAATGACAGGATTG,92
TTACATGGTGACTGCA,92
TTATGGTTGTCCGTTA,92
TTGGCAAAAAGACGGT,92
TTTAAAATTCAGAAAA,92
TTTTGAGTTTACTTGG,92
AAAAAGACATGCATTA,91
AACATATAACGTTACT,91
AACCATAAGCCCATGC,91
AATAATCGGTAGGATA,91
AATAGCCCTCGTCAGA,91
AATGCTTTAAACGTTA,91
AATTCTGGTCAATCAA,91
ACAATCAGGAGAGGCT,91
ACAGGGAATCCAAGGT,91
ACTCCCTTTCTAAGCA,91
AGAAAAAATACCGAAT,91
AGAATGGCCTCGGGTC,91
AGACACTTATAAATTA,91
AGCACTGGTCAATACG,91
AGCTATCTTTATGAAC,91
AGTCGACAGGAAATCG,91
AGTTCAAAATGTGCTG,91
ATTGTGTAGTTAAGAA,91
CAAAATATACCCCTGA,91
CAATAAAAAATCGCCT,91
CACAAAGATCAATTTA,91
CACATACACGTCGGGA,91
CACTAGAATAGATACC,91
CACTCTAGCAAATATC,91
CATACATAAGATATTA,91
CATAGGATCCATTGAC,91
CATTTTATAATATTAA,91
CCAAATCCATAATCAT,91
CCAGCTAATTATAACC,91
CCCCAAGATCGGATCT,91
CCCGAGCTGTAGCTGG,91
CGAACCCATCAAAAGA,91
CGAGAACCTGTTAGAG,91
CGATATCAAACAAGAA,91
CGCACTGCTTTACAGC,91
CGTGACATGATCCCAA,91
CTTAAGTAACTATGGT,91
CTTTGGTTAGGGCCTA,91
GAAGACAATAATTAGG,91
GACAGCATCCTCGATA,91
GACATAATCCGTTCAC,91
GACCATGAACGCTCCC,91
GATGAGAAAATTCAAC,91
GCAAGTAGCAGGTCTC,91
GCAGAAACTTGGGCTG,91
GCCAAGAGTGCACATA,91
GCGGTAAATCGAATCA,91
GGTTTGCCTGAAAGAT,91
GTACTAGATAAAAATT,91
GTATCCGAATAACATT,91
GTGGCGTCAAGACGAC,91
TAATTAAACAAGTTGC,91
TACCCTTCAAAAGTAA,91
TAGACACAAGAAAAAG,91
TAGTAAAGTACTCAAG,91
TATACAACATGAGGTG,91
TATTGTGACCAATTAG,91
TCAATCTAGAAGAGAT,91
TCACCCCATATAAATA,91
TCCAAGAAAAATACAT,91
TGAAACCAATTATTCG,91
TGACGAAAAGATCGTA,91
TGCCTCGGAAATCATT,91
TGCTTCAAGTAACGCC,91
TGTCGCATTAAAATAG,91
TTAAATTAATCACTTG,91
TTAACAAACACAGTCC,91
TTATGCGAATTATCCT,91
TTCCAAAGAGGGACCC,91
TTGGGCCTAGTGACGT,91
AAAGATTAATATTACA,90
AAATGTAAGCTTACTT,90
AACGAACGCTACTCCT,90
AACGCTCGAAAGACAC,90
AACTATTAAACAACAC,90
AAGGTACTATCCCGCT,90
AATAAGTAAGAAGCTT,90
ACATTATATTAGCACT,90
ACCCGCGGTATTCGGA,90
ACGAGCTCCAAGACCT,90
ACTACTATAAAACTGT,90
ACTATCTGATATATAG,90
AGAAGCCGAAAGCGAG,90
AGAGACAGTGCAATGA,90
AGATAACGGATCCGAA,90
AGCCAATAGGGAACCG,90
AGTAAGGATGGTGTCC,90
AGTACTGGCACTCATG,90
ATCCCTATTTAAATCA,90
ATGGAAAAGTGGGCGA,90
ATTCACCTAACACCCT,90
ATTTATCTAAGTTCAT,90
CAACTAGTATGCTACC,90
CAAGGCATGCGCCAAA,90
CACAGCGCAAATCAAC,90
CCAATAACGTTTTAAC,90
CCAGCTGAAATTGAAC,90
CCGAACACTGTCATAA,90
CCTAGTACAATGTTTG,90
CCTCGCTAGAGGAAGA,90
CGAAAGTGAAGACTCT,90
CGATCACTATAAAACG,90
CGCAAGACGTGAAAGG,90
CGCTAATACGCTTCGA,90
CTAAAAGCATAGCTGC,90
CTAATCACAAATCACC,90
CTATTGCAGTTCTAGG,90
CTCCCAAAGTGCCATA,90
CTCTCTTGTACGAAAT,90
CTTCGACTGCGCCCCT,90
GAAAACGCATCACTCA,90
GAAAATCAAAAAGAGA,90
GAAGGGAACTGAACAA,90
GAGCCAACCTTTATAA,90
GATGTAAACAAAACTA,90
GATTCTAACATCCATC,90
GCCCATAATGTTCCGT,90
GCCGAAAGACTTATTC,90
GCCTAACGTCCGAACT,90
GCTCCCATACATGTGT,90
GGAATAACCGAAATAC,90
GGATGCACTCATTCCA,90
GGCGGTGAAGAGCCGG,90
GGGCAAATAGAAAAAC,90
GTTCTGCTCACCACGA,90
TAATCAGATCGCGGAC,90
TACATTAAAATAGTCC,90
TACATTAATAAAACGT,90
TACGTTAAGACGCTTT,90
TACTACCAACCATATT,90
TAGAGACCAACTTCCG,90
TAGCAGCTAATAACGA,90
TATAAACCTCTAATAA,90
TATAACCGAATGTCAA,90
TATAACCTTTTGATGG,90
TATACCCAGACCCTCC,90
TATCAACTAATAGCAA,90
TATTATTGAGACTGGA,90
TCACAACTCTAACCAG,90
TCATTGGCAAGTAAAA,90
TCGAACGAGACATACA,90
TCGCAATGAAGCGTCT,90
TCTCATAAGTGTCGTA,90
TGAGCGTTATAGAAGC,90
TGCATCACTACACAAG,90
TGTAGATACTAAAACT,90
TTAACCAACATCAAGT,90
TTAAGTAATCAATTGT,90
TTAGCCAGTTTTAAGG,90
TTATTCCCTCAAAGTG,90
TTCCTTGCGAATCGAC,90
TTTGAAATTTATTTAC,90
AAAACACTACAAATCG,89
AAAATAAATACAACAA,89
AAAATGCTTAGAGGTA,89
AAAGCCTAGACCTTAT,89
AAATTGTCGTGGTCTG,89
AACTATGTATCGTGCA,89
AAGCGTCAGAATCAAG,89
AAGGCATTCATATTAT,89
AAGGCTGGATAGATAT,89
AAGGCTTGCAATTGCA,89
AATAATAATAGCACAA,89
AATCAAACACAGTTTA,89
AATGGTCCAGAACCAA,89
AATTATTTATTTAAAA,89
ACAGTTTAATAGTAGT,89
ACGCAATGAATAACAA,89
ACGGTGACACCCTAAA,89
ACGTAGACTTAGGTCA,89
ACTGCAAATCACTAAG,89
AGAAAGCTACGGTTCT,89
AGAATGTATGTACCAA,89
AGACGTACTAACCCCC,89
AGCACTAATCCTGCTT,89
AGCCGAAGAGTGGGAA,89
AGGCCGCAATTGATAT,89
AGGTGATAAATATACG,89
AGTTTACATCCTCCGC,89
ATAAGCTGGTCGTCCA,89
ATAATAATAACATTCG,89
ATAGAGTAAGGAAATC,89
ATGCGCTACCAGTCTG,89
ATTATTAAAGGCTACC,89
ATTTTGCTTATGCCCC,89
CAACTCTCAGCACGTA,89
CAATATTTACGCAACT,89
CAGACTAAAAACACAT,89
CAGTCCCATCACAGGT,89
CATAGAAGTGGGTCTT,89
CCAAACGGACTCGCAC,89
CCATTGGTTAACGTTT,89
CCCGATTACCTAATAA,89
CGCTACAATTCTCCGC,89
CTACCCAACGCTACTA,89
CTATCCTCAGAGGAGA,89
CTCAGCTGGACTTAGC,89
CTGCTTTTTTTACTTC,89
GAACTGAGTAATCCAT,89
GAATTCAACCCAAATA,89
GAGTACTGTTGTCACC,89
GATTGTATCTTCTGTC,89
GCGAGGCCTTTCTAAC,89
GCGTAATGAGGCCAAC,89
GCTATCTGCCAACACG,89
GGACTACAGCCATACC,89
GGCAAGATTGGCTTCC,89
GTCAAATGGTTATAAT,89
GTCCTAATATAACATC,89
GTCTTTTTACCAAACC,89
TAACAGACACTCCAAA,89
TAACCAGAGAGTATAG,89
TAAGAATTATAGGATT,89
TAATCCGATTCTATTT,89
TCATAAGACACAATTA,89
TCGAACACTTATGAGA,89
TCGTTAGTTACCAAAG,89
TCGTTTTGCGCCTTAA,89
TCTCAGTCTTCTTAAC,89
TCTGTTCTAAACAAGG,89
TGATATTGCTACTATA,89
TGCCTCACATATCGGG,89
TGCCTTACATTCTCGA,89
TGGGCGTGACACATTA,89
TGGGTGTTTGGCAGAA,89
TGTCGATAAAGCCCAA,89
TTAAGGTATAATTATG,89
TTAATCCAGCTAGGTC,89
TTACCAGCGACCTATA,89
TTCCGAAAAACCCAAC,89
TTGCCCCTGAGAGGCA,89
AAATCACTGTCCGAGC,88
AAATCATTGTATGAAA,88
AACCTAGAAAGATACC,88
AAGACTTAAAGCGATG,88
AATCCACCCATGCGTT,88
AATTATCGGCACCTTA,88
AATTCACACGTCCAAG,88
ACTCAGAAACATTAAA,88
ACTTAAAAGTAGCACA,88
AGAACGTTAGAAGAAA,88
AGCACATGAACACAAT,88
AGTCATGAAGTGTCAG,88
ATAATTAATTAACTAA,88
ATAGCACCTATCAATT,88
ATAGGATGTCTTATTT,88
ATAGTCTTATTAATTA,88
ATCACACTAATTTCCT,88
ATCCTAGAAACTGAAA,88
ATGAGGCTCGGTATCC,88
ATGGAGACCCCTCGAT,88
ATTAGGACGCACTGAG,88
ATTTCACTGTAACTTC,88
CAACCATCACCCAAAG,88
CACACTTTGACCTCAA,88
CACTTAAAGTAACTTA,88
CATGAACATGTTCAAA,88
CCAACTAGTCAAGCAA,88
CCAGTTAAGTACTAAT,88
CCATGAGGCACTTTCA,88
CCCACTATTACACATC,88
CCCGAATCTAGCTCAG,88
CCGCATCCGTGAAATG,88
CGATCCGATTCTCTTA,88
CGGCCTAAAAAAGAAA,88
CGTAGCCCACGTAGCA,88
CTAACAGAAAATGAAA,88
CTCACAACGAAGAGTG,88
CTCAGATTTACACGAC,88
CTCAGTTGGGAAATCA,88
CTCGAAGTAGACCACA,88
CTGCCACACTTATCTC,88
CTTAGAAAAATAAGCG,88
GACAATTCTTACAGGC,88
GAGGCTATTTACAGCC,88
GAGTTTAAAGTCTAGC,88
GATAACATCGGGGAAG,88
GATTACAATTAGGCCC,88
GGCAGGGTTAATTTGA,88
GTTACAAAAACTCAAC,88
GTTCCACAAGAAATCT,88
TAAGTTCTGGTGCCCC,88
TCCACTACAACCATCT,88
TCTAAATCAGGCAATA,88
TGAACAATAGTCGCCT,88
TGATCCTATTGGAATA,88
TGGCAAATAATTCAGT,88
TGTCAACGGCAATAAT,88
TTACCACCCACGAAGA,88
TTCGTTACGCGAAGGA,88
TTGATCAACACCAAGA,88
TTGTAATCCCTAGCCA,88
TTGTATGATATACTCA,88
TTTCGGAACACTCCAT,88
TTTGCGGCTGCATATT,88
AAAAAATGAAACTAGT,87
AAAACTGAAGGTTCGG,87
AAAAGTGAAAGGACGA,87
AAATAATGTGATACTC,87
AAATTATCAAAAAGGG,87
AACAGTAATAACATTC,87
AACCGATCAGATAAAG,87
AACTAAAGAAAATATG,87
AACTAAGCGCAGTGTC,87
AAGGGTTATACGGGAA,87
AAGTACGTTGGTGCTC,87
AATAAGAATGAAATAA,87
AATATAAACTCAGTGT,87
AATGAAACTTAAGCGA,87
AATGAAGCCGACAACC,87
AATGAGGATTCCGAAT,87
AATGCTTGTAACTAAC,87
ACACGATATTCGAGCG,87
ACCCTATTAGTCGGTT,87
ACGTCAATAACCGGAC,87
ACTTACTGTCTGAAAC,87
AGACGAATTAAAGAAA,87
AGACTATTACGGTCAT,87
AGAGCCTACTTCCCAT,87
AGATACCAAAACACGA,87
ATAGCCTAAGGTGGCG,87
ATCTATTTTGAATAAC,87
ATCTTTATAGTCTTCT,87
ATTCCCATGTTGCGTT,87
ATTCGCGAACATACGC,87
ATTGCATCACATACAC,87
CAACTGCAAGAACCAC,87
CAAGCTCTAAATATAG,87
CAATGAACGCGTACCA,87
CACAGCCGAATAACCA,87
CAGAATTTTCCTAGCC,87
CAGGAATTAGGCAAGG,87
CAGTTCAAGTACAGGT,87
CATATTGTAAGCAATA,87
CATATTTAATAAGGTA,87
CATCGTAAAAAATAAA,87
CATCTATAAATACATT,87
CATGAACACGCGACGA,87
CATGTCAAAACTAACA,87
CCCATAAAATCACGGG,87
CCGTAAGATTATGATT,87
CCTTTAGTTAATTATC,87
CGCAACCTTCAGACAA,87
CGTATAAAGGTCTACC,87
CGTCCCGGCAACCGGG,87
CTAAATAATTACGGAT,87
CTAACCATTCCCGATT,87
CTACATTTGACGCCAT,87
CTATTTACTTCAAATC,87
CTCGTATACCCCCAAA,87
CTCTGGGAAAGATGTC,87
CTGAAATAATATTGAC,87
CTGAGAAGTGGAATAG,87
CTTTCCTCTAGGTATT,87
GACATGTGAACTATTA,87
GACGAAATTGAGAACC,87
GAGAAAGAACTGATAA,87
GATGTGTAGCACTAAA,87
GATTAAAAGTGACTTT,87
GCACCATAAAACCACA,87
GCTAGTAAAATCGACT,87
GCTTCACTTTGGTGAG,87
GGCATAACCAGAGAGC,87
GTACGACCCTACCAGC,87
GTATCATCCTTGGAAG,87
GTGACGTGAAATACAT,87
TAAAGCAGCCGCCAAT,87
TAACACCCTTTGTACC,87
TAATACTTTTCAATAT,87
TACGCCAGAAAACATA,87
TACTTCTGCGTTTAAG,87
TAGATACTGATATCAA,87
TAGATTATAAACTTTA,87
TAGGCATAATACACAT,87
TAGGGTATAGATCGAT,87
TAGTCAAGGAGCCAAA,87
TATGAGAAAACGAAAT,87
TCACAATTGGTGGAAC,87
TCACTATAAAAAAAAC,87
TCAGACCACCAGAGAT,87
TCCGACCATGTCTACA,87
TCGAGAAGATGACATT,87
TCGGACTGATTTATAA,87
TCGTCACTGGTCTAAA,87
TCTGCCTGCAACTACG,87
TCTGGTAGACCAGAAA,87
TGACAAGACCCTAAGT,87
TGAGCCAAAAGATTTA,87
TGAGGCCAAGTGAGCC,87
TGCAAATAACGTTAAA,87
TGGGACAATACAGGTG,87
TGTAAAAAGGACATAG,87
TGTATGATAAGGATAA,87
TGTGCCTATCAAGCCA,87
TTACAACTCATATAAT,87
TTAGATATGAGTTACC,87
TTATTAATAATTACCA,87
TTCATAGCCCCAGCTA,87
TTGAATCAAATCATAA,87
TTTATGTTGGCTTATG,87
AAAAAAAAGACAATCG,86
AAAATTTACTCCTTAC,86
AAAGTTTGTGCACATA,86
AAATCGTTCAGAGCGT,86
AACCGAAATAAAAGCA,86
AACTATAACATTCTGA,86
AACTTTAGTGTATTTA,86
AAGAATGTAGCTAAGC,86
AAGAGATCCGGACAAA,86
AAGATACTTACGCGCA,86
AAGGAGGGCGTTAAAC,86
ACACGCTACAGACACA,86
ACATTTCGTTCCTATG,86
ACGACGATAAACTCGC,86
ACGCTTACTGAAATCT,86
ACGTAATCAATACACA,86
AGAATCCTAGTATATA,86
AGACACGTGTGACGGC,86
AGATCCAAACTAAACT,86
AGATCGTAGTCTTTTA,86
AGATTCACCGATGTGC,86
AGCATGAACAGGGGGA,86
AGCGATAGCCTCTGAG,86
AGTAAATCTAGAATAT,86
AGTGAGTTCACTGGCT,86
AGTTGGGACGATTGGA,86
ATACAAATATTAATTA,86
ATAGTGAAAGCAAGTA,86
ATCAAATATCTTGTAT,86
ATGATAACCGAGACGT,86
ATGCCTAAAGGTGGGA,86
ATGGATATACAGATTC,86
ATGTAGAAACTAATAT,86
ATTTGGAATATTTGAC,86
CACACCACCTTAAAGA,86
CAGGCACAGGAGAAAT,86
CATTTAATTCAATGAA,86
CATTTGCCGACAGGTT,86
CCATTAACGTCTTGTG,86
CCCACAGTGGGACCCG,86
CCCGTCTACAACTCTA,86
CCTATACGGAATGCCT,86
CGATCTAACAGTCCTT,86
CGGTCCTGATCTAGTT,86
CTCCAAGCTCGTTATC,86
CTCTGAAGCACACTAA,86
CTTAACCTCCTCACTG,86
GAAACCCATATACCAA,86
GAACCACTTATACTCC,86
GAATAACGATGCACTC,86
GACAAAAGTATTAGGT,86
GACATATATACTGTTT,86
GACTTATCCCCTTGAA,86
GAGATAAAACCTGAAA,86
GAGCATATTCATTCAA,86
GATTAAAAATGACACT,86
GATTTAACGTAAAAAT,86
GCATATTTGAAAACAT,86
GCCACAAAGCGGTACT,86
GCGAGGTATAAGAATC,86
GGGTTTACAATACACA,86
GTAACATACTTCTAAG,86
GTACAAAAACTTACAA,86
GTACACGGATAAAAAT,86
GTATCTCACCATTGGA,86
GTATTAGGCTACTATA,86
GTGCAATACTATGAGT,86
GTGCACCTCCAGAATC,86
TAAAAATCCGGGGGAA,86
TAATTCGATGGGACCG,86
TATGAATCACACCAGT,86
TGATACAATGGGATCT,86
TGGGAGGACCAAAATA,86
TGGGCCGGGAACAATA,86
TGGTTAGCTACTGCAC,86
TGTACTCACATAACAC,86
TGTGCAAGTTAAACAC,86
TTAAGAAGTTTTATTT,86
TTACAAAATCTCCTAC,86
TTATAAAACATTGTCT,86
TTCAATTTTGAATCAT,86
TTCATTCAAAATATAG,86
TTGCATTAATGGTGTC,86
TTTAAAAAACCACCAT,86
AAAAATTTCTTATCCC,85
AAAATGAGCGGTACTG,85
AAACTTAGTCATTAAC,85
AAATTATTTCGACTCA,85
AACAGGGGTATCTATA,85
AACCGGAAGAGGAACA,85
AACGACCTAACGTCGA,85
AACTTATCTGACCTAG,85
AAGTAAGATAGTCCCC,85
AATCAGGAGTACAGTT,85
ACAGGTTTCTTGCCTA,85
ACGCGCTACGCGAATT,85
ACTACAATTGAGTCGG,85
AGACTATAGAAGCGCT,85
AGAGAGAAACTATTTG,85
AGATAATACAAGGCAG,85
AGCACGCTAACCATTC,85
AGTACATTGTGGACGA,85
ATAAACCTGCTGGTAA,85
ATAATGACTGAATGAC,85
ATAGTCAAGTACGGCC,85
ATCACGATTCAACGAA,85
ATCGAAGAATATGAAA,85
ATGAATCGATAACCCG,85
ATGAGGTCTAAAAATT,85
ATTCTTTAGAAAGGAT,85
ATTGGAAATCAGAACC,85
ATTTATAAAAGATAAG,85
CAACTAGACTACAATA,85
CAAGCTCCTTAGTGTC,85
CAATAATTGAGAGGCC,85
CACCCAACACAAGTGA,85
CACCTCCCTATGACAT,85
CACCTGAAGAGGTTAT,85
CACGACTATAATAGGC,85
CATAGGATGAACACAA,85
CATTTACCTTTGGAAC,85
CCAAGGAACACGAATA,85
CCAATAGCAAAGTAGA,85
CCACATTAGAAACTGA,85
CCACCAGAGCTACGTA,85
CCACTCTTCGCTCATA,85
CCCTCGCCTTAGAACT,85
CCTAAACAACTCACAA,85
CCTGCCCAGTCTAATC,85
CCTGGTTGGCCAGGGT,85
CCTTTATGAGACTAAT,85
CTCATTCTGGAAGACA,85
CTCCGTCCAACCTATA,85
GACAGATAGGTAACCA,85
GACCATAACACTATCC,85
GACCCAACATAGTCAA,85
GACTCTCCGATAATAA,85
GAGACTAATGCTATGT,85
GAGTATTTGGCACAGT,85
GATGACACGAACAATT,85
GCACCGCCATGAGCTT,85
GGAGAACATGCTGGTT,85
GGGTTTTTAGTTACTA,85
GTACATCTAGTTACCA,85
GTAGACATGCTCAAAT,85
GTAGAGCGCGAAGTAG,85
GTCTGTGAAACATAGC,85
TAACGACGTGCATTAG,85
TAAGAATGAGCACCCC,85
TACCGATTTGTGAATT,85
TAGAGAAAAAACACTG,85
TATTTGAACAATACTT,85
TCAAAACTGACATGAA,85
TCATTATGCGACGAAG,85
TCCAAAGCATCCAGAA,85
TCCGTAACGGAACAAC,85
TCTTACATAATTATTG,85
TGAATCCCCTAAAAGG,85
TGATCCCGAATATGAA,85
TGCCCTAGCTAGATAG,85
TGTCCTTGCGAGAGGT,85
TTAACTTAGCCCAAAT,85
TTACGCTATCAACGAC,85
TTATCTATATGAGTCA,85
TTATTAGGCTACTTCG,85
TTCACAGATGCATAAT,85
TTGACGAGGTCCCACC,85
TTGCCCGCAAGCTGCT,85
TTTAGATATACTCCAT,85
AAAATTCGATCTTTCC,84
AAATAGACGCTAACTA,84
AAGAAGTTTATGATCC,84
AAGAGCTTAACACCCT,84
AAGCATGCGCGCTGTT,84
AAGGGTCACGCACTCA,84
AAGTAATATATTATTT,84
AATAAGAATTCACCCC,84
AATGACTCAATCCCTG,84
ACAACAACCTAGGCTC,84
ACAGACACAATTCCGA,84
ACAGGTGCCAGAGCAC,84
ACCCGTGGGACGTAGT,84
ACCGAGTCGACCAAAT,84
ACCGGTTCTGAAAGGT,84
ACCTCCATCTGGAGAA,84
ACGATAATACCAATTC,84
ACGCACGGTTTGTCAA,84
ACGGTAATACGTCTGA,84
ACTGTCATCACCAAAC,84
AGAAATCATATTATCG,84
AGAACAGACACATGTC,84
AGAGTCATAACAAACA,84
ATAAGAAAAAGTCCAT,84
ATCGTCTGCCTCGTTA,84
ATGACGTAATAACAGA,84
ATGGCAAACGATAGCA,84
ATTAATTCAACTGATT,84
ATTCGAGACACTTAGC,84
ATTTGCTAACTATACT,84
CAAAGTATAAAACTAT,84
CAATTGCTAATTGCTC,84
CACTGCCGAAACGAGC,84
CAGTCCGAACCCGATT,84
CATATTAAATTTTTGC,84
CATTCAATAAACACAC,84
CCAAGTGCGGCTGTGA,84
CCATCACAATCGTGCG,84
CCCATTACACGATTGT,84
CCGGAAGCTCGTGGAT,84
CCTGTAAGCCTCTCGT,84
CGAATCATTACACAAA,84
CGAATCTAATGATCAT,84
CGTCATCTCAGGGTAC,84
CTAAAGTTGGTCACCC,84
CTACGTACGGAATTAG,84
CTCACTATCGAGTACC,84
CTTGACTCCCGATAAT,84
GAAACAACCAATCAAA,84
GAAGTACTTAATCTTA,84
GAATATCTCGAAAAAA,84
GATGAAAAAAATTGCT,84
GCGTAAATAACTTGAC,84
GCGTGTTACAGGTTAA,84
GCGTTGCCCAATCAGT,84
GGAGAAACATGACCGA,84
GGCTGGGCCCGAGTAC,84
GGGCCGATGTATCTTA,84
GGTATTAACCAAGAAA,84
GTACTCAGCGAAACCC,84
GTAGACCATAATGATC,84
GTATAATATAGACATG,84
GTCGAATCGATAGTAC,84
GTGCCACAAACATAAC,84
TAATATTGTCATACCT,84
TACGACGCACCTAAAA,84
TACGTAATCCACACCT,84
TACTAGCCATTTCCAA,84
TAGAACATGAACCAGG,84
TAGATCAGGGATAGTT,84
TAGTAAAGTAGTCCCT,84
TAGTTCAGATGAACTC,84
TATAAAAGCAGCTATC,84
TCAGCCCGAAAAACCT,84
TCCACGAGACGTATGT,84
TCTAATATAAGAAAAG,84
TCTCGAACGAGAGCAT,84
TCTGAACGTTAATTAT,84
TCTGACCAGCACAGAA,84
TGACTTTACTCCCTCC,84
TGTAATAAGCCAGGGT,84
TTAAGGGCAACGCATG,84
TTATTGGAACCGCAGA,84
TTCTGAAATGTAATTA,84
AACAAAAACTTAGAGC,83
AACCATTCTATTTATC,83
AACGTAACTTATTTAC,83
AAGATCGGATAGTCCC,83
AAGATCTTAAAAATCA,83
AATATGATTGTGCTGA,83
AATCAACTAGGAACTC,83
AATCGACATGAACCCC,83
AATTCCCCTACGGGCC,83
AATTTCAGCTGCTCCC,83
ACAAATTAACCTATTT,83
ACATCCAAGTTAAAAC,83
ACATCTTCCTAATTCC,83
ACCGCATATATAAACA,83
ACCTAAGAAAACAGTC,83
ACCTAGCACTCTTGGA,83
ACCTCCCAAACCGGGG,83
ACGGTAATACCTTGCC,83
AGATCAATTACCTATA,83
AGATTCCGACGCGGAG,83
AGCACTCGATAAAGCT,83
ATAAAACAGGTCTAAT,83
ATAAGAAGACTCCTAT,83
ATAATATGGGACGAAA,83
ATCTCATGACCCAACA,83
ATGAGGAGAAAACACC,83
ATGCCGCCTAATATTA,83
ATGTAAGGACCAAGAA,83
ATTTCAAAAAAAGATT,83
ATTTCAAATGCGATTG,83
CAACGACAATCTACGA,83
CAATTCACACTGCTAC,83
CATTCCAGAATCATTT,83
CCAGTTAATGCAGAAA,83
CCATGAAATCTAAAGA,83
CCCATGCTTTATACGC,83
CCGCATACATGGAGAC,83
CCTCAGGGCGTGACCC,83
CGACAATAGGGTGTGA,83
CGACGCGCCAGTAACA,83
CGATAAATAACCATAT,83
CGATACTTCCCCATAT,83
CGCACTGGCATTCGAG,83
CGCGGACCTTACACTA,83
CTATTCAAGAATTTTA,83
CTGCAATCATTAATGG,83
CTGGGATAACATTCTC,83
CTTAGGCAAAACATAC,83
GAACACACGTGTGGTA,83
GAATAGCATAAGTTAA,83
GACACCCAAGGCCTTA,83
GACCTCTAAATAAAAA,83
GACGTATAAGCAAGGT,83
GACTCAGAGAATTCTG,83
GAGAAGAACTATATTC,83
GCACGTAAGCTTAACA,83
GCCCGTATTATAAATA,83
GCTGATATCAAAGCAC,83
GTACGTGGCCTTGATG,83
GTAGAGCGATACACCC,83
GTATTAAATCCTTCCA,83
GTGCACCGCTTAAGAC,83
GTGTAACGTAGTCCTT,83
GTTCGACGCATCCTGC,83
TAATTATGATCGGTCT,83
TACAGGTAGATGTAGC,83
TACTACTAAGACATAC,83
TAGACCACTTGGCAAT,83
TAGCCACCAAATAGTG,83
TATAAAAATGCTCCTC,83
TCAGGATTTTCAGATA,83
TCCATAACCTCACGCG,83
TCGGTTAAATGAACCT,83
TCTAAAATACTGGTAC,83
TCTCGTGACTAGCTTA,83
TGTCCTCGTCATCAAA,83
TTAACTAACTTAACAT,83
TTACCTTTGAAGACGA,83
TTACTCAGCCATATCA,83
TTCACTGTTAACAAGT,83
TTGAAAGCAAATCGTA,83
TTGACAGAAACCAATT,83
TTGGAATGGGACAATG,83
TTTAAGTGAACATAAA,83
TTTACATGGTTTCCTA,83
TTTCTACTATAGGGTC,83
AACGCATATAAAATAT,82
AACTATACCAGCCCAG,82
AAGAAACACTTGTCTC,82
AAGACCATATGTACAA,82
AAGTCACGAATATAGA,82
AAGTTCTCTATGTCTG,82
AAGTTTACTGGTACAA,82
AATACGACCCAGTAGA,82
AATATTCCGTATACCT,82
ACAAATGGCAGCGGAC,82
ACAGCAAGAAAGCTCC,82
ACATACAGCTAGATGC,82
ACCCATAGTTAAAAAC,82
ACGAGTTATCAGTAAG,82
ACTCAGACCACGGCCC,82
ACTTTAAAACAATATT,82
AGACCCATGGAAAAGT,82
AGCGTTCGAAATTTAA,82
AGTACCAACCTCATAG,82
AGTCCATGAGTATACC,82
AGTCTATACACTCGAT,82
AGTTACCCGGGCACAA,82
AGTTATTAGCCTTACA,82
ATAAGGTACGTTTTGG,82
ATACAAGCCCTGACTC,82
ATAGTAAAGAACAACC,82
ATCACCAGAAACAACC,82
ATCCATCATGGAAGAA,82
ATCTAAATTGTGTACC,82
ATGCGAAAACGTCAAG,82
ATGTCTCAAACCAAAA,82
ATTAATCAGGTCACAA,82
ATTGGCGTGGTAAACG,82
CAATACGAATTGTTCT,82
CAGAAGAATGTGAAAA,82
CAGACACGCCTTTAAG,82
CATAAGACGCTTAAAG,82
CATTAGTTAACATTTA,82
CCAAGTTATTAATATT,82
CCGCTTTATAAGGGCA,82
CCTACGCAATAAGAAA,82
CGAGCCATGCAGGATA,82
CGAGTTAACATAGGAC,82
CGCCCAATCTATGAGC,82
CGCTAGTAGTCTGACA,82
CGTGTACACGTTATAA,82
CTAAGCTTAAATTCGC,82
CTAGCGGCACTAAATG,82
CTGCCAATATTTTATC,82
CTTACCTTAAGAACTA,82
CTTTAAGATTATTAAA,82
GACGAAGTAAAACGCT,82
GAGTACCCGTGGAATA,82
GAGTATTGCCCCGCCT,82
GCATGGATACTAGCAT,82
GCATTGTACAGGAATA,82
GGCCATCGATCCTCTC,82
GGCGTACTTTTTCGAA,82
GTAAATCTCCAAAAAT,82
GTAATAATTACAACAC,82
TAACAAAATATACACT,82
TAACGCCCACTGTTAC,82
TAACGTTTTATTTATC,82
TAATAACACGCTCTGA,82
TACAGGGAGCACTACA,82
TAGTAGCTCAGAATAT,82
TAGTATACTTCCGTAC,82
TAGTTTGTTCTTTACT,82
TATCCCCGTTACGACG,82
TATTATTCCGACTGAA,82
TATTTTATAGAAGCAC,82
TCACGTCTCTATAGAA,82
TCATCAGAGAATAACG,82
TCTGCTTAGCTTACAC,82
TCTTGTACCAAAGATC,82
TGATTCACTGATAGAT,82
TGCCGTATACATAATC,82
TGCTATTGTACGCAAT,82
TGCTGAAAAAACATGG,82
TGGTTCAAACTATATT,82
TGTTAGTCCTCGAAAA,82
TTAACACTTCATATGC,82
TTAGATCTGCCCCCTG,82
TTCAATCTTCCTAGGG,82
TTCAATGTATCAAAAT,82
TTCCTTATACCACATA,82
TTGACTTTCAGATAAT,82
TTTCGACTTTGTACCA,82
AAAACGCTGAACTGCC,81
AAAGAACTACGTGTTG,81
AAATGTGATGCACGTA,81
AACACTAACGACCATG,81
AACCAATCTCCTGGGG,81
AACGCATGCGCGAACC,81
AAGACTGGTGAGTACA,81
AAGCACGTTTATATTA,81
AAGCGGCCAATACCTC,81
AAGTACAATGCATGAA,81
AATCCCCTTAGCACTT,81
AATGGACACAACACAT,81
ACAAAGACCACTATAC,81
ACCGATTTGAACAAGT,81
ACCGTGCCAACAAAAG,81
ACCTCGATGATATACT,81
AGAAAGAATTTTAGTC,81
AGACCACACAGCTCAC,81
AGCCTAGCCGGTCAGA,81
AGCGCGTATTGTGTCT,81
AGGCAAGTAAAATGCA,81
AGGTCTGCACACGATT,81
ATACAAATAAGAGATA,81
ATAGAGATAGACAGAA,81
ATATAATTTGAGTATC,81
ATATCAAGAAGTAATG,81
CAAGACACAATGAGTG,81
CAATATCACATGGTCT,81
CAATTGATAACAAAAC,81
CATAATAATCAATCAG,81
CATCAGCTTACACACC,81
CATGAATCGTGCACAA,81
CCAACCTTGATCCGGG,81
CCCGATTAGCAGGGAG,81
CCGACCTCATTATACG,81
CCTGCTATTTTTATAG,81
CGACATAAAATCTAGC,81
CGATACCTAAACGTCA,81
CGCAATGTCGGTTATG,81
CGGGGACTGGATAGGG,81
CTAGCTCAGGTCAATA,81
CTAGGATTGCCCTCGA,81
CTGTAGTGTCAACTAA,81
CTTGAATCCCACAGTA,81
GAAAAATAGGTCATCC,81
GAAAATTAGGATATTA,81
GAAATTGCGACTGGGG,81
GAACTCCATTATTATT,81
GACAGTCGATCACGAA,81
GACCCCGAATACTGTT,81
GACTGTTAAATGGGCG,81
GAGCATTTATCACCTA,81
GAGTCATCCCGAGAGA,81
GATCATAATCGCTACT,81
GATCGGGGTTATCAAC,81
GGCCAGCATGCCCATG,81
GGCGTAACTAATTTAG,81
GGCTTATCAAAAATTT,81
GTGAAATTGCTCCCGT,81
GTGGGGTATACAGTTA,81
GTTCAAACCGTCAGAA,81
GTTCCCGGCACAAAAA,81
TACCACTATAAAACCT,81
TATAAAGTAACAGTCG,81
TATGAATTGAAACCTA,81
TCAGCAACTAATCACA,81
TCATGTAAAAAGAATC,81
TCATGTCAAGAATGTC,81
TCCAATGAGAGCTTAG,81
TCTGACTACAGCGAGG,81
TGCTATAGACACAGTA,81
TGGAGAAACTAAATGG,81
TGGGACTATACTGTTA,81
TGTCGAATAAGACGAA,81
TGTTCCCAAAAGCAAG,81
TTCGGTCGCTGAGGTA,81
TTTAGAGTGAAAAATC,81
AAAACAGGACGTTTAG,80
AAAACCAGCGTTTTTC,80
AAACAACTACGTGGAT,80
AAACATCGCTTCGATC,80
AAGACAAATATGGTAC,80
AAGGATCATGCTTCTA,80
AATAGTTGCAATTAGA,80
AATCTATAACAAGAAT,80
AATTATGCCTACATTC,80
ACATCCAAATAGTCAT,80
ACCACGCACTTTAGGG,80
ACGTTCAATCGATCTT,80
ACTAAGAGGATTAACA,80
ACTCAAAATCATATGC,80
ACTTTATGAACACGTA,80
AGAATGGTTGTGGTAG,80
AGATTTCCAAATGTAC,80
AGCAATTTACAGAATA,80
AGCACATAGATCGCGT,80
AGCATATCACTGGTGG,80
AGTAACCAAAGTCAAT,80
AGTCCAGTGTACGACA,80
ATACCGAAGATATCGA,80
ATATTTATGATATAGT,80
ATCAGTGAAAGAATGG,80
ATCGTACATCATCATT,80
ATGACTCAGAATCATT,80
ATTGCCCCCCCCAACA,80
ATTGTTCGATAATAAC,80
ATTTTCAAAGCCATAA,80
CAACCCAAACCGATAG,80
CAAGTGCGAATCTGGC,80
CAAGTGGCGTAGCTAA,80
CACACCCAACACCTAC,80
CACGTAATGTTCTTAA,80
CAGACTATAAGAACAA,80
CATAATGGCATAAACC,80
CATAGGTTTTTCGACA,80
CATCTGGGTTCTTGTA,80
CATTTTTGGGTAGACG,80
CCCACTAATGCTTTAA,80
CCCTTGAAAAAATCTA,80
CCTCAAATATCTCTCT,80
CCTCGTAAACAACTAT,80
CCTCTTCAACAGGGGT,80
CCTTTAGCCAAAGTTT,80
CGTCAAGGAATAACCA,80
CGTCTATAAACCAAAA,80
CTAAAGATAATATTTC,80
CTAGACTGGGAAATAC,80
CTCACTGCCTGATGTC,80
CTCCAGGAAGTATCAA,80
CTGCTATTATTACATT,80
CTGCTTACGGCGCTAA,80
CTTGATAGAACTGTCA,80
GAACCGGACCCTCGGC,80
GAATTCAATTTGTAAC,80
GACACAAGCTATTTAA,80
GAGCCACCAGAACCAG,80
GATAATATCCAAGATG,80
GCTCAGATGCATATTA,80
GGAAGACTTTTAATCT,80
GTCCACAAGGAACTAC,80
GTGAATTATAAGATCC,80
TAACAAAGTTAATTAG,80
TAACCCACACACTGTC,80
TAATAATTACCAATTA,80
TAATGTATGCTGAAGC,80
TACCATAGACTGAGTA,80
TACTGGGTATACAGAC,80
TAGGAAACTGACCACT,80
TATGATTTGAATCATA,80
TATTGGCAGTGCAAAA,80
TCACGCCTGAGTATAC,80
TCGTACTAACACTATC,80
TGAACAGCAGTACCGT,80
TGCGTCTAATATGGAA,80
TGGAAATAGTATGGGG,80
TGGTCCTAGAGGTATG,80
TTCCTCCAAAGCGGAT,80
TTGCAACCAAATAGCT,80
TTGTTTAAATGATCAA,80
TTTGCCTAAAAAAGTA,80
AACATAATAAAACAGA,79
AACCAAAAAGCATACC,79
AACTGAGAGTTCGCAG,79
AAGAGGAGTCCAAGAG,79
AAGATTGGCTCTGACA,79
AAGTCATATTGCTATG,79
AATAACGAGAATGAGC,79
AATCACACATTTTATA,79
AATCTAAAAGATCGGC,79
ACAATTTCTTACATCG,79
ACATGGGATTGACAGC,79
ACCCTATCGAGAGCAG,79
ACTAAAATATCCAACA,79
ACTGAATAAACAGCAA,79
AGAAACTCCTACCTAT,79
AGAAATAAGCGTCACT,79
AGAATCGTACGGGATT,79
AGACAAAGGAGCATAA,79
AGACAGAACTTAACTC,79
AGACGGGTTAAAACCA,79
AGAGATAGAAAAATCG,79
AGATATATCCAAAACT,79
AGCATAAGACTCAAAT,79
AGTGTTATAAGGAAGA,79
ATAAACCTATCTAAAC,79
ATAACCAGTTTACGGA,79
ATAATAAGGACCATGC,79
ATACGAACTAGAATCT,79
ATATAGATTAAGCCGG,79
ATATGAACTCGGTCGT,79
ATATGAGAGCCACAGG,79
ATTACCAACGTTAAAG,79
ATTATAGAAACCTGTC,79
ATTATGCCTGATAATA,79
ATTTTGCCACCCAGGG,79
CAAATTTGTTAGTCTG,79
CACCGTCCTCTAAGGC,79
CAGCAGGAAATCAGGT,79
CAGGCTTTTAATTAAA,79
CATGCCTTTTAAATCA,79
CCACAAAGAGATATTA,79
CCACCGCTTCCAATAT,79
CCAGTGATTATTGATT,79
CCCACGAAACCAAAGT,79
CCCCAAAATTGATAAA,79
CCCGCTTAATAGCGGC,79
CCGCGCAGGCGAAACC,79
CCGTAATCGCGCTCCA,79
CCTACAGCAGTAGGAC,79
CCTATATGATGTGCAC,79
CGAAATACAGTTTAAA,79
CGGGGCAGGGCGAACC,79
CGTCCACTCATCCATT,79
CTATTGAGGCCCAAAA,79
CTTAAAAGACAACCAT,79
CTTTGCGTGCGCCACT,79
GAAAAAGAATAGCAAG,79
GAAAGCAAGCCAAAAT,79
GAAATATACTGAGATT,79
GACCATGATCAGCAAA,79
GACGAATGATGAATCC,79
GACTATCTCAACCCCT,79
GAGCCGTCCTTTACCA,79
GAGTGTGTCAAAACCA,79
GATATGAACTAAATTA,79
GCTCCCACTGGTGCTT,79
GGAAAAATTTGTCTCA,79
GGGTGATTAGCTCTAA,79
GTATCCACTTACACTG,79
GTGAACCAACCCTAAA,79
GTGACGAAACAGATTA,79
GTGAGCATTCCCCAGA,79
GTGATAGAAAATACGA,79
GTTGGTCGAAGCCCAT,79
TAAAAACAATGCACAC,79
TAATTGAGCCAGCCTA,79
TACAGAATTATTAATT,79
TATCTCAAACCAGGAC,79
TATTCGGACAAATTAG,79
TCATAACTTAAGCTAT,79
TCTGACAGGATAAGAC,79
TGAATAGAGATGTTTG,79
TGATTTAAAACTAAAC,79
TGATTTAACTGGTGTA,79
TGCAGTAAGGAGAGAC,79
TGCTCCGATAAAAGAG,79
TGGAGAACAAATCTAA,79
TTACATGTAGTGAAAA,79
TTAGTACTGAGGTTAC,79
TTATCCCACCTAACCC,79
TTCTTTCATCCCAGGA,79
TTGCATGCCTACCCAA,79
AAAAATCCGTAACATT,78
AAATGACATAAAGACC,78
AACACAACATCGCATT,78
AACATCAAACAACCAG,78
AACCAAATTGAGTCTC,78
AACGATCACCTTGACT,78
AAGAAGTCATCAAGGC,78
AAGATGAGTAATTCAC,78
AAGGTGACTCAAAGCA,78
AAGGTTTTCCACACAT,78
AAGTGATTACACGGAA,78
AATACATAAATTATGT,78
AATCCTACCCCAAAAA,78
AATGCAGATCCGCCAA,78
AATTATCAAACAGACA,78
ACAAATCACAATATCA,78
ACAGATAAATATAACC,78
ACATTCGACCAAGCTA,78
ACCAAAGATTCAACTG,78
ACCCTTAGTGCGACCC,78
ACTACAGCCTCGTTAG,78
ACTGAAGTGTATGTTC,78
ACTTCTTTCGACTCGA,78
AGACTCACATGAAAAT,78
AGATGTTGTATCGAAC,78
AGCAAAAGATGAGACC,78
AGGCTTGATCTGGATG,78
AGGGGTCTACAAGTAT,78
AGTAATCTCTTACCTA,78
ATAAACTGTGTAACAA,78
ATATTTGAGAATCTCG,78
ATCGACAAGAATAAAT,78
ATGACCCGCCATGCAA,78
ATGTATGCTTTCGGCA,78
ATTCCCTTACAGCAAC,78
ATTGCCCCGATAATAA,78
CAAATATTTTATTGAA,78
CAACACAAATAATCCA,78
CAATCAGAGGAGAGGG,78
CAATTCATATGATGAG,78
CACGATAGTTTCTTTA,78
CATAACAAATGACGAC,78
CATTCCTAACAAAATC,78
CCAATTAGAATCTAAA,78
CCATTCAAGATATGCG,78
CCCAAAAGATTACAGC,78
CCGTACCCCCTGTAGT,78
CCGTTCCGACCAAATA,78
CCTATCCCTCTTACCG,78
CCTCTTGTATAGTTCC,78
CGAAGCAGGACTGAAT,78
CGCCCTGGACGTAACG,78
CGCCTACGTTACCAAT,78
CTAAGAGCATGGCGAG,78
CTACACGACTTCTAAA,78
CTAGCTTACGTCTAAC,78
CTCCGCTCCAGGAAAG,78
CTCTTACAAGGGCAGC,78
CTGAAGTATAAGACAT,78
CTTAAGCGGAATGTCT,78
CTTTGAGCACCACTAT,78
GAAAGCATCAATTTAT,78
GAAATAATCCCTTTGT,78
GAAGAATTGTCTTACT,78
GAAGTTAAAGTTATTG,78
GACGAATGCCATACAA,78
GAGCGGCTCAAAAAAG,78
GAGGTATAGCCCCCAA,78
GAGTGACACGCCTTTG,78
GATCCAAGCTCATCAA,78
GCACAACAGAGTCATA,78
GCCATGATTGTGACCC,78
GCTCCATGTATATAAC,78
GGAACAGCTCAATACA,78
GGGATGCGAAACCTTA,78
GGGTAATCAAATAGTT,78
GGTACTGAATGTATTT,78
GGTGCCACAATTCACC,78
GTATAGCAGCTAAAAT,78
GTCAGACGAACGTATT,78
GTCCAAACAGACTCTA,78
GTCGGAAGTTCAGCGA,78
GTCTGACTTCGCAACC,78
GTTACTAAACTGAGCC,78
GTTTAACAACACTAAA,78
TAAAAGACCAACGAAC,78
TAATAGATTCACCTAA,78
TAATCAATCAGTACTA,78
TAATCCAAAGCGATCC,78
TAATCCTAAGAATGAG,78
TACATTAGGTATTAAA,78
TACCCCGGGATAATAT,78
TACGCGCATAAACACC,78
TACGTCAAATTAAAAA,78
TACTAACATAATTATT,78
TACTATCAACGTTAGC,78
TACTCAGCTTAGTACC,78
TACTTATGGCCCACCT,78
TAGGCATACTATCCTA,78
TATATAACACCGAAGT,78
TATATACGTTCCACCC,78
TATTATGAAAAATTCT,78
TATTTAACGACCCCGT,78
TCGAGATGCTTCAGTC,78
TCGCTGTGACCTTGAG,78
TCTCTGACATTGTGGT,78
TCTGGATCATCACTGT,78
TGAAAGTTGCAACTAA,78
TGACAACTGATCGCGA,78
TGATTATAGGTCTCCA,78
TGGCTATCACAGCCCG,78
TTATTATACTATTCAC,78
TTCCCAGTCCGTATGA,78
TTTCGAACGAAAAACA,78
AAAACTAACTGGAACG,77
AAACAAATCTTACACT,77
AAAGTAAATTTACACT,77
AAATAAGTCGGCTCCG,77
AAATGAACCTGAGAAT,77
AACGACACTCTAGATG,77
AACTAGCGTAATCTAG,77
AAGCCTGAAACCCCGT,77
AAGCTAAAAATTAATA,77
AATACAGATGCCACGA,77
AATAGAACATAATGAA,77
AATCTTTTACCACTTA,77
ACACACGGGTTGGAAC,77
ACACCTCATTGAAATC,77
ACCCCATGGAGCAACA,77
ACCGTCAAAGCACACC,77
ACCTACCCGCGTAATT,77
ACCTACTACATAAGAA,77
ACTCACGTCATCAGCG,77
ACTGATCAAAATATCG,77
AGACTCTATCAACGAC,77
AGTATCAGCGATCGGG,77
AGTGTAACTGCTATTC,77
ATAAAGTATATAGGCT,77
ATAATCCCCTACGATT,77
ATACCACATTTGCAGA,77
ATAGGATGAACAAAAG,77
ATAGTTATAGCAATAC,77
ATCACAAGCTTGCAAG,77
ATCCTTGACCATCTGT,77
ATCGAATTTTGCAGTT,77
ATGACAGCTGATGCTG,77
ATTTTGCAAGCGACTA,77
CAACTTGTTATTGGGG,77
CAAGCATGTAATATCC,77
CACCATTAAAAGCGCG,77
CACGAGTGAATGTAAG,77
CAGAATGAATACAATA,77
CAGTAGTAACCAATGC,77
CATTAATGTCTAGGTT,77
CCCTTAAAAGACACCT,77
CCCTTAAACGCATACA,77
CCCTTTAAATAGTGTA,77
CCGTCATCATCTATAA,77
CGAAACTATATTATCA,77
CGCCAATTCCCTGGGT,77
CGGAGAGCAACCAAAA,77
CGTTCCCCCTTCTCAA,77
CTACATGAAGTATCTA,77
CTCCAACGAAACTGAG,77
CTGAACTTCTATGTTA,77
CTGAATCCCCAATTAA,77
CTTAACGAACTAATAC,77
CTTAACGAATTCCCAC,77
CTTGTTCCAAAAGTGA,77
CTTTTAGGTTCAGTTA,77
GAACATTCAAATTCCA,77
GAACTATATGAAACTA,77
GAATACCCGGGCAGTA,77
GACCACTACCAAGGCT,77
GAGACGTAGAAGGAAG,77
GATAGGCCGAACGAGG,77
GCGGCGCAGCTTTGTT,77
GCTATATTACTTCAAG,77
GCTCGGGAGCCCGGAA,77
GCTTACATCCTAATTT,77
GGCCAAACTTGTGCTA,77
GTAAAACGATCGATTA,77
GTCCTTCACTAAATAG,77
GTCGAGACAATGTATC,77
GTGATATCACAGATTA,77
GTGTTAAGAAACTATA,77
GTTCCAATTTTTGACA,77
GTTGCACACATGAGGA,77
TAAATAACCCGACATC,77
TACATCCAGTTAATTA,77
TACGCCATGGTGACAC,77
TACGCTAAAGAACCTC,77
TAGACTTGCACAAGAA,77
TATACCCGAAAATTGA,77
TATTAGTGGACCAATA,77
TCAAAAAAACTCAGAT,77
TCATATAGCTTTTTTG,77
TCCAGAATTAGCCTAT,77
TCGAAACACCAAATCG,77
TCGTACGAAAAATATT,77
TGAAGTGTTCTACAAT,77
TGACGATGTTTTATTT,77
TGCAGGCGACATTGAT,77
TGCTGATACGAAATTC,77
TGGCAGTGAACAAAAA,77
TGGCGTAGCCGGGATC,77
TTAAATCCGATTAAAC,77
TTCACGATTCTCGATT,77
TTGCTGTAAGGTCTAA,77
TTTTTGGCCAGACCCA,77
AAAAACAACGAGGGGC,76
AAAAATATCGTACCAC,76
AAAAATCAGCAGAGTT,76
AATAGAACCGGTTAAA,76
AATGACTAATTATGAC,76
AATTTCCGCGTGAGAT,76
ACCTATTTGAGAATTC,76
ACCTCTCGTGCCTGTT,76
AGACCGTGACTGGAGG,76
AGACCTAATGGAAAAG,76
AGACCTTAATGAATCC,76
AGATCTTCGAATGTAG,76
AGCTAAAGAATATCTA,76
AGGTTAGCCCTACAAC,76
AGTATTAGGAGACGAT,76
AGTCAGATATTTGAGT,76
ATAAGACAGTACAGGA,76
ATAGTGTTAAAGCTAT,76
ATCTGAACAATAGTTC,76
ATGAGGCTAGCCGAAA,76
ATGAGTAGACCAATAT,76
ATGTACATGTCGTACG,76
ATTATTAAACAACCAT,76
CAAAGACATATATATA,76
CAATAGTTTCGTAGAT,76
CACAATTCCAATATGT,76
CACACAACAGAACGTG,76
CACACATCTGCATACC,76
CACATCAAATAAGTCC,76
CACCATTTAAACAATT,76
CACTAAATCTAGAAAT,76
CAGATTCGGCAATCTC,76
CAGCACAGATAGTGTT,76
CAGCATTAGGAAGCAC,76
CAGCGGCCAGATGTAC,76
CCAAATATTTTACATG,76
CCACATATAGGATTAG,76
CCTACACTACTTCAAA,76
CGACACACAAAGACGG,76
CTACTTAACAATCCAC,76
CTCAACTCGCTAGTGG,76
CTGTAAGTTAGTGATA,76
CTGTTTGACGATAGTC,76
CTTAATATTGGTACAA,76
CTTACATCTATCTGTA,76
CTTCTGGTTGATAAGA,76
GAACCTACTAACTCCT,76
GAAGTATTCAAGGATA,76
GAATACGAAGACACAG,76
GAATATACAGAGAACG,76
GACAACCTAATTTAGT,76
GACAGCCAAATAGAAT,76
GAGATTACTGTAGCAG,76
GAGATTTACCCATTAC,76
GATACGCGTGACGTCA,76
GATGAACTATTCGAAT,76
GCAATATAAAGTCGAT,76
GGACAGGGCCAAGTTT,76
GGCACATGAGTATTAG,76
GGTGTTGTTGCATACA,76
GTAGGTTCTAAATATA,76
GTAGTATACTTCCAAA,76
GTCGCCTAGCGCCAAG,76
GTCTACTCAAAGTACA,76
TACACCTGCAACCAAA,76
TAGAATCACAGGAGCA,76
TAGACCGAATTTAAAA,76
TATGACCATAATGAGA,76
TCATTATGTTTCATTT,76
TCGTATTTTATTAAAT,76
TCTACTCGGATAGACG,76
TCTCTCGTTATGACAG,76
TGATCCAACTAGAAGC,76
TGCGGCTGTAGCTGAA,76
TGCTTAAAAGTTCTAA,76
TTAAAACTGTTAGGCA,76
TTTAACTAAACCCAAA,76
TTTAAGAAGGTCCGTA,76
TTTTAACGATAGAAAC,76
AAAATCATATGCTACT,75
AACGGGGACTTCCTTA,75
AAGAGACAAATACCGA,75
AAGATTCCCTCCCATG,75
AAGGGAGAACGGGGAG,75
AAGGTATTCGTCACCG,75
AATACTATGGTAAAAA,75
AATGTAGATATCTTAC,75
ACAACCAAGTTATTAA,75
ACAAGATTGAAACCGC,75
ACAGAGCTTATAAGAG,75
ACATAAACGTAAAATA,75
ACATTCACAATACATG,75
ACCCCTAGTTCCTACT,75
ACGAACTGGAGAATTA,75
ACTAGTTATAAAAAAA,75
ACTGTCATAAGTGGGT,75
AGCTCATTTATCCAAT,75
AGGATGAAACAAGCCT,75
AGTTCGTTAAACTACT,75
ATAAAACCACCTATTA,75
ATAACTGCTCGCTGGA,75
ATATTTATTACCAGGC,75
ATCAAATGATCTTTGG,75
ATCAATGAGGATTAAC,75
ATCCCAATGGTGCTTA,75
ATCCGAATATATTGGG,75
ATCCTATTGATACACC,75
ATGAAGGGGCTACTTA,75
ATTTATCGTTCAACAT,75
CAAGACCAGTTATAAG,75
CACTACCTTTAAAACT,75
CAGAAGGCCATCTGAA,75
CATAGCTAAAGTTTGG,75
CGATGTGTACCACATG,75
CGATTATGTCCACCTA,75
CTAAGGTCAATATTGA,75
CTAATCCGAACGAGAA,75
CTCAACGTAGATACCC,75
CTGTTTTACCGTGAGC,75
CTTACTACCAATATAA,75
GAAATTAAAAATCTGT,75
GAAGACTGCTGCCAAT,75
GACTATTCACCGGTAC,75
GACTCCTCCTTACAGT,75
GAGAATATCAATATTG,75
GAGCGTAACCACTTTA,75
GCATATATTGCATTGC,75
GCCAAACTTAATGTTG,75
GGAACTCTCTAAATGC,75
GGAGACAGGAACTTAT,75
GGATTACTCATAAGTA,75
GGTAATTTCAAAGACA,75
GTAGGTCTAGTGTACC,75
GTGCATTTGAGGCAAT,75
GTGTCATTTAAAGCCG,75
GTTAAACCAACTAGGG,75
TAAAGGCCACACAACT,75
TAAATTGGTATGGATT,75
TAATAACTAAGACACC,75
TAATATCAGCCCTAGC,75
TATAAAAACACAGGCT,75
TATAGGAAACCCATAA,75
TATATATAGTACACAG,75
TATTAGCAGTTCTGAT,75
TCATAAGCAGGAAATA,75
TCATCTAGCCTGGATG,75
TCGCGGGCCGTTACAA,75
TCTGCCAAACAGAAGC,75
TGAACGACTCTCCATA,75
TGACCAACGTAGTAGA,75
TGAGAGTAGGTGAAGA,75
TGATAGATAGTCGAAT,75
TGGAATCTCAAGGAAA,75
TGTAAATACATGCCGG,75
TGTGGAAGTTTGGATA,75
TGTTAAAAGTACAACC,75
TTACGAACAACAACGT,75
TTAGAATAAAAAGCAA,75
TTCACGATAGATCTCC,75
TTGTCAAAAACACTTA,75
TTTCAAAAGTTGTCCC,75
AAAAAAGTAGTGATTA,74
AAAACTTTTTCCGCGA,74
AAAAGATACTGGAGAG,74
AAAGAGGCTCCTAAAG,74
AAAGATCAGCGACTTC,74
AAATCTGGACAACCAC,74
AAATGGTGAAGCCAAG,74
AACCATCGACATTCAT,74
AAGACCACCGCAACGA,74
AAGCTATGCAACTAAT,74
AAGCTATTGGCTATAT,74
AATACGATGATCACTT,74
AATATAAACACCGTCT,74
AATATAGGTTTATGGC,74
AATCAACAAAGATGCA,74
AATGTCCGGACCCGTC,74
ACAAAACAAGCTGTAT,74
ACCTTGTATCCGCCTT,74
ACTGAGATTAGAAGAA,74
ACTTTTTAAAGGTATC,74
AGGGTAAGCTTTGCAA,74
AGTGGGGTTCACCAAC,74
AGTTGCGGACACCCTG,74
ATGCACGCTTATCCTA,74
ATGCTAACATAAATTA,74
ATTATAATACCTTGGA,74
ATTATTAGAGCGTAGC,74
ATTCTACCATAATTGT,74
CAAATATCTTTTATTT,74
CAGAAACTGATCTTGA,74
CATATTAATACCTGCG,74
CATGCTCACATATATA,74
CATTAAAACTTAGTCT,74
CCAGAGACAAACCTAG,74
CCAGCTCAACATATCA,74
CCATACACCCAATATT,74
CCCACGGGACCCTACG,74
CCCATAACAACCCTGA,74
CCCCAGTTAGATGGTA,74
CCCCCGACATAGATTC,74
CCGAAAGGATTTAAAT,74
CCGAACGGCCTGATGG,74
CCTCCAACCGAATGGT,74
CGAATAAGAGATAAGA,74
CGCTAATGTGAGAAAG,74
CGGGAAGTTGATATGT,74
CGTTAATAAAGTGTCA,74
CTAAACCAGATCAAAA,74
CTATCGGAAGGATTTA,74
CTGTCTCTGACGCCAA,74
CTTATTCTAATTTAGT,74
CTTATTGATGCACCAA,74
CTTTAACAAATATTAC,74
GAAATCTAACCATACC,74
GAAGTTGGATTTTAAG,74
GACAGTAGCAACTAGC,74
GAGAATTAACACGATT,74
GCCTAGATATACGTAT,74
GCGTACCATTAGCCTG,74
GCTCAGGTCGAAACAG,74
GGAGAGAGTAGGAACT,74
GGAGTGAACGCCTAAT,74
GGATAACATTATGCCA,74
GGGAGCCGAATTAGGC,74
GTAAGCTCTAAGTACA,74
GTAATCGCGCGGGCCG,74
GTAGTACTACGTACCC,74
GTCGATTAATTACTCA,74
GTTCATTACAATACCA,74
GTTTCAAGCACATCAC,74
GTTTTTCTACGTTACA,74
TAAAGCATTAAACCTA,74
TAATTGACAATACAAT,74
TACATTTGGGTTTGCA,74
TACCCAGACGACAAGT,74
TAGAAGACCCAACTAG,74
TATAAATTATAAAACA,74
TCATATAAGTCCAAAA,74
TCCCGTAAATTTGAGT,74
TCCGGAAATTTATAAA,74
TCCTATTTAAGATCTC,74
TCTGCATGGAAAAAGT,74
TGCATTCACATGTCAA,74
TGCGGAGTTACAATTA,74
TGCTTTGGGCTGAAAT,74
TGTTAGCATTCGCAAA,74
TTATTCAGGCAAAGAC,74
TTTCAGGAGGAAATTA,74
AAAAACCAATCTTAAA,73
AAAAAGTGCGTGAAAG,73
AAAAGTAAATTTGCCT,73
AAAGCGTAGTTCTTGT,73
AAATGTCGGATAATCC,73
AACTAAAAACAAGCGT,73
AAGATAATAGCCCAAT,73
AAGATAGTCCCCCCCC,73
AAGGCAGCAATTATGT,73
AAGTGGATAAGATGAT,73
AATAATAGGCAACCTA,73
AATATCAATAGAAAGC,73
ACAAATAAAAGTGCAA,73
ACCATGTATGAAGGTA,73
ACCCACAAGATAAACA,73
ACCCCACGTATAACAG,73
ACCCTCACCCTCTCAT,73
ACCTCGCTTTTCCAAT,73
ACGCCTATAATCAATA,73
ACGTCCAAATTAGCAT,73
ACTACGACGTTTGAGG,73
ACTTACCGGCCCACTC,73
ACTTAGATTGTGAGTG,73
AGCAAAGCAATTGCAG,73
AGGAGTGAGCAAATTA,73
AGTAATAATTTGGTTG,73
AGTGACAAGAGATCTA,73
AGTTAGAATGTTCAAA,73
ATAAGATAGCACATCG,73
ATACCGTGATCTCTAT,73
ATAGCGTGAGCACAAT,73
ATATTTCACGAAAATT,73
ATGGTGCTGCTTTATA,73
ATGTGCAATGATGCTG,73
ATGTGTTCCAAAGCAA,73
ATTCGAAGGAGAGTCT,73
CAACTCCCATTAAACT,73
CACATGATAAGCCCTG,73
CACGTACTATCCCACC,73
CATGGGTTGATGTATA,73
CATTAAAACGCTGAGG,73
CCATGTGGTCGGTTTC,73
CCCGACACGTACCCAA,73
CCCTCCGATAGTTTAT,73
CCTATCTCCCTTACCC,73
CCTCCCTTTTACTATA,73
CGACTGCATCTTCCAT,73
CGAGCTTGCTATTTCT,73
CGATCAAGAAATCAAT,73
CGCCTATTAAGCCCAA,73
CGTACCCAAATTACAA,73
CTATCTTAACTACTCT,73
CTGATTGAATAAGTTT,73
CTGGTCTCTCACGATA,73
CTTGAATATGAATAAT,73
CTTGGCTGTTGATAGG,73
CTTTCAATAACTTCCA,73
GAAAGGAATAATACTT,73
GAGTAATAAGGATTAG,73
GATAAAAAGAATAATG,73
GATAATCCAAAATAAC,73
GATCGCCTAAAGAAGA,73
GATCTACATACCGCTA,73
GCAAACACTTTCTCAA,73
GCGCCGATGTTGTGGG,73
GGCAATAGACAGTATA,73
GGGCGTGTAAGACCTG,73
GGTTATGGTAATCAGA,73
GGTTGATGTCAGAGAA,73
GTCTTGAAGCTAAAGC,73
GTTGAGCGCGAAATAT,73
TAATACGCCATGGTAA,73
TAATTATTTCAGCACG,73
TACTAAGCTGTTTGTT,73
TACTCGAAGATGACAA,73
TACTCTATAGCTCAAT,73
TAGTAAGAGTCTAGAA,73
TATCTTGAAGTAAAAA,73
TATTATATGAAAACAC,73
TATTTCTGACTGGGTA,73
TCAACTTCAGAAACAA,73
TCATCACCCCTTAATG,73
TCCAAGTATACTATTC,73
TGAACATATAGATAAA,73
TGAGAACAATCCACTC,73
TGATTACTTAACGTGA,73
TGGATTTCAGCAAAAG,73
TGTGTTCAACCCAAGT,73
TTATATGAGCGAAAGG,73
TTGACAGTTATAAACA,73
TTGTCCAACGCATCGT,73
TTTACTCGGGAACAGT,73
TTTGACTATTGATGTC,73
AAAAGAAATTACACCG,72
AAAAGAAGTTCAAAGA,72
AAAATCGTGAAGTCAA,72
AAATAACCTTACCTCA,72
AACACATCCCCTAAAA,72
AACCCATCCTGTGTGA,72
AACGTAATTAACAATT,72
AAGAGCTACGACAAGA,72
AATCGTAAAATCAAAC,72
AATTCTTAGGTGGGAC,72
ACAAATTTTTAAAATT,72
ACAATTTAACATTCCG,72
ACGCTCACATATAGCA,72
ACTATAGCACGCTGAG,72
AGAAAAAACTTCTTAG,72
AGACAGACACTACCTG,72
AGAGATTAAAGGTAGT,72
AGCCAAAACAAGACGT,72
AGCTATATTGTTAGCT,72
AGGAAAATTACGCGGT,72
AGGTATTTAAAAATCT,72
AGTACCAAACAACATA,72
AGTCAACCCTAGGAAA,72
AGTTAAGTATCCGCAA,72
ATAAGAGGACGAATAG,72
ATACTGATTAACATTA,72
ATCACCATTTTAAATA,72
ATCCTCGCTAGCATAA,72
ATTACTCCAGGACTGA,72
ATTCAGAGTCAACAAT,72
ATTTGGAATTGACAGA,72
CAACAAAACTTGTCTG,72
CACGTAGTCAATCCAA,72
CAGGGCAGATCTAATA,72
CCACGCTTACGCCTAT,72
CCATATTAAAAAAGAA,72
CCCTAAACTAAAGGTA,72
CGACACTTATAATCTC,72
CGAGATCGAGACCGAG,72
CGCGCGTACCGTACTT,72
CGCTTCCGTAAGGAAC,72
CGGATTAACCTCAACT,72
CTCCAAATAAAAGGTC,72
CTCGGTAAATCGTTTA,72
CTCTACAAAACTCCTT,72
CTCTCATTAAACAGAC,72
CTTTTTTGTGATACAT,72
GAAAAAGGAGATGAGT,72
GAAATTTATTTGTAAT,72
GAATCTCTACTTTAAA,72
GACACTTATATGTTAA,72
GACCCCTGCTCTCTAA,72
GAGTCTCGGCTCCACA,72
GCAAAAAGATAATTAG,72
GCACTATAGCAACAAC,72
GCGAACGTGCACATAT,72
GCTAAACGCGGCGAAA,72
GCTAGAGATTCTTTGA,72
GGACTTAATATAACCT,72
GGATTCTATGGGTTCC,72
GGCTTCCAAAAACTCG,72
GTACATGATGAAATTA,72
GTGATTTATTTACCAA,72
TAAACGGGTTACATGT,72
TACCACTATGTTAAGC,72
TACCCGTAATATGTGT,72
TACCTTACAATGAAAA,72
TAGAACCTTATGCTTC,72
TAGGAACAAAGCAACT,72
TAGTAAATGATCACTA,72
TATACAGAGTAATAAA,72
TCAAAGCAAAATCGAA,72
TCAAAGCATATCTTAA,72
TCACAAATGTACCCGA,72
TCCACCCTGTAATCAG,72
TCCAGATGAAAGCCAT,72
TCGCTTAAAACTTTAG,72
TCTCATGGTTGAGATC,72
TCTTGGATTCTTTAAT,72
TGAATAAGCCTAACCA,72
TGACCCATATGAACTA,72
TGCTGCCGGTGAGACA,72
TGGATTAAACAAAATA,72
TGTAAAACTTGACTCG,72
TGTATTAGAGATTAAT,72
TGTCAGAACATGCTTC,72
TTGGGGAAGTTATTCA,72
TTTGTCACATAAACCG,72
TTTTGCTTGGTAACTT,72
AAAAAATGCACCACCA,71
AAAAGACCAGTTAGCA,71
AAACCAAAGCGTATCC,71
AACATCGGACCAAGGT,71
AACATTAAACCAGGGG,71
AACGTATTACTTACAA,71
AAGAACCTAAACACAG,71
AAGATGCACAACATAT,71
AAGCTTCCTACAATGC,71
AAGTTTACATAATAAA,71
AATATAAAAATAGTAT,71
AATATATGAGGGCATA,71
AATATCAAAAGCCAAT,71
AATCCTGTATTGCCGA,71
AATCTTAACAAAGTGA,71
AATGGACTGCACTATC,71
ACAGCTTAACCAAAGC,71
ACGTGTGGTACATATG,71
ACTACAGGTGATTTGC,71
ACTGTTCATCCCAGCT,71
AGAAAAGCCAAACAGT,71
AGATAAACCTAGTTAC,71
AGCAAAGTAATCTACA,71
AGCAGACGAGAATCTC,71
AGCGGCCTATTCAATG,71
AGCTTGCTCCAAAGAG,71
AGGACTTCAAAAATTT,71
AGTTCGTATCAACGAT,71
ATCAAATATCAACAGA,71
ATCAAGTTTGCAATTA,71
ATCACTTTCAATTACA,71
ATCATCGACGCACATT,71
ATCATTTATAATAGGG,71
ATCCTCCAATTGGTTG,71
ATCGTCCTTGCTGTTG,71
ATCTAAATAAGCATCT,71
ATTAATAATGAAGAAT,71
ATTCGTTTCTGATGTG,71
ATTTCCATCACAGAAA,71
CAAAAAGCAGCTTGAA,71
CAAAAATTAATACGAG,71
CAACGCACACGCGAAG,71
CAATAGTAGAAGTTAC,71
CACACAAATATGTACA,71
CACAGCTAGCGTCTCA,71
CCAAAGTCTGTAATCG,71
CCAACCTCAGAAGCCG,71
CCCGGATCTTGCCTTC,71
CCCTGTTAAGATAGAC,71
CCGCTGTCATTATGAC,71
CCTAAACCGTCCCAAC,71
CCTCTCAATCTAATGT,71
CGGATTACAATAAAAC,71
CGGTTAAGAAGATTTT,71
CGTTCAATGACACCCT,71
CGTTGAGAGCTTGCAC,71
CTAACGGGCAAAAAAC,71
CTACGGCCTAATTTAT,71
CTAGATATTACCAGCG,71
CTAGGAGTATGGCTAT,71
CTATACTTTCCTGATG,71
CTCGAAACACATGCAC,71
CTGCCTTAATAATCCG,71
CTGCGGGAATCAAGTT,71
CTGTGATAATGATAGA,71
CTTGAAAGTCTAGCGA,71
CTTGGGAAATACAAAG,71
CTTTCGCGACAGATAC,71
GAAAAAACTCTAAAAC,71
GAAAATCGAAATGGCA,71
GAACTCGAAATAAGCA,71
GAAGCCTTATGTTAAT,71
GACATTGGCTCTGGAG,71
GACATTTAGCAACTTC,71
GACTACCAATCCTTAA,71
GAGAGTCTGCTCGGAC,71
GAGCATCGTTCATGGA,71
GATAAATTACAGAGAT,71
GATAAGTTACGTTAGA,71
GATACCCTTGCGAACA,71
GATGATTGGATATAAA,71
GATTGATCTCCGCCGT,71
GCTAGACGTTCTTGGA,71
GCTATAACTATTAAAA,71
GCTTAAACCCAAGTAA,71
GGGAAATAATTGATAT,71
GTAAAGCAGTGACGAT,71
GTATAACCAGTTCCGG,71
GTCGAATCGCATAATG,71
GTCTGAGCTCAACTTA,71
TAAAAGGACTCTAGAA,71
TAAAGAGAATGGAAAG,71
TAACTGTCTCGCTAAA,71
TAATCTCTATTTCCTT,71
TACACCCCTATCAATT,71
TACCCGCAGAACCTAT,71
TACCTACGATTGGATC,71
TATCCTTGACTTGTTC,71
TCCAAGATATATATAG,71
TCCTCGCTAAGACAAC,71
TCCTCGTCCGAGCGTA,71
TCCTGTCGCCCAGCCC,71
TCTAATTACACGGGTT,71
TCTCAATTCTCATGAC,71
TCTGTTAACTGCGGTC,71
TGAACAAAGCAAGATG,71
TGAGTGGGGATAATCA,71
TGGCCTGTTAAAGACC,71
TGGGTGAAGTCACTGG,71
TGTCGATCGTTAACTC,71
TGTGCCTTATCGTTAA,71
TGTTGGCTATTCCCGT,71
TTAATAGTCATACACA,71
TTACAAGCCCCTGTAA,71
TTATAAGCTACACAAT,71
TTGGACACCAACCACA,71
TTGTCGGGTTCATAAG,71
TTTAAAGAATTGAAGC,71
TTTTCCAACGTGCCTT,71
AACAAAAAACCAGGAC,70
AACCATCAAAAAACGC,70
AAGTACTCACCACACT,70
AAGTCTACCGATGCTG,70
ACAATCTTCAAAACAA,70
ACATCCCGAGGAAAAC,70
ACGCGCAAGAACCAAA,70
ACGTATTTAGACGCAT,70
ACGTTGGTCTGGGACA,70
ACTCATCTTTTAATTA,70
ACTCCACCATATGAGT,70
ACTCGCGGCAAAGAAT,70
ACTTCCTTGTCGGCGG,70
AGAAAAACAGAAACGA,70
AGACGAACTTAAGCCA,70
AGAGACCGTTTCCATA,70
AGAGATATGCTAACAG,70
AGATAGATGCAACAAA,70
AGCAGGCCCTGAGTTT,70
AGCATAAAAAAGAGTT,70
AGCATTGTATGGTGTC,70
AGCCGAAAGGGAATAG,70
AGCCTTAGGCAAATAT,70
AGTACAATATACCGTG,70
AGTCCTAAAAATAGAA,70
AGTCTACGTGGAACCG,70
AGTCTTAAAAGCATAC,70
ATAACTTAGCTCTACA,70
ATACAGCAGAATAAGA,70
ATATGATGGCGTTCTG,70
ATCAAGACCATTACGC,70
ATCAAGACGGTCCATA,70
ATGTACGCACCGCACT,70
ATGTATGCTATGTAAA,70
ATGTCAAAAAAAAAGA,70
ATTCCGACTTTCAACT,70
CAGCCCTCAGTCAAAA,70
CAGGAATTTACCGACA,70
CATAGCACTTGCCACG,70
CATTCCATAATTCCGG,70
CCAGACTTGAACCCAT,70
CCATATGCCAAAATGT,70
CCCATTATGGGAACCG,70
CCCCAAATTGCTACTC,70
CCTTCACGATTTTGGA,70
CGAACCGTTCCGCAGA,70
CGGGCAAACTAGGACA,70
CTACAAGCATGCTAAC,70
CTAGAGCTTGCGAAGC,70
CTCACCAAGTAGCTAG,70
CTTCATTTAAATTAGT,70
CTTGTAGCCACTCCCA,70
CTTTTTAATTAAATTT,70
GAACAGGGACCGATTC,70
GACACTGGACATATAG,70
GACCCAAAAACTTCGT,70
GAGATTCATGGACAAT,70
GAGATTGCCAAGCCGA,70
GAGTCAACAAAATAGC,70
GAGTCACTACGTAATA,70
GATGATAGTACTAATT,70
GCATGAGAACTATCTA,70
GCCCGAAGTTATGATC,70
GCCTCTATGTTATAAA,70
GCGATGATGGTGGCCA,70
GCGCTACGGTATGTTT,70
GCTAAGCAGATTGAAC,70
GGACATGAGGAAACAG,70
GGCACACCAATTCTGT,70
GGCATAATTATTTCAA,70
GGCGTTCACGAAAAAT,70
GGCTAGTTTAAGTTTA,70
GGGGTAAGCCGTTGAC,70
GTATAAAATCTCCAAT,70
GTATTTCCGTAGGCGG,70
GTGTTTCTCCATGTAG,70
GTTTTAACGGCATGAA,70
TAAATTTTGCTATCAA,70
TAACACAGACAAACTC,70
TAAGATTAGCAGTTCA,70
TAATCCATAGAAACTG,70
TACACATAGGCCCATA,70
TACTCACTTGACCAGT,70
TAGCTAGAAAAGTTAT,70
TAGTGCATAAGACAAA,70
TATGATAGCTAAGCAA,70
TATTCAAACTTAGAAT,70
TCACTCTCCAATTACT,70
TCAGTCCATATAAGGC,70
TCATTGGCCGCCCAAT,70
TCCGTACCTCTCACTT,70
TCCTTACGAAGCTACA,70
TCGAAGGACACCGCAC,70
TCGGACATTGCTCGAC,70
TCTGCAACGAATTAAG,70
TGCCTAAAATTATGAA,70
TGCGATGCACTGATGC,70
TGGACAAATTAAGCAA,70
TTAACTGTGTTTCCTA,70
TTAGTACAAATGCATG,70
TTATAAACTATAAAAT,70
TTATCTATTAATCCGA,70
TTCGAGCGAAGTGGAA,70
TTTGACCTTACGGTAA,70
TTTGCCAGAGGAAGGA,70
TTTGGTACGTCTCATA,70
AAAATGCAACTGTAAG,69
AAATACTTAAGATCCA,69
AAATCACGATCCCTGT,69
AACCAAATTGTCTATA,69
AACCGGAATGTACTGG,69
AACGCTAAAATGATAC,69
AACGTGTCAAGCTGGC,69
AATAATATCCAGAGAT,69
AATGAAGTGATTACCA,69
AATGCTCCCTCTGCTT,69
ACAGATGATACTATAA,69
ACATCACCAATTAAGA,69
ACATTAATCAAAAAGT,69
ACCAAATTATAGGGAA,69
ACCAAGAATGTTACGA,69
ACCATTCCCGATGGAT,69
ACGACCACTAAATGGT,69
ACGCCCACTTTAAGCA,69
ACGGAAAAGTATTACC,69
AGAAACATAATTTCGA,69
AGAAGCCTTGCGGAGG,69
AGACAATCAGACTCCT,69
AGCCAAACATGGACTA,69
AGCCAGAGTTCGCCAC,69
AGGAGCAGTCGAGTGT,69
AGGTAACATAACTAAA,69
AGGTTCACGGTGGAGA,69
AGTGTAAACACAACGA,69
AGTTGTAACCAGACAA,69
ATATAGTACTAGTACG,69
ATATATAACCAATCAG,69
ATCCAAACTACAGGTA,69
ATCTTAAAGAAAAAAT,69
ATGTCCCAAGGTTTCC,69
CAATTACGAAATACGA,69
CACTACAAGTCATATG,69
CATTACGACTACAGAC,69
CCAAAAGATAGACGTT,69
CCCGGGGAGAAACCGA,69
CGCGTACTACCAATAC,69
CGGACAGTATAGACTA,69
CGGCAACTACATACCC,69
CGTCCATACTGAATAA,69
CGTGACAACTTCAAAT,69
CGTTCCGGAATTAAGA,69
CTACACTTACAGGTAG,69
CTCTAATAACAACCAA,69
CTTTGCAGTATACAAG,69
GAAGATACCGGGCCAT,69
GAAGTCTTTAAATATA,69
GAATAATACCGGGCCT,69
GACAAGAGCAATGTAG,69
GACTTATGAGCGAAAC,69
GATGACCGCTCATTAT,69
GCACGGCATTTCGGGT,69
GGAACGCGCAGCACGC,69
GGCGATATGAGGCGCG,69
GGGGGGCCCCATCCGC,69
GGTCGATAACGTTTAC,69
GGTCTAATAAGCCCAC,69
GTATCCTGCCGTGGTT,69
GTGCATCATACCAAAC,69
GTTCCTTTTACAAAGC,69
TAACAAAGGGTCTGTA,69
TAACAATATAAATAAA,69
TAATGCCTCTTGACTG,69
TACATTACAGCTTTCC,69
TACCAACATATCAGGG,69
TAGATAAGCATAGTCT,69
TAGCGATCAAACACGC,69
TATATTTCCTCGGAAG,69
TATCTTAATCTATCAA,69
TCATAACCTGCACGGA,69
TCGTATTATTGATAAG,69
TGAACAAGTACAAAAT,69
TGAGAACCGCTGAAGG,69
TGGTACACAAGAACGG,69
TTAATGAGCAATGGCA,69
TTCAAAATAACGGAGA,69
TTGAAAAGGCCGAAAA,69
TTGTAATATTTTAACT,69
TTTGTAAACCTTAATG,69
TTTTTCTAATTCGTTT,69
AAAAAGCCACCCATGA,68
AAAACTACTATCGTGT,68
AAATTAATATTATCCA,68
AACATCGACACGGAAC,68
AACGATCTAGTAAAAC,68
AACGTGCATAGTACCA,68
AACTCGCGAGCCTAGG,68
AAGCATAAAACTAAGC,68
AAGCGGGAAGACAAAT,68
AATAGCGCAAGTCATG,68
AATATATGACAGCAAG,68
AATCCGTGTATCGAGA,68
AATTTTGACCAATTAT,68
ACAAATTTTAGGATTC,68
ACAACGCACAATCTCA,68
ACAGGCACGAGGCAGC,68
ACCAATACTAATACTC,68
ACCCTGGAATGTGGAT,68
AGATATAGCTAGGTGT,68
AGCAAATAACATCCAC,68
AGCGGTTGAAGAGAAC,68
AGTAAAACTACAAGCG,68
ATAATGCCATCGTGTT,68
ATATACGAGATCTAAC,68
ATCCAGGAATTCGCTT,68
ATCCCTGCATTTCACG,68
ATGTCCTAAGAGGACG,68
ATTGGGGAAGACTTAT,68
CAAAATTTTTAAGGAC,68
CAAATAGAGCGTAACC,68
CAAATCATCTTATACC,68
CAAATGGTCTATCTCA,68
CAACACTAAAGCTGTC,68
CAATACGCGACAATAA,68
CACCGGAATAACCGTA,68
CCAGTTCTTGATTCCG,68
CCATAAAATGAGCACA,68
CCGAATCCTAGAAATA,68
CCGCAGAGTTGTAGAA,68
CCTCCGCCCGAACCGG,68
CCTGCCGCAACCGTTT,68
CCTGTTATAACACCAA,68
CGACAAATAAATAAGA,68
CGACTTGACAAGACCG,68
CGCGAGGATACACTGG,68
CGGAATTTGAGGGTGA,68
CGGGATTAGGCATCTT,68
CGTTGCAGTGTTTTAG,68
CTCAGGAGAGTCGCGC,68
CTTAAAGAATGTTCGA,68
GAAAACGGCCTATTTT,68
GAACGATTTCAGTTCA,68
GAAGGGGAGCAGCAAC,68
GAATACATTGAATAGA,68
GACCTCAAAGGACGGG,68
GAGCAGAAGAAACAAA,68
GAGCGTGGGCACTATG,68
GCAATGTACAAGATTT,68
GCAGAATTAAGCCAAA,68
GCATGCAAAACCAAAT,68
GCCGTCCTTTAAATTG,68
GCGCACAAAAAGAAAA,68
GCGTCATCACCGATAA,68
GCTCGGACTATAGCAA,68
GGAGATAAATTGAAGT,68
GGGTCAACAGTAAAGT,68
GTAATGCTAGGCAGTT,68
GTACCGACCACTCCCG,68
GTCATAATCATATGTG,68
GTGAAAGTGGCCCTAA,68
GTGATCCGACCAGTCT,68
GTGTTTTCCATATCTA,68
GTTTAACGAAAGCTTT,68
TAACTCACCAACGACG,68
TAAGATTAATCGGAGG,68
TAAGTGAACAAACCAA,68
TAATCGTAAGAATGAA,68
TACAATTGAGACTAGA,68
TATAAAATGCCACGGG,68
TATATAGCGAACCTAG,68
TATTAAAATACAATAC,68
TCAGCATTGATAGAGA,68
TCATAAAACAACGAAA,68
TCATCAGGGTGGTATA,68
TCATCCAACAGTACAA,68
TCGGAGACGCTCGCCA,68
TGAATGCTTCAATGTT,68
TGACTTTTCGAAACGC,68
TGAGCCAACAAGATAA,68
TGAGGAAGGCGGATCG,68
TGCCATGGCTAAAACG,68
TGGATGAGCGAATACA,68
TGTGTACATTATACGT,68
TTACATTGGAACGTAA,68
TTACTTTCACCGCCCG,68
TTAGAATGACTGAACT,68
TTCCATTCTAATATGT,68
TTGAGAGGTCATCAAC,68
TTGGCCACCATAAAAA,68
TTTAAGAGGCACAGCA,68
TTTTGGTTACTGCATC,68
AAAGCGCTCTAACAAG,67
AAATTATAATCATCGT,67
AACCTCGAAACCCGAT,67
AACGGACACGTACTAC,67
AACTGATTCACATTAC,67
AACTTGTTAAATTTTC,67
AAGCTCTATGTAAATC,67
AATAACTAATACGAGG,67
AATACCTAATGAAATT,67
AATATAGCTCAAATTT,67
AATGACATAATCCCGT,67
AATTGTCATAATAGCT,67
ACAAAAAAGTTGATGG,67
ACAGAAGATATACCCT,67
ACAGATACCTCCTCTT,67
ACATATAAAGAAATTC,67
ACATATATTGCCCACA,67
ACATCAAATGATCATG,67
ACATGCAGCGTCTTAA,67
ACGGTTGGTCTTGAAC,67
ACGTAAAACTAACAAC,67
ACTAATCCCGCCAATG,67
AGAAGACTTACTCCGA,67
AGAAGTTATAATAACC,67
AGAATACAGCGTGTAA,67
AGCTCCATAAACCTGT,67
AGGAATGACAAGAAAT,67
AGGACATAGATCACGG,67
AGGTGATACATGATAA,67
AGTATCAACCTTGAGC,67
AGTGTGACTCATCCGC,67
ATACAATCACCAAACG,67
ATAGCACTGATGTATA,67
ATAGTCGAAGAAACAG,67
ATCAATTCGCGTATCA,67
ATCCATAATCGTCATT,67
ATCCGGGACCACCCAA,67
ATCCTAAATGCTAAAC,67
ATCTCACTTCGCAAAA,67
ATTAAAAATCCGGTAT,67
ATTACTTATACAGTAT,67
ATTATAAAGGAAAAAT,67
ATTCGATTGTAATCTT,67
CAAATTGGGTACCGGA,67
CAACCCCCACCCACTG,67
CAACGGTCTGATAACT,67
CACTCTCTAAGGCAGA,67
CAGAGCAAAGTCCCAA,67
CAGTGAAATAGGTCCG,67
CATACATGTTTAAAGA,67
CATACCATGAAGTATA,67
CATCCCATATTCGCTT,67
CATGTAGTTGCAAATG,67
CATTGAGTTTGATAGG,67
CCACCCATTAATTCAC,67
CCTTTCATAAGTCACA,67
CGATCGCTGATGTATC,67
CGATCTTAACTGGATA,67
CGATGAAAAATTTAGG,67
CGCTCTGACACAGGGT,67
CGGATAAATTATAACG,67
CGTCGCATACTTTACA,67
CGTTCAAATCACATGC,67
CTAAAACTATAATATC,67
CTAAGCAGGCGCCCTA,67
CTAATATGTGCCAAAA,67
CTAATCAAATATGTCC,67
CTCACTGACACTACCT,67
CTCATGTGGTCTCAAA,67
CTCCACCGTCCGCGGA,67
CTCTTTCGACCCAATA,67
CTTGACGAGTTCGAAC,67
GAAAGATTAAGATAGA,67
GAACATGTTATCCACC,67
GAACCCAATACGCCTG,67
GAGCGGTGCCCCGTAA,67
GAGTCGTAATTACTTC,67
GCAAGAAGTAGTTAAC,67
GCCCGAACCAAGAGTC,67
GCTCAGTATCCTGATT,67
GGCTCAAGTTCTTTTT,67
GTAAAATCAATGCACA,67
GTCGTCACTATCATGT,67
GTGCGAGTCCTATTAT,67
GTTCTAAACTTTCTCG,67
GTTTCTAAGCCAAGAA,67
TAAATCGGGTGATCAC,67
TAAATGAGTAATATTG,67
TAACATAAATAAGCCA,67
TAAGGATCCCAAAACT,67
TAATTCATCTTTAGAA,67
TACACGATTCCTAATG,67
TAGTACCGGAGATAAT,67
TAGTCATCTTTAAGCA,67
TATACCGAGATTACTA,67
TCAACATAAACACAGA,67
TCGTTACCAACTCGTT,67
TGAATTCTATCAACCA,67
TGCCGCATTACTATCC,67
TGCGGCTGATGTAAAG,67
TGGAAAAAAATCGATC,67
TGTGACTTACAGGGGA,67
TTAAAGCCGAAACACA,67
TTAAATATTGTACGAA,67
TTAAATCCTACAAGTC,67
TTACAATCCCTCGCCT,67
TTACGTGATTAAATCC,67
TTACTCACTAAACATA,67
TTAGACCGCCGCACGG,67
TTATTGTCACAGGCAA,67
TTCAATCCCTTACCAT,67
TTCTCCATCAGTATGT,67
TTGAAAATAAGAGTTA,67
TTGATTGTCTATTCAA,67
TTTCCAAAGTGAGTAA,67
AAATGCCTTGTCGACA,66
AAATGTAACTGTATAG,66
AACCAATCCCCATCAT,66
AACGGGACCTATGAGT,66
AAGAGATTGGATTCGG,66
AATAATTATTTATTAG,66
ACCGCATTTTCCCCTT,66
ACTATAATGGTGAACG,66
ACTGAAAATCATTCAA,66
ACTGATGTACAAACTG,66
AGAACCATATAAACCT,66
AGAATAAAGACAGCCA,66
AGTACTATAACCGAGG,66
AGTCCCCAAGCTCCTA,66
ATAACGATCGTTTTCA,66
ATCAAATTACGTCATA,66
ATCATTCATTCTACGT,66
ATCGCAGAAGCGAAGC,66
ATGAATCGCAAACGAC,66
ATGTGTGGATGGAAAC,66
ATTTATTATCTGCCTT,66
CAACATTGACTACCTG,66
CAAGATTTCTTGCCGA,66
CAAGGTGCATTAGCTT,66
CACAACAAAGACGTTA,66
CACAGGAGAATCAATT,66
CACGTGCGTGAATTTT,66
CAGAATAAAGTAGTCA,66
CAGGAAATAAATACCA,66
CAGTACGAGCGTGTCT,66
CCAATAGAGATTAGAG,66
CCATCAAATACCACTT,66
CCCTGATATGACAATA,66
CCCTTAGTGTGATTAT,66
CGAGAGTGTAAAGCTA,66
CGTAATAAGGACCGGT,66
CGTAGTCAGAGCCCGG,66
CGTATTTAAAAAATCC,66
CGTTTTACTACAGGTC,66
CTACCATAACATCTCG,66
CTAGCTGAACAGTTTC,66
CTAGGTATCAATTTTA,66
CTGACGATTTAGATAG,66
CTTAGCGCGGTAAAAC,66
CTTCGGAACATAAAAG,66
CTTTAATGCAGATAGC,66
GAAAACTCCTAGGATC,66
GAAGGCTACTAAAGAA,66
GAATAGTACTAGCATG,66
GAGCCTTTTTTAAGAG,66
GAGCTCGATTGCGACC,66
GATCACACTCAATAAA,66
GATTACATACCCTAAT,66
GCATGACAACCATCCC,66
GCGGTATTTGCCGTAA,66
GCGTGAACTCCATAAA,66
GCTCAGAGCAGACACA,66
GCTTCTGATAATGAGA,66
GCTTGAAATGATTTTT,66
GCTTTAATTCTAAAGA,66
GGAACTTGATCAACAA,66
GGAAGAATTGAACTTT,66
GGACTTAATTCGCGTT,66
GGCTTTAGGCAAGGTA,66
GGGCCTTGAGAAAACT,66
GGGGTTATATTCCCGT,66
GGGTTAGCGCGTTGAC,66
GGTGTTGGTGCCCCTT,66
GGTTACTATCAATCGA,66
GTACGAAGAATATCCC,66
GTAGCGTTAACTGCAA,66
GTCCAAACAGAACACT,66
GTCGATCAAGATCTCC,66
GTGAGGTCCATGTGTA,66
GTGTTGATGTGTATGA,66
TAAATTGAGACCATGA,66
TAATCAATGAAATAGC,66
TACTCCAACGAGTGGC,66
TAGAACTTTATCACAT,66
TAGAGTCAAGATAGTT,66
TAGCAGATGAAGAAAA,66
TATAACCATAATGAAC,66
TATCTACTCTATCCAT,66
TATCTCGGGGTGTCAC,66
TCAACTCACTAAGCGA,66
TCACATGAAACCATCA,66
TCTCTGCGACACCCGT,66
TGGATGCCCAATACAC,66
TTAAACCCTTCTAGTG,66
TTAAATACGTTGAGTT,66
TTACCTTCGAAAGGAG,66
TTAGAAACAATAGAAG,66
TTATCTACTACATCTG,66
TTCAGTTCTAGTTCTA,66
TTCATAGTAGAGTTCT,66
TTCCTTTCATTTGACT,66
TTGACATACTACAGCC,66
TTTTAACATCACACTA,66
AAAAACCAAGAAACAG,65
AAAACCAGAAATTCAA,65
AAAACGAATAACTGAG,65
AAAATAGTTTCGTTTG,65
AAACCAATATAGGTGC,65
AAATAACCTCGCATGT,65
AAATCTGAACTATAAT,65
AACACACCCTCTAAAT,65
AACACAGCGGTTTTGC,65
AACATCTAGCGTAATC,65
AACCCAGTTTCCCGAA,65
AAGCCTTAAATCGATA,65
AAGTTCACAGATGAGT,65
AATCAAAGTTACGATT,65
AATCCCAAGTACAAAG,65
AATTTAAACACAGCAA,65
AATTTCTAGTTTATGC,65
ACCGACTCGACTTTAT,65
ACGACATTGTGCCCTA,65
ACTAAACATATATTTA,65
ACTCTCTTAGACGAGC,65
AGAGACCAATTCAGCA,65
AGAGATAGGTAGCATC,65
AGAGATGGCTATATAT,65
AGATCCAATTAGAATC,65
AGCAATAGGGAACACT,65
AGCACAAATGCACTCA,65
AGCCTTGTCGGAAGAG,65
AGCGTACTCTCAGTGA,65
AGGCGAGCATCATAAA,65
AGGGATGCCGGCAATC,65
AGGTTTTTATCCTACG,65
ATACTGGGCTCGGTAC,65
ATAGAGCTAGGGACAT,65
ATAGTATACATGATCC,65
ATCACCAATGGACCCT,65
ATTCCGTCATTATGAT,65
ATTTCGCATAAACTAG,65
ATTTTCAATCAAAGGT,65
ATTTTCAGACTCAAAT,65
CAAATCACGCGGAGCT,65
CAACTGAAGAGAGTTT,65
CAATTATTTGAGAGGT,65
CACAAATATTAAAACT,65
CACCAAGACACATAAA,65
CACGATTCAATGTCCG,65
CAGACCTTGCTTAAGT,65
CATCGCGATAATACAC,65
CATGAATTACCGATAT,65
CCAAAACTACCTTAAA,65
CCAATCCAACCTGCTG,65
CCATAGATAACATAAA,65
CCCATACAGTTCAACG,65
CCGCGAAACAGCTCGA,65
CCTAAAATCATAGAGA,65
CCTAGGGATAAAACAT,65
CCTGTATCAGCCAGAG,65
CGAGACAGACGCCTAG,65
CGCCGCCTTACGAAAG,65
CGGTTAGTTACAAGCA,65
CTATACCGTAAAGAAA,65
CTCGTCTCCTCGAAAA,65
CTTCCTACAAAGCCCC,65
CTTTGTTAGTTACATC,65
GAAGCAAAGCATACGG,65
GAAGGACTGTTAAGCC,65
GAATATCCAAAAGATG,65
GATAAGTAATGAGGTC,65
GATTAAGGTGAACACA,65
GCGATATGTACCAAAT,65
GCGTCATATAAAGTAC,65
GGAATTCCGGGACATA,65
GGATGGTTGCCAGAAT,65
GGGTCCTCTTCCTGCG,65
GTAAGCTAAAGAACGT,65
GTAATATGTTACCGCG,65
GTAGAAGTTAACTTTT,65
GTAGCTTACTTGCGGT,65
GTCAAGTTAGTTTAAT,65
GTCCCCCCGACATTGA,65
GTGGAATGAGTAGATA,65
GTGTGTATAGCCCGAT,65
GTTAAGACTGGAATCA,65
GTTAAGGTCGTGTCCA,65
GTTTACGCACAAACAA,65
TAAACAACGACCGTCC,65
TAAGATCGGACAGCTA,65
TAATAACCTCACCTTT,65
TACCCTTCCGTCAATA,65
TAGAAATTGCATACAT,65
TAGGGACAAGATCAAT,65
TATGCCAGACATTCCA,65
TCACAGATAATTGTCA,65
TCAGAGGTCATTTCTA,65
TCATGCTCCGGGACGC,65
TCCCCGCAAAAGGTCT,65
TCGGGGTGAAATCGTA,65
TCTCAAAATCATATTA,65
TCTCAATAACCTTTGT,65
TCTCTTCGCCGGTGGT,65
TGATCTTTATACTTGT,65
TGCAAACTTCGATTAC,65
TGCCGTTTTCTAAGGT,65
TGGAAACCACTAGTGA,65
TGGAATGCGACAAACA,65
TGTCAACCGACGAGCC,65
TGTTAATTGTTAACAA,65
TTCAAGGTATTCAAGC,65
TTCTTACTGCAAAGAA,65
TTGGATCGGAACAAAG,65
TTGTACCAAGGATCTT,65
TTTGATTATGAGATCC,65
TTTTCGAAAAGAGCGC,65
AAAACGCATTCACATA,64
AAACCTTGAAAGCGCT,64
AAAGACAGTCAAAGTA,64
AACAACATAAACAAGC,64
AACCGGGCGGCTCCAT,64
AAGAAAAGAACAATTT,64
AAGATACTATACAGGC,64
AAGATCACAACCACCA,64
AAGGCAGTCGACTCTA,64
AAGTCAGTTCCACAAA,64
AAGTCATTCAATTGAT,64
AATCACCTAAGCCTTC,64
AATCGTTCGAACAAAT,64
AATGCTTAACACTAAT,64
AATGTGCCTCTACGGT,64
AATTGTTAACTCCATT,64
ACAACCGATAGATATA,64
ACACGCCGGTATCTGC,64
ACAGAAACTAAGAAAA,64
ACATCAAAGATAGCAG,64
ACCAACCTAAATAAGT,64
ACCGATGTACTCATTA,64
ACGATGCCAAGCAAAT,64
ACGTAAAAATTGCCCC,64
ACTCACGCTGTTCTAT,64
AGAATTAATACAGTCT,64
AGAATTCAAAGGAAAG,64
AGATATCACCAAAACC,64
AGCGGTAAAACCTTAA,64
AGGCCACCAAACTGGT,64
AGTCCAGATAGACTGT,64
AGTTTAATTTATATAG,64
ATAATTGGGGCCAACT,64
ATCACTTGCCCGTCCA,64
ATGATAAAGGGAAGTC,64
ATTAAGACTCTTCAAC,64
ATTTGAGAAACTACTT,64
CAAACAGGGTCCACCT,64
CAACTGGGCCTTCCAT,64
CACGGTCAGCCTCATA,64
CACTAGCCAGAACTAC,64
CATATATTACGAGAAT,64
CATATGAAAGATAGGG,64
CCAATATAGTAACAAG,64
CCAATGCCTTGGATAG,64
CCAGAAAAGTCAATGC,64
CCAGGAATAAACATCT,64
CCGCAAAAACAGCTAT,64
CCGCGCAGAATCCCCT,64
CCTAATCACATCCCTC,64
CCTTAAGCTGTTTATA,64
CGCCCCGTCTGAGCGT,64
CGTCTGTAAACTACTC,64
CTATGAAAGTCCAGAT,64
CTCAATCCGAAAGTAA,64
GAACCTAAGCTTACTA,64
GAAGGAGTACGTATCA,64
GAAGTTAGTAAAAAGA,64
GACAAGTACGTCAACG,64
GACAATGTATTTACCT,64
GACAGTCGGTAGTATT,64
GACCAAAAGTTTCCTT,64
GACTCGCCACCGGAAT,64
GAGGTACCCATACAAA,64
GAGGTTTCGTATAGCA,64
GATACAAGCAGATTTC,64
GCAAGCCCGAAGACTA,64
GCAAGGATGTATCTCA,64
GCATGTCCTGTATGAT,64
GCCCCTAATTTCTAGA,64
GCCGCATATTGGATTA,64
GCGTGATCCCATACAC,64
GCGTGCTTAGGGTATT,64
GGAATGATGTACAATT,64
GGTTAAGAACAAAATG,64
GTAAAATGTGTTTTCC,64
GTACATCTATAAATCA,64
GTATATCACTCTTATT,64
GTATATCCTATTTAGA,64
GTCCCTATTACCCGGC,64
GTGGAAATACTGTAAT,64
GTTACCTTTAGTGTAA,64
TAACGGCCTTGCGTAC,64
TAAGAGTCATCCCACA,64
TAATGTGTGTAGAAAT,64
TACCATAACATGAGTA,64
TACCATGGTCTATTCT,64
TACGGTACCAAAGATA,64
TACTAATACCAATCTA,64
TACTAGTGCTTGTCAT,64
TAGACAATAGCCGACA,64
TAGGCCAAAAGAACGA,64
TATTTAGATCAATAAT,64
TCAATTAAACTTGCTG,64
TCATTCGTAATTAATC,64
TCGACTAATAAGATCT,64
TCTATAGAGTCACTCC,64
TGATTAAAGAAGAACT,64
TGCAAAATTCCAGCAT,64
TGCCCATATCTTTTCA,64
TGGTGAGCCAATAGGA,64
TTAGGTGACGATCGAT,64
TTATTTATAACACCTT,64
TTCCACCGGGGCTATT,64
TTCCCCAATCACCGAA,64
TTCTAATATGGCCACT,64
TTTATGCCAAGTCAAT,64
TTTCTTAAATAAGACC,64
TTTGACTAATGATACG,64
AAAAAATATAACGCGA,63
AAAAAATCCTACTGAA,63
AAAACAATATGGAATA,63
AAAAGCCCCAGCCAGC,63
AAACACTCGAGGTCGT,63
AAACATTTGCAGATAC,63
AAATTACTATTTAACA,63
AACATACTACCCCCAT,63
AACCGCTCCTTTCTCG,63
AAGAAAAAATTGTACA,63
AAGAATAGCCCAGTGT,63
AATAAGACGACAATGC,63
AATACCAACATATAAA,63
AATATATTAGATTTAG,63
AATGAGAAACTGCAAA,63
AATGGAAGTATCAGTA,63
AATGTACATTATTACC,63
AATTTTAAGGTCTTAA,63
ACAACATATAAATTAT,63
ACAGGTTGTGAACCGA,63
ACAGTATTTACTGCGG,63
ACATAGTTGCCTACAG,63
ACATCCCATAAGCATC,63
ACCTAACACAAAAGCA,63
ACCTATTCACCAAGCC,63
ACGGTAAAAAGCGCTA,63
ACGTATCTTAAATAAA,63
ACTTATTCGGTGCCGC,63
AGAGCAATATCACGGC,63
AGATAAATGACTCGCA,63
AGCACACTAAACGCTC,63
AGCCTAAGACAGATCC,63
AGGTATAAATATCTCT,63
AGTCTACGATAACTAT,63
ATAACACATAAAACAA,63
ATACATCCAAAAGTCA,63
ATCGCAAAGAACGCAC,63
ATTAAATTCTGCTCTT,63
ATTTCTCATGCTTTTT,63
CAACATCAGCGATGAT,63
CACAACCAGGCAACCG,63
CACCTTTATACGTCAT,63
CATGCACACTCCACAA,63
CATTAAGTTATATAAT,63
CCAATATAAATAACTG,63
CCATAAAATCATTAAG,63
CGAATGAATTGTAATC,63
CGCCCGCCGCCCCACA,63
CGCCGTTCTTTGTATC,63
CGGCAGACATTTGTAC,63
CGGTAATTAGAAGAAC,63
CTCTCCTCAACGATTA,63
CTGACCTATACCAGTT,63
CTGTAAGCTTGCAACC,63
CTTTGTGTCTAGTACG,63
CTTTTAAAATAATAGA,63
GAAATTTTTATTAAGC,63
GAACAACGTATTGAAG,63
GAATCTGCGCTCCAAC,63
GACAAAGCGTGGTAAC,63
GACTGCTTTTGAGTGT,63
GAGCACCCGAAGATCA,63
GAGCACGGACACATAG,63
GATGCACAAATTCCCA,63
GATTGAGAAAAAAATG,63
GCGAAAAAATCAAGAA,63
GCTAATTCTAGCAGCA,63
GCTATCTAATCCCCAA,63
GCTCAAATTACCAAAT,63
GGAAATGTTCCTTATA,63
GGACCACATGACGGGA,63
GGACCATCACCATTGA,63
GGACGAAAACAGCCTA,63
GGATGGCGAATTTCGC,63
GGCGCACATGCTAACG,63
GTAACTCTTACTCAGG,63
GTACATTGCCTACGTA,63
GTACGGCAAACGACCA,63
GTAGTACATAAAATAG,63
GTATTATTATTGAACG,63
GTCAATAAACATAAAA,63
GTCCAGACACAGATAT,63
GTTATACTATGGATAG,63
TAAAGAAGTGTGGAAT,63
TAAAGCACTCAATTAT,63
TAAAGCTTCTCCATGC,63
TAATGTCTCAGATATG,63
TACACAACTTAAATAG,63
TACCTGACATTCCCCT,63
TAGCACTAACACATCT,63
TAGTAAGATGTGCACG,63
TAGTGATTCTGTGTTA,63
TATGATCGGCTTGAGA,63
TATTTAATGTGAAAAA,63
TCAAGTAACGCTGACA,63
TCAATGTCTCCTAATA,63
TCAGTTCCGAAAAGTC,63
TCGAGAGTTTCCACAT,63
TCGCGAGTCACTTTTA,63
TGAATATGGCTCAAGG,63
TGAATTCTAGATGAGA,63
TGATATACTAAACCTT,63
TGTAAATTGATAGGGG,63
TGTGAGTAGAAACAAG,63
TTATATCAGTGCACAC,63
TTATGCGAGATTATGC,63
TTCGGTGCACGATTAA,63
TTGATTTAAGCCATGC,63
TTGGGACAAAGGACGC,63
TTGGTCCTTAACCCTC,63
AAAAGCATGAGACCCA,62
AAAAGCCACATTAACG,62
AAACACTGACAATCAG,62
AAAGGGTCTAGTTGAA,62
AAATCGGGCTGCGACG,62
AAATGAATTCCCCACA,62
AAATGCTGACACGCGA,62
AACAATTAGTTGAGAT,62
AACAGTATGGTGACAG,62
AACCCAATAATGACAT,62
AACTATGAAAACGAAT,62
AACTCTTTGAACCAGG,62
AAGAAATTGGTAAAGT,62
AAGCCATCCTGCTGAC,62
AAGGCAACTTTCGAAA,62
AAGGCTAGATACGAAG,62
AAGTAAAAAACTTGGA,62
AAGTTAATTAAAACTG,62
AATAGCTCTCATCAAT,62
AATATTAAATACGTTG,62
AATTAAATTTATTAAG,62
ACACACTTCCTATCTC,62
ACGAAAACGAACAGCA,62
ACGATTTAAGATCCAG,62
ACGGTAGCAAACAATA,62
ACTTAATAATTAGACC,62
ACTTCTAAAATCTAAC,62
ACTTTGAACCATGCCT,62
AGAAAAACTCCAGAAA,62
AGAAAAGACACTACAA,62
AGACAGAGAAACACGG,62
AGACGCGTAATCGAAA,62
AGACTATAAAACCGAA,62
AGTATGTATTCGCTTT,62
AGTGGAACAAAACGAG,62
AGTTCTGATTTAATTC,62
AGTTGCAGAACGTGGC,62
ATAATCAGCTTGCCAT,62
ATAGAATTATTTAAAA,62
ATATCCCTACGGACGA,62
ATATTTTAGGCTAAAA,62
ATCATCTAGCTTGGCC,62
ATCCAAGCATAGCCCA,62
ATCGGCGCATGCCGCA,62
ATCTTATTATCGTTCG,62
ATCTTGTTACATCAAA,62
ATGACTCCGCATTAAC,62
ATGCATAATAATGAAA,62
ATGGATATTATACTGA,62
ATTAGTTTGAAAATCT,62
ATTGCATCTGTCGAAC,62
CACAGAAAAGCAGAGA,62
CAGACAGATCATGCAT,62
CATATACCCCACAGTC,62
CCAGGAGGCGACAACA,62
CCATAATTTGTGCAAA,62
CCCGTTAACTATAGTG,62
CCGAGTCATGTAAAAT,62
CCGGGAGGAGGTGGTC,62
CCGTCTAACCGCGCAT,62
CGAAGTTATAGGTACC,62
CTAAAAAGGTTACAAG,62
CTAGAAATTAAATTGT,62
CTATGAATTAAAAATG,62
CTGATTTAGCCTAATT,62
CTGCGATTTCAAATAC,62
CTTAAATATATGAAAA,62
CTTACTTAGTAACGCC,62
GAAATCGACTTAAGCG,62
GAATGTCAAATACATA,62
GACACAACCTGTGATT,62
GATAAATCTGTTAAGT,62
GCATTATTTCAATTAA,62
GCCTGAAATTTAGTTA,62
GGAAAACAAATTGTAT,62
GGAACGAGAATCCGCA,62
GGTCTGCAAGAAATGC,62
GTAAAATGTCTGGCCC,62
GTAAGATAGAAGGAAA,62
GTACTAGTACTAATGA,62
GTAGACATTTTAGGGT,62
GTATATTAAAGATAAT,62
GTATTAGACGCACGCT,62
GTCAAAGTCGATCAAA,62
GTCACAAATTAAGTAT,62
GTCACGTTAAAACAAC,62
GTCATACTCATTTCAG,62
GTCGTACGATTAAAAA,62
GTGATTTGAAATAACA,62
GTGGCGGATCTTTAAT,62
GTTCCATACGTGTGAA,62
TAAAAGATCCACAACA,62
TAACCAACCCAGAATA,62
TAACCACAGTTTGTCT,62
TAACCACCGTGAAGCA,62
TAAGGGTCCTGCATAC,62
TAAGTTTGCTTACATG,62
TACACAAGTCACGGGA,62
TACGCTAGAATTCATG,62
TACTACCCGCAGAATT,62
TAGATAATAATATCCA,62
TAGTATACTTAATAAT,62
TAGTGTTTCTATAAAT,62
TATGGCCAATCAATAT,62
TCCTCATCTCGACTGA,62
TCGCAATGATAGTATA,62
TGATTACAACCCAAAA,62
TGCGCTCCCGACGCAA,62
TGGTACTTTAGATACC,62
TGTACCCTAGGGTCTC,62
TGTATCAGATAGACTG,62
TGTTCCTCTTGATTAA,62
TTAAACGGTCAATAAG,62
TTAAGCTGTGCAAAGG,62
TTATAGAATTAATGTA,62
TTCTACCAATTAAAGC,62
TTTTTGAGGGCTAAAC,62
AAAAAAAGAATTACAT,61
AAAAACAAGGCGTCCA,61
AAAAAGCTGAATGTAT,61
AAAACATTTATTCTTA,61
AAAAGACTTGCAGAAC,61
AAAATTATCTAACGGT,61
AAAGATCCAGTACCGA,61
AAAGGATGAAGCAAAT,61
AAAGTTGGCTACAACG,61
AAATTCAACTAGTTCG,61
AACATTTTCCAATGTA,61
AAGAAAGTTAATGTGA,61
AAGAACCCTCATTGTA,61
AAGAAGCGAGCCCGTG,61
AAGAGTATACAATCTG,61
AAGTCACTCATCCCAC,61
AATATAATGAGCCATA,61
AATCGATACGTAATAC,61
AATGACCTCCATATTA,61
AATTGTGTTTTTATAA,61
ACAAAGATAAAAACCA,61
ACACTAAATATAAATG,61
ACCCTATCTCATACGC,61
ACGTCCGACGCAATGA,61
ACGTTAGTGACATTGA,61
ACTGGAAGACACCCAA,61
AGAAAACCACGCAGCC,61
AGAACAATGGATCACT,61
AGAGAATTATGCGCGT,61
AGAGGTTTAAAATGAC,61
AGATCACAAAACGAGA,61
AGATTTACCAAAGTCC,61
AGCACTAAAATTAATC,61
AGGCCAACGATTGGAA,61
AGTATATAAGATATGT,61
AGTGGGAACATATCTT,61
ATAACATGCAAGCGCT,61
ATAACATTAACTATAT,61
ATAAGTCCTTATACTT,61
ATACGAATCACCCCAA,61
ATACTGAACTACCCTT,61
ATAGTACCGAATTACG,61
ATATAGCACCATTATA,61
ATATTATCGATACATT,61
ATCAACCACAATGGAG,61
ATTCCGAAATGGTGAG,61
ATTCGCGTACGGAGTC,61
ATTTACCTTGATACCA,61
ATTTCTATTCCCATTA,61
ATTTGTAGACCTGAGA,61
CAGTCTATCCGCAGCT,61
CATTGTAGCTTGTTCA,61
CCCAGCACTTCACGAC,61
CCGAGAAAGATTTTTG,61
CCTCTTAAGTTAAAAT,61
CCTGATCCTGAGTTGG,61
CCTTTACTTCATATAT,61
CGAATACCCCGGATAC,61
CTACACGTTTTTAGCC,61
CTACCAGGAAATATCC,61
CTACCCGAAACCTGTG,61
CTACGAATCGAACATA,61
CTCCGACTGGTGTCCC,61
CTTAACTCAGATGAAA,61
CTTATCAAGCTCCACA,61
CTTCAACCCTAATGTA,61
CTTCAGTTGTAAACCG,61
GAACCATGGTCCAAAT,61
GAACGGGGAACCCATT,61
GAACGGTCTAAGTTCG,61
GACAAAGTAGAAAGAT,61
GATCTAATGACAATCC,61
GCACCTTCACCGTATA,61
GCCGCTATGTTTCACC,61
GGCATTTATTATGAGC,61
GGCGCAAAAAAGATGT,61
GGGACTGCAATAGTGT,61
GGGCCCATGCAACTCT,61
GTAACTAAAAGCTAAA,61
GTACATAAACACACAT,61
GTCCATGCCTAAACAT,61
GTGCTATGAACCCCAA,61
TAACTCTAGACGGCCC,61
TAAGACTTAAGCTTAA,61
TAAGTAATGTAGGCTG,61
TAATTCGGGGGTGAAA,61
TAATTTAGAAGAAAAG,61
TACATATACATCCAAG,61
TACCAAGAAAAAGAAC,61
TACCCATACCAACATA,61
TACCTTATACATAGTA,61
TAGGGATCCTACACAC,61
TATAGGCTGACTCTGT,61
TATTAATCTAGCAATA,61
TATTTCACAGGTATAA,61
TCAGTTTGTCCTAACA,61
TCATAAGAAACAAGGC,61
TCCTAGAGATAGATTA,61
TGAATGGAACTGAGCA,61
TGACGGTCAACCCGCA,61
TGATAGTTAAAAAACC,61
TGCTCGCAACCGTCAT,61
TGGAGTGGATTCAAAC,61
TGGCAAACATACAAAT,61
TGGTTAATCAGCTAGA,61
TGTATTCGCTCATCGA,61
TGTTAAAGACCTTCAG,61
TTAAATTTAAATCCAC,61
TTACACTTAACTCCTA,61
TTACAGTCCACATTTG,61
TTAGGTCCCACATATC,61
AAATTTACTGAATATA,60
AACAAAGGATAGAAAA,60
AACACCAGATTTAAAG,60
AACCGTTTTTAAAAAC,60
AACGAAATACTCTTTT,60
AACTGGTGAGCCAGAC,60
AAGACTCGACATTAAT,60
AAGATCAATTTATGCA,60
AAGGCCGAGAACTGCT,60
AAGTTCAATATCTAAT,60
AATCTCAACTCTCGGA,60
AATTACAACAATTGCA,60
ACACCAAAATCAGCAG,60
ACACGATTAAATATAA,60
ACAGATCATTCCTTAG,60
ACAGATGTTTATAACA,60
ACAGGCTATGTTGCGA,60
ACATCAGAGAATTACG,60
ACCATGAACTACCGGT,60
ACCGCTGTCTCGTGCA,60
ACCTGCACCCACGTGT,60
ACGAAAACTCTACAAT,60
ACGAGGTCAAAATACC,60
ACGGAGTTATGCAGGA,60
ACTCACCCTACCTGGT,60
ACTCATCTTCAGCAAC,60
ACTCTAACCGCCCATA,60
ACTCTGCAGAAGCGAA,60
ACTTTACTATGGCACA,60
AGAACCGGCACACGCA,60
AGATAATTTTAATATA,60
AGCCGTCAACGCTAAT,60
AGGAAACACATATTAT,60
AGTCTTCAGGGAGCAC,60
AGTGCTCATTCAGCCC,60
ATATCTAAGAAAGGCT,60
ATCAGCGGATAACGAA,60
ATCCATCGAATGCCAT,60
ATCGTACCCTCAGATG,60
ATCTAGTTTGATTGAC,60
ATGACAGTCCAGTCCT,60
ATGATGACAAGAAAAA,60
ATTAAAATGATAGCCC,60
ATTTAAGATGAATGCT,60
CAAACCTACTTGGAGC,60
CAACCCAGTCTAAGGT,60
CAAGTATCAATCTCAA,60
CAATTTGTCACCCAGT,60
CACCGAGTATATAAAA,60
CAGAAAGTTAAACGGG,60
CAGTCCTTCTAATTAA,60
CATAAACTAAGACGCG,60
CATCCGAGCGTAAATC,60
CATTAACAGGCCCAAT,60
CATTTTAATTTGGTGG,60
CCAAGAAGTAGATACT,60
CCCAAACTGAGTGTTA,60
CCTGGAGAATAAAACC,60
CGAGAAATTAATTACG,60
CGCCATTAAAAAATAA,60
CGCTCTCTTCAGTACT,60
CGGAAGGCGGACAATA,60
CGTTTACAGTATCCCT,60
CGTTTCAAATAATAAG,60
CGTTTTTCAATTAGAA,60
CTAATTCTGCTAGACT,60
CTATGAAATAGTTCTT,60
CTCTGAAGAACAATGT,60
GAAAATTACTCAGTTT,60
GAAACTAAATGCCATC,60
GACAGATGACAGCATG,60
GACCGAAACTCATTAG,60
GACGCGATGACTCTAT,60
GACGTTAACCTTTGTG,60
GACTTAGAATCAATTG,60
GAGATACCTCAAGACA,60
GATATGTTTAAAGACC,60
GCATAAGTGGTAACAC,60
GCTAGAGGATCGAATA,60
GCTCATACCTGATGCA,60
GCTTACACTGAGACCT,60
GGAAGTCCGTAGTGAA,60
GGACAATTCTAGTACC,60
GGGACCCTGTAGTAGA,60
GGTACAGAAACTGAGT,60
GTAACGAAAACCGAAA,60
GTAAGCCCTTCACCCC,60
GTAAGGGCCATCGTCC,60
GTATCAATGAAAAACT,60
GTCACGTTATTCTCTC,60
GTCGGTATGCCTCTGA,60
GTGAAGGCTTACAGTG,60
GTGAGGTAATAGGAAA,60
TAAACAGCAATGGTAA,60
TAAACTTAAGTATATC,60
TAACTTTCTGAACAAA,60
TAATCAAACTAACACT,60
TACATATTGGCGAAGC,60
TAGGATCCTATGAGAT,60
TATGAGAAGAGCCCCT,60
TATGTATATCGCTTCA,60
TCAAACAACTGACCGC,60
TCAATATAGCAATATT,60
TCCCGTGGTGGGTACA,60
TCTAACGGTCAAACTC,60
TGAGAATACTTCCCGC,60
TGATACGCCCCTACAA,60
TGCACAAAAAGTGCAA,60
TGGGCAAGTGTTTGCT,60
TGTAGACAAATCAATC,60
TGTCACCAAATAGAGG,60
TGTTCAGAATAGTTTC,60
TGTTTTAAATCATTAA,60
TTAAAGTTTTTAGAAC,60
TTAACTGATAATTTTA,60
TTAATTAGGGAGAAAG,60
TTAGTATGCAACCAAT,60
TTCTACCTGCGCAGCA,60
TTCTGTTTAACAAATA,60
TTGGCATTCTCAACAC,60
AAAAGCACACAGCCCA,59
AAAATGGGGACGAGTA,59
AAAGGGTTTTTAACTT,59
AAATCTTGAAGGGCGC,59
AAATTTGGCTTATAGC,59
AACAAAACCACCTATT,59
AACATCGAGCACACAT,59
AACATTTTCATCAGCT,59
AACTATATCTGTAAGC,59
AAGAGCAGATCCAAAC,59
AAGTTTAATACTTCCA,59
AATAGATTCGGGTCCG,59
AATATAGGAATCTAAC,59
AATGAGAATGTTCTTA,59
AATTTATAAAAAAACT,59
ACCACCGATTTGTTTT,59
ACCTAACATCTTGGGA,59
ACCTAGTTCAGGCATA,59
ACGGGTCAATGCTATA,59
ACTAACATACACGTTT,59
AGAACTAGAGTAGTAG,59
AGAATGGTAAAACACT,59
AGATTAGAACCACCTA,59
AGCCAAGTGCGCGGGT,59
AGGCCACACTATGATC,59
AGGGTACAAATGGATA,59
AGTTACATTAACTCCA,59
AGTTATTTTAAAGGAG,59
ATAGGCACGGCCTCAA,59
ATATCTATAGGAAATT,59
ATCAAATCGCTCGCCC,59
ATCCCATCTTTTCCGC,59
ATGAATGAGATTACAA,59
ATGCAAATAGAGTATT,59
ATGTCCTGTAAATTAT,59
ATTAATGGATGTGTAC,59
ATTAGTTGTTTGAGAC,59
ATTATAGGAATTGCCC,59
ATTATTATCATATTGA,59
ATTTAGCTACTCATAT,59
CAAAGCAAATCAATGG,59
CAACACATAAACGGAC,59
CAATTCTATCTGAACA,59
CACTTAATATGATGCG,59
CAGAACCCTCACTTGA,59
CAGGAAATCCCCGACA,59
CAGTTAACCCATATAT,59
CCATTAGATGGTAATG,59
CCCCTATTACCTGCTT,59
CCCTTTTACTCGACCC,59
CCGAACCACCTCAAAA,59
CCGTCTTCTAGATTGG,59
CCTACTAGTTGTCATA,59
CCTAGCCCGATATGAG,59
CCTAGTCACCTAATAA,59
CGAAATTAACATATCT,59
CGCGCCTCTCCATTGT,59
CTAAAAATACACTAGA,59
CTAGCAAAAAAAATGA,59
CTAGGTTGACGCAGAA,59
GAAAAATTATACATAA,59
GAACTGGTCTTTTAAG,59
GACCAGAGCCTTAATT,59
GAGCGTAAATAATTGA,59
GAGTAGACGCTCAAAT,59
GAGTCGTTAGATGGGC,59
GATATGCGGACCAGAC,59
GCATTACACCCGCCAA,59
GCCCTACAAATTTCAG,59
GCCGTCAGACACATAA,59
GCGCTCAATAAGGCCT,59
GCGTAGTACGGATAAG,59
GGAAATCGGGACCAAC,59
GGATGTAAACCTAATG,59
GGATTTGATACCAGGA,59
GGTCATATGACCGATA,59
GTCAAAGACTATACTG,59
GTTCGCGATTATTAGG,59
GTTGGTATGCTATACC,59
TAAAAACCAAACTCGT,59
TAAAGATGGAATACTA,59
TAAATTTAGATACATT,59
TAACTGAAGAATATTA,59
TAAGAAAGCAACCACT,59
TAAGCATGTTTCATAC,59
TACAAATGCTAACACT,59
TACCATATCTACAATA,59
TAGTCATAAGTGATCT,59
TATCTACAAAATCTTA,59
TATGACTGCAAATGCC,59
TATGTCAGTTAGTGAA,59
TCATCGGAACCAATAC,59
TCCACAACCGGACCTC,59
TCCGCAATAAATGAAA,59
TCGCCGGGTAACTTTT,59
TCGTCCGGGGGTACGA,59
TCTGATTTAGCAAATA,59
TCTTCAAAGACACTGA,59
TGCATTGCGAAGCTTA,59
TGTTTCACGTGAAATA,59
TTAATATTTACAGATA,59
TTAATCAAAGAACATG,59
TTATCTGCACACTATT,59
TTCAACTAACTAAAAA,59
TTCCGTATATACAATC,59
TTCGTGAAGATGGTCA,59
TTTAACATCCCTTACC,59
TTTCTCAACGGCCTTT,59
TTTTCCACAGTTATTT,59
AAAATACGACCAATAT,58
AAAATAGTGAAGCAAG,58
AAAATTAGACCGCAAT,58
AAACGGCGGTACTATC,58
AAATTGAGGTCAAGTT,58
AACCCTAAGATGTACA,58
AACTACACGCAATTGA,58
AAGACGTATTCAATAT,58
AAGGATTACGTGTTGA,58
AAGTTAATAACTAAAA,58
AATAAAAATCACTCTG,58
AATGTAAGGTTTATCT,58
ACCTAGGACCTCTCAG,58
ACGAAGACGACAACAT,58
ACGACAACGTAGATAT,58
ACTCAACCCAGTGGGG,58
ACTGATATGAAATATA,58
ACTTAAGTAAAAAGAG,58
AGACCAACAAAAAGCG,58
AGATAGTCCGTAAGAT,58
AGATTTTTAGATGAAA,58
AGCAGATTGAAAAATC,58
AGCCCTTTCAATAAAT,58
AGTGATGTGCGAATCA,58
ATACTAAAAATTATTT,58
ATAGAGAAAATCCACC,58
ATAGCGGTAATATAGA,58
ATATAAATCACGAGTC,58
ATCACAAAAACGGTTA,58
ATCTAAATGAGGGGAC,58
ATGGTAAATACATTTA,58
ATTATCCGTTTTGAAG,58
ATTTGACAAAACACGA,58
ATTTGCGGTTCGAATG,58
CAAAATTAAATCCTGG,58
CACAGCGCTTCATCAA,58
CACCATATCGACAGGA,58
CACGCAGATATTTATC,58
CAGACCCAAGAAAAGT,58
CAGACGAGATCGTAAC,58
CAGATTACTAAAGAAA,58
CAGCGAAAGACAAGCC,58
CATCAATGAGCCAGAA,58
CCACTGGACTGATGTT,58
CCAGAACTTAGCACAT,58
CCCGCTGATCTATCAA,58
CCGTACTAAATGATAG,58
CCTGCCAGCGCCTTCA,58
CGAACGCACAACAATA,58
CGACCAAGAAAGAGAA,58
CGCAATTATATAATAT,58
CGCAGTCGATCGCTTT,58
CGGCCTGAGTAGGCTT,58
CGTAAACTTTGCGCGC,58
CTAAAGAGATCCACTA,58
CTCCAATTGCATTGTT,58
CTCTACAACGAATATA,58
CTGCACCCAAATGTGA,58
CTTCCGCAAAATGACG,58
CTTTGAGAACTCATGA,58
GACCACAACGTTAATA,58
GAGCGATACATAAAAA,58
GCACGCAAAGCAAATA,58
GCCGCTGAAGATGTTG,58
GCTAGCAGCATGCTAA,58
GCTGCTATTAAGGAAG,58
GGAGTAGATACCCAGA,58
GGATTTTTACCCCCAC,58
GGCGTTGCATTGTACA,58
GGCTCAAACCCGAGTT,58
GGTCTAGATATTTTTC,58
GGTGTTCTTAAGGCAT,58
GGTTTAAATAGACACA,58
GTAAAGTATAGCTTCA,58
GTAGATCGATACCTTC,58
GTAGTATAAAAGCATT,58
GTATAACCAAAGCTAA,58
GTGAAATATGGCCGCC,58
GTGTATCCACAAAGGT,58
GTTCCTGAGGAGAGTC,58
GTTTTCGCCGTTAAAT,58
TAAACATAGCCCAATA,58
TAAGGGTATGCAACAT,58
TAATCAGTTCACATTA,58
TAATGACCAATCGGTG,58
TAATTAGACTTGCTCA,58
TACTATCATCCAATGT,58
TATAATTCTTACGGAC,58
TATCTATGTGATAACT,58
TATTGTAGTTTAAGAG,58
TCAAGATCCAATAAAG,58
TCACAATAATCATACC,58
TCACTTGGGCCTTAAA,58
TCATAACAACACACAC,58
TCCGCAACCTCACGCA,58
TCTAACCGTCTAGTAT,58
TCTATTCCATTACCTG,58
TGACCTCTAACTAGCC,58
TGATCCAACTACTGGA,58
TGGTTAAGTACTAAGC,58
TGTGAAGAAATCCCAA,58
TGTGCCCCGGCGACGA,58
TTAAGCACCTCATGTA,58
TTACACCCACAAAACA,58
TTATAGAGATAGATTT,58
TTATATGTAAAAAATA,58
TTCCAACAGAGCCAAA,58
TTGAAATCTAAAAACA,58
TTGCCACCGGCGTACA,58
AAAAGTCAAACTAAGA,57
AAACAACCCATCCTTC,57
AAACGTTATCCGCAGC,57
AAAGCTCACTATAAGG,57
AAATACACCATCCTCG,57
AAATGCGCAATTTAGT,57
AACAACGCAAACCCAC,57
AACACGTAAGTCTCAA,57
AAGTCCATTTTATCTG,57
AATAATTCTAAGAAGA,57
AATACCAATCCCCTCT,57
AATAGGCTAATGAACG,57
AATCGGAAACTCTGCC,57
AATTAGCTTAATGGCC,57
AATTTCTAAAGAATAG,57
ACACATCAAATCAGAG,57
ACCAAAAAATTCTTTG,57
ACCCACTGATCAAGAC,57
ACCCTCAACAACGGGT,57
ACGATGTAGCGCAAGC,57
ACGATTTGAGATGGTA,57
ACTATCTCACGCTGCT,57
ACTTGGAAAAGCACTC,57
AGAAACCCACTAATCT,57
AGATGTGCCTAATTGC,57
AGCCTAACAAACAGAC,57
AGCTTGGTAACGGCAC,57
AGTAACTAGACACTTG,57
AGTTAATATGCACATC,57
ATAAACAGAATATAAT,57
ATAAGCCCAAGGAATA,57
ATACGGGCATTTAAAT,57
ATAGTGTCCGAAAAAC,57
ATCAAGAATTAAGGGA,57
ATCATAAAAGGATTTC,57
ATCATATACAAAACTA,57
ATCGCAAGAAGGATAA,57
ATGACAAAGATGCAGC,57
ATTCATTAGCAATTAA,57
ATTCCAACACGGGGTA,57
CACAAAGCGAGTACGT,57
CACGACCGGTTTCCCT,57
CACGCACAACGTTCCA,57
CACTTATTTTGGACTG,57
CAGAGGTTTAATTCAA,57
CAGCACTTACCTTGGG,57
CATAAAGATAAAAAGC,57
CATAACCGCATGTAAC,57
CATTACATTATCAAAG,57
CATTATGACTTTAGAC,57
CATTCAAGTCTACAGG,57
CCCACGATACATCCCA,57
CCGAAATTTACATGTG,57
CCGACTAATCGGATTA,57
CCGCATATCCAACTAA,57
CGAAACAGCTGACACA,57
CGCATCAAACGGCTTC,57
CGCGGTACCAGGGATG,57
CGTTCATTTACTTGGA,57
CTCATAGACCCAGCTA,57
CTCTGTTAGCGGAGTA,57
CTTCAACTAAATGTCT,57
GACGTATGGCCTAAAC,57
GAGAGATATAGTCGAG,57
GAGAGTGTAATTGAGA,57
GATGACCCAGGTACAC,57
GATGTTAACCTAAATA,57
GCCTTTGGTATCACTC,57
GCTAAATAACGTTACC,57
GCTGAGGACAAATCTA,57
GGACTAAAAAGAATGG,57
GGGAGTAAATACGCGA,57
GGTACAGAAGATAAAT,57
GGTGAGATACCAAACG,57
GTAGATCATCTATCCA,57
GTATACATTATGTGTC,57
GTATTGTACTTAAACC,57
GTGATCTGTATAGTTT,57
GTTACGCCAAACGTTT,57
TAAAGCTATGTCTTAT,57
TAACATAAAAAGCTAG,57
TAAGCCTACGATAATG,57
TACACTATCGGAAAAT,57
TACATTGCAATTATAC,57
TAGGTCTATATGATCG,57
TAGTTGACCAATTGCT,57
TATCTCCAATTTCACC,57
TCAAACAAGTAGTAAG,57
TCCTCAAGAGATCCTA,57
TCGAAGGATGTATAAC,57
TCTCATCCTGATCATT,57
TGATACATCCATTAAC,57
TGCGACGCAAACGTGA,57
TGGTCAATCTCCACAC,57
TTATTAGACACAAGAG,57
TTCAGTATCTTTATGA,57
TTCCTTGCATGATATG,57
TTGTAACGATATCGTA,57
AAAAAAATCCATTCAT,56
AAAAACCCATAACTGA,56
AAAAACGGGGCTGAAA,56
AAAAGAACATAACACA,56
AAAATTTGCGTTCGAC,56
AAAGCAATCTAAATAT,56
AAATTTTTAACTCATA,56
AACAAAGGTAACTAAA,56
AACCAAAACATAATTT,56
AACCATCACTAAAACT,56
AACTGAGCAGACAAAT,56
AACTTTTAATTCGCCC,56
AAGACCTTGTGTCGTT,56
AAGAGCTCCAACTACC,56
AAGTATGACAATTATT,56
AAGTTTTATTACAGTT,56
AATATCACATGAAAAG,56
ACAATCCCGTATGAAA,56
ACACGCTCATTCTACA,56
ACATCGGTGATGCCGT,56
ACCAGGAAGATAGAGA,56
ACCGCGATTGCCTTTC,56
ACGTTATACCGAACTA,56
ACTAAATCATCTAGTC,56
AGACCACAAAAGATCA,56
AGACTTAATGTCCCTG,56
AGCCGCAAATAAGCGA,56
AGCTTATATTGGCTAG,56
AGTCAGCCTTTCACAG,56
AGTGTTACGGTAATAA,56
ATAGAGACTCAAGTAC,56
ATCTCTCAATCCATTG,56
ATGAAATGTGTTAGCC,56
ATGAATGCCTGGTCGA,56
ATGCAAAAATTAGAAT,56
ATTAACTTTAACGTCG,56
ATTATTCCCAACACCG,56
ATTCACCACTTAGTCC,56
ATTCATCGCAATTGCG,56
ATTTAGGCACCGGGAT,56
ATTTGATTACGCAATA,56
ATTTTAAACCACACAC,56
CAAGTGAAGAAGACAG,56
CACGTCAAATAATCTG,56
CATACCGCAACCAGTT,56
CATCACAAAGAGCTAG,56
CATCACAAATAAGCGT,56
CATCTCAGCGGATTTG,56
CATTACAGAGTAATAG,56
CCAGCATCAATCTTAC,56
CCCCTTCCGGGGATAG,56
CCTAAAACAGCACTAA,56
CGAAGAATGACTACTA,56
CGAATTCCCAATCCAA,56
CGAGAGCAATCAAAAT,56
CGCCCAATCAGCCAAT,56
CGGGTGAATATTACTA,56
CTCTCAAATACAGCGT,56
CTTATGAAAATATACT,56
CTTGGGGTTCAACAAC,56
GAAAAACCTCACAGAT,56
GAAGTATCCAGTATTG,56
GACAACAAACATACCA,56
GACATAATCTCACCAC,56
GAGAAATCAACTCTAG,56
GATATTGAATTGAAAA,56
GCAGCCATAAGGTCAG,56
GCGAAAAATGTACTTA,56
GCGTTCGTATTATGGC,56
GCTTAAATTAGCGTTA,56
GGAAATTATTTTTTAA,56
GGAATCAACATTCGAA,56
GGAGAGGTTACAATAT,56
GTACTCTATCGTCCTG,56
GTCACGCGTCTATGAC,56
GTCTCCGGATCAGCCA,56
GTCTTGTAGCACGCAA,56
TAAAACCAGGTGAACC,56
TAAAACGGCAACGTAT,56
TAAAAGTATATCCTAG,56
TAAATCTTGAGCAATG,56
TAACAAGAAAAAAGTA,56
TACAAAATCAGGCACG,56
TAGCGCATTAAAAAGC,56
TATAAAGTTGAAACTG,56
TATACTCAAATATAAA,56
TATCCGTCCCATGCGC,56
TCATCATTCAAGTTAC,56
TCCTAATATCCCATTT,56
TCGCAATAATTTAAAA,56
TCGCATCACAATAGCT,56
TGAAACAGCTCACGAC,56
TGATTATTACATTACC,56
TGTAACGAACGAAAAG,56
TGTCACACAATGTGTA,56
TGTTTGGTTTTATACC,56
TTAAATAGAATAAAAT,56
TTAAATGAATTAGCAG,56
TTAAATGGTTTGAATA,56
TTATGTATACAAAAGT,56
TTCGCGTCAACTCATT,56
TTGACTTAAGTACCCA,56
TTGTAAAATCCGGCGT,56
TTGTGCTGTAAATAAC,56
AAACAATCATTTCTAC,55
AAACTTTGAGCCATAC,55
AAAGAAACGATTGGCA,55
AAAGGGCAGACCCAAA,55
AAAGGTAGTCGGCGCA,55
AAATAAGCAATACCTA,55
AACACTCATACTTATA,55
AACATCTGCATAAAGT,55
AACCTTTATTGATGAA,55
AACGGTGTGAGCAAAA,55
AACTAAGTTGGGCGCG,55
AAGAACCTCGACTAAT,55
AAGCAGGCCAAGACAA,55
AATAGTGTGTAAGATC,55
AATTTTACATATTGAG,55
ACAGGAGTTTTAGGAC,55
ACATTCAAAAGTACCA,55
ACGTAAAAACGCGCCG,55
ACTAAGAGAACCTCAC,55
ACTACGCTCTCCCGCT,55
ACTAGCAGGCAAAAAA,55
ACTAGTTCCAGGGGTC,55
ACTCCTCCCATCAGTT,55
AGAAAAGACCGAAGTT,55
AGAATCATATAAAAAC,55
AGAGCGAAGTTGGGAA,55
AGATATTAATAAACAA,55
AGCAGTAAGTCCTCTG,55
AGCGTACTCAGGACAC,55
AGCGTCCTTAAATGTT,55
AGTAACTTTTTTGTGT,55
ATACAACGGCCAAAAA,55
ATATATTAACCTTGAC,55
ATCCTCTTACGGTATA,55
ATGGGGAAAAGAAGTA,55
ATGTACTTTTATTCAA,55
ATTGCCGTTGGGTACC,55
CAAAACTTACTGTAGT,55
CAACGTGCATACACAC,55
CAATAAAACCATTATA,55
CACATTATATTATAGT,55
CACCCTGACTTCCGAA,55
CACCTGGGTAATACCC,55
CACGTCCAAGTGATAG,55
CAGGATGTTGCAGTTG,55
CAGTACTAAAAGAGCA,55
CATGCTATAACATATA,55
CCATCCTACACTGATA,55
CCCACTACCATGAAGA,55
CCCATATGCCTATAGG,55
CCTTCATGTTGACGAC,55
CGAGGAAATTAAGCAA,55
CGAGGCGCTAAAAATC,55
CGGACAAATTGCATAT,55
CGGACTCACAAAGACA,55
CGGACTGTTCCTTGTT,55
CTAGACGCACTCCACT,55
CTAGCTCAATTACGGC,55
CTCAATATAAGTAGCC,55
CTTCCCAGAATACACC,55
GAAAGTACCGGGATAC,55
GAACTAAAATACAAAT,55
GAAGAGAACGTTTTAC,55
GAATACGCTCGCGTAG,55
GAGTTGCTTGCGAAAC,55
GATCAAATGATTAATA,55
GATCACTACAGACACA,55
GATCCATCAGTAAAGA,55
GATTACCCTGTTTATA,55
GCAGACAAAGGATTTG,55
GCATATAATGAAATCG,55
GCATCCAGGTGGCCGT,55
GCATTCAATTATAACG,55
GCCACATGGACCCAAA,55
GCCGTCGTAATATGCT,55
GCTGAGACATTGGTCT,55
GGACACTCCCTCCTAA,55
GGCCATACTCATGCCA,55
GGCCTGATTTACCGCA,55
GGGATACGTCGGAGGG,55
GGTTTAAAGACAAAAG,55
GGTTTATTGTTCATTG,55
GTAAATCTCTTCACTC,55
GTAAGCTGTTTGAGTC,55
GTAAGTGATTTGTTAA,55
GTCTATAATGACTAGT,55
TAAAAACAACTTAATT,55
TAAACAAAGTAGTCAA,55
TAAACTAACAGCTAAA,55
TAACCCAAAGATTAGT,55
TAACGAAAAATAAACG,55
TAAGGTTGAATGGAAG,55
TACACAAGTAAATAAA,55
TACGTATATCATATCT,55
TAGATAGTTACTGTTC,55
TATAGCTCGTAGAACG,55
TATCACCTATGAGAAA,55
TCCACGTTACAACGTT,55
TCGAACAATAATAAAT,55
TCGAGAATGAGATTCC,55
TCGCAATAGAACCTAG,55
TCGGAATGATCTCATA,55
TCTGCGAACTTCCCCT,55
TGACCACCCAGTGCTC,55
TGGCTCAGAGGGCGAA,55
TGGTTATACTAGATAC,55
TGTGGCTTTAACACAT,55
TTAACTCAGGAACGTA,55
TTACAAGCTAGATTGG,55
TTAGAAGCGCTTCCTG,55
TTCAATCAGCCGCATT,55
TTCCGACTAAGCGATT,55
TTCTCTTTCGGTTTAA,55
TTTAGAAAAAACCGGA,55
TTTTGCCAGATTGCAC,55
AAAAACGCTAACTCTA,54
AAAAATACTTTGTCGC,54
AAAATTTATTCATATA,54
AAACGCAAAGTTATAA,54
AAAGATTATGCTAATG,54
AAATATTCCCTCAACC,54
AAATCCCAAGCCTAAT,54
AAATCTAGAACAGAAA,54
AACCGCACGATGAGCT,54
AACCTAACCTAGCGTA,54
AAGAGAAATAAGGCAA,54
AAGCGAACATTCCTCC,54
AAGGTCCCTAAAAATT,54
AAGTACCTTAAGTGAA,54
AATACATATATGTAAT,54
AATCACTTCAGAGCTA,54
AATCGCTAATTTTTCC,54
AATGATAGGCTAAGAA,54
ACAGGTATCAAATATT,54
ACCCTAGTGACGCGGA,54
ACCCTGTTGATATCCA,54
ACGAAAAATATCAACT,54
ACGGGCAGAGAGACAT,54
ACGTAGCACGCATAAG,54
ACGTATGCACTACTAT,54
AGACCTAACAAATTGG,54
AGATAGAACATTAATA,54
AGCATGCCAGAGTAAA,54
AGCCAGCTGCTTTTCA,54
AGGATGTGAAGATCAA,54
AGTACTTAATATTTAA,54
ATATAGCTAACATACA,54
ATATGCCAAGACCATC,54
ATCCGCATACAAATAT,54
ATCGCGGTGCATGGAC,54
ATGCTGAGACCTATAA,54
ATTAAGCAAATTATCC,54
ATTTACAAACCCTGTA,54
CAAAACCGCATTGAAA,54
CACAAAACTTCTCCTT,54
CACAAAGTCATTAAAA,54
CACCAAAAAGGGACGC,54
CACGATAACATTTTTA,54
CAGATTACTCTCCCAT,54
CATGTCCCATACTTTT,54
CCAAGACCATACGACT,54
CCCCACTAATAATCTG,54
CCCGACAGAGACTGAC,54
CCCGCGCCATCTGAGC,54
CCCTAAACATACAATT,54
CCCTGATGACCAAGCT,54
CCTGTGCCTAGCTATT,54
CCTTAAAAACGATAAG,54
CCTTTATTTCCGTAAA,54
CGAAACCGCATCTCAA,54
CGAGATAACTATTCAC,54
CGTAGGATCGAGGAGC,54
CGTCGAAACAGCAATT,54
CGTGGGTGACCTTTCG,54
CTAAAGAATCCTAAAC,54
CTAACATATCCGTTAC,54
CTACTTATACAATGCA,54
CTAGCGAAACATTGTA,54
CTATTTCCAATACAAC,54
CTCATAATTCCAACCG,54
CTTAAGCCTTTTCACT,54
CTTCATCACAGAGAAA,54
CTTTAAAAAAATACGT,54
GAAATAAAAATCATCC,54
GAAGGATACTGAGGAA,54
GACAACTCTACTCATC,54
GACTAAATAGAAATAA,54
GAGAATATGCAAATAT,54
GAGAGTCATTTAAGCC,54
GAGTCTTAAGAGAAAG,54
GATGGTATTGAGAATA,54
GCAAAAAACTTTTCCC,54
GCATATAGTTACTAGT,54
GCCAAGATCCTTATTA,54
GCGCGCCAATCTGATA,54
GGAGACTAATTCTACG,54
GGGCCTGATCTTCATC,54
GGGGAAACGAAATGTA,54
GGGTCCTTTTCTCTAT,54
GGTCTTAACCATGTTT,54
GTACCTTTTAACGAAA,54
TAAATCATAACAGTCA,54
TAACCGGCTCCAGGTC,54
TAATTCACCAAAACCT,54
TAATTGGAGCTGACCT,54
TAGATCCTAAACTAAA,54
TAGCACACCACAACAA,54
TAGTGAACTAAAAATC,54
TATAACGATGCGGAGG,54
TATAGCATATATATTT,54
TATGCTGACTTTACGC,54
TATTAAAACGATCAAA,54
TCAAAATATGGCTATA,54
TCAGAGTATAAGATGC,54
TCCTAATAAGAATAAT,54
TCTGGTAATCGGTGTG,54
TGATTGATACCCCGAG,54
TGCAAACATCTACAGA,54
TGCTTAAACAAAACTA,54
TGGAGGGCGGAGTAGG,54
TTAAACCCAACGAATA,54
TTACAGCCTTAAATAT,54
TTAGTACGTACAGAAA,54
TTCACCTAGATTGCCG,54
TTGAAAACCCCGCATA,54
TTGAAGTAATATAGTT,54
TTGACATATTCAATAT,54
TTGCTAAGAACGACAG,54
TTTCAAGTTCGATAGA,54
TTTGTACCATAACTAA,54
AAAAAGGTTGGCTATT,53
AAAAGTAATTTATACC,53
AAACAAGCATTTTCGT,53
AAACTCATATTAAGTG,53
AAAGTAACTTGGCGAT,53
AACAAATCGGACGCAA,53
AACAAGACTTGACTAG,53
AACTGCCCGTTCAAGC,53
AACTTAGCGATTTGAG,53
AAGAATAAGATCCGAT,53
AATAAACGAGGTCAAC,53
AATTAAGCACATCAGA,53
ACACCCCGAAACCAAA,53
ACATCAACATGCCCTT,53
ACCGTAATCAATTATG,53
ACGCAGAAGCAAAACC,53
ACTATTTAACAAAACC,53
ACTGCAGACGCCAAAA,53
AGACAATTAACATAAC,53
AGAGCCAAATCAAAGA,53
AGATCAACCCCTAATG,53
AGCGAAGTTACAGCAT,53
AGGCAAGACGCTAGTT,53
AGGGGTGGAAACGGGA,53
AGGGTCCATTGGGAAT,53
AGGTCGATCCATCTGA,53
AGTAAGTTTCGATAGA,53
AGTACGAACAACATTC,53
AGTCGTTAATTCCCAA,53
AGTTAGAAAGAAGTCG,53
ATACGCAATTTGACCG,53
ATATGCTCCTATATAC,53
ATCCCTAAATCAATAA,53
ATCGGCATTAGTGATG,53
ATCTTGACGAAGACTC,53
ATGACACTAAATACAC,53
ATTCATAGTAGATCGA,53
ATTCCAACAAATTCCC,53
ATTTTCAACACTCAAA,53
CAAAAGGCGTGCCCCA,53
CACACCGTTTCTATTG,53
CACGACTGACAACCAA,53
CAGAATCTCACCCCTC,53
CAGATGCCAATCTAAT,53
CAGATTACACCTTTCG,53
CAGGTCGATAAAACTA,53
CATCTTTAGTAGGAAT,53
CATGCTCACAGTTAAC,53
CATGGTGGGGGGCCAA,53
CCACGATATAAAACCC,53
CCCACCTGTTACCCCG,53
CCCGGCGCGGCCTTCG,53
CCCTGTGACACAGATG,53
CCGATGCAAAAAGAAT,53
CCTAAGTAGAGGCCTG,53
CCTCTGCAGACCATAA,53
CCTTTCGGTGCTATAT,53
CGAAATCCGCACATTA,53
CGCACGACAAACAATT,53
CGGAATTCTGGTTCGC,53
CGGTAGAATGGGTCCC,53
CTAACCACGAATTGGA,53
CTACGTGTATAGATAA,53
CTAGTATACCAAAGTA,53
CTCCCACCTACCGATA,53
CTCTAAGAAATAATAC,53
CTCTCAAACTAAAATT,53
CTGTCACAAATTTTAG,53
CTTATACAGGCTCTCG,53
CTTCTAATAAGCAAAC,53
CTTTAATAATCATATG,53
GAAAAATGCGACAAAA,53
GAAACAATTAGTAAAT,53
GAACACTGCAGCCTAT,53
GAAGTTTATAAAAAAA,53
GAGATGTTCTAGGATA,53
GAGCCAACGCAAAGTA,53
GAGTTCAAGCGGGATT,53
GATGAAAATTAAACGG,53
GCAACTAGAGTGACAC,53
GCAAGAACTCCGTTAA,53
GCACAAAAATCCAACT,53
GCACTCCCAACCTCAG,53
GCATATTTCTTGAATC,53
GCATGGGAGTATAATA,53
GCGCCATAGGTCTAAG,53
GCTCGTTTGAAACAAA,53
GGAATGCGTGAAAATA,53
GGACACACCCAACATG,53
GGCGGGCGGCAACACG,53
GGGAAACTAATACTAT,53
GTACACGGAAATTTGT,53
GTACAGCTCTTACACA,53
GTATAAAGCCAAGCTA,53
GTATCAGACAAAATCC,53
GTCCTCATAAGACTCA,53
GTGAGAGGGCTTAACT,53
GTTGTGTCAGCAAAAA,53
GTTTATAATACTAGCG,53
TACAAATTAAATAAGC,53
TACACATAACGAAAAA,53
TACTATACACCCACAC,53
TAGACGACTGACTTTA,53
TAGGTGTTACAACCTG,53
TAGTGAAATACTTTAC,53
TATATTGCAAACACAG,53
TCATATCTCAGAAAGC,53
TCGAACCGAAGTGGGT,53
TCTTGTGATATATTCC,53
TGAAAATAACCAAATA,53
TGACACAAACATTACC,53
TGAGACTGCACCGCCA,53
TGAGTACAGCATTACG,53
TGAGTCCGATTACCAT,53
TGCCCTTATGGCCCAA,53
TGTTCAATATATACCC,53
TTAAATCAGTGAAAAC,53
TTCACAGAAGAAATGA,53
TTCCACCAGTCTTAAA,53
TTCGAATTAGACCAGA,53
TTGAATTGCATCTAGC,53
TTGCTCACAGAAAATA,53
AAAAATGGGGTGTAAA,52
AAAACTGAAGCGATTT,52
AAAGCATAAGCCTATC,52
AAAGCTAGGATCAGGA,52
AAATGCAACCAACCAA,52
AAATGCTCCGCCACGT,52
AACAACCAACTCTATT,52
AACAATTTAACATAAT,52
AACAGAAATACAAATG,52
AACAGTTCAAAAAATC,52
AACCTGAAAGCTGCAC,52
AACGCACAACTCGCAG,52
AACTATATCCGTCAGT,52
AAGAATCTAATTAAAA,52
AAGAATCTCCTCCTAT,52
AAGCCAACCCAACGAG,52
AAGCGGACACTAGTTA,52
AATACACACGTTTATT,52
AATATTAAATCTAGAT,52
AATTCATTATGAACGC,52
ACAAAAATAATTTCAA,52
ACACACGAGCAAATTA,52
ACACAGACATGCGCTA,52
ACACTGAAAAAAGATC,52
ACACTGTATGTCAATT,52
ACCGATCGACGCAGGC,52
ACTAAGAGCAAATGCT,52
ACTCTAGAGGCACATA,52
AGAAAAAGGGGCGATA,52
AGACAGTAACCATCTA,52
AGCCAAAAATGCAACG,52
AGCGCTAGCACCAAAT,52
AGTTACCCACCTATAT,52
ATAAAAAGAACCAAAA,52
ATAACACATAGATGTA,52
ATAACGTTTCACAATA,52
ATAAGTATTGAACAAA,52
ATAGATATCCAGGACT,52
ATAGATTGAAACGACG,52
ATCAGGGATTATTGAC,52
ATCGTAATCTAACACC,52
ATCTACCACACGAGTT,52
ATTAATTAAATGATTA,52
ATTCGCCATGACTATT,52
CAAATGAGTTAACATT,52
CAGAGAATGATAAACG,52
CCACTGTTCACGACAA,52
CCCAATAACTTTAAAT,52
CCCATATACGCAGAAA,52
CCGAAGTCTACTTACT,52
CCGTTGGTATAAGCAA,52
CGAGAACAACATAAGG,52
CGAGAATCATTTGGGT,52
CGATGGACGAGTGCGA,52
CTAAGCTTTACACATT,52
CTAAGTATTCTCAAAC,52
CTAGATCATAAATATC,52
CTCTACGCAGGATTGG,52
GAAATCAATTATTGCA,52
GAACAGTAGTGCAGGG,52
GAACTGAAGTAAGACT,52
GAAGGGTCAAACGATA,52
GAATCAGTAACACTCT,52
GACCAGCCTAGCAAGT,52
GACCTATACTTACAAG,52
GACGATCTTACGACTG,52
GAGTTGAAAAAACAAT,52
GATTTTAGCCGGTACA,52
GCAGCAAACCTGTGCC,52
GCCAACGGCAGATGCG,52
GCCACTACAGTAATAC,52
GCGAGCCATTGTTAAA,52
GCTATGAATAGACAAG,52
GCTCACGAAATAGAAT,52
GCTCCCTAAAGAGGTA,52
GCTCGCGACGTCTCGA,52
GCTCTTAAATAACACA,52
GGAAATGAAAACTGAT,52
GGCTTGTAAAGATTTC,52
GGGTAATATGCGTAAC,52
GTACCACAACCATCGT,52
GTAGCGCGCTTACTTG,52
GTAGTTCCAAACTGAA,52
GTCCGAAAAAAAGCAT,52
GTCTACGAACAACTCT,52
GTTACAACCACCCACT,52
GTTATAAAATAAATTA,52
GTTCGGCCCATAATGT,52
GTTTAATCACGCGGAA,52
TAAAAGATGTACCGTT,52
TAAATCAAGACGATCA,52
TAACACATATCATTGC,52
TACTCAAGTTAACTCG,52
TACTTCCCACCATAGG,52
TAGAGAACATGAACTC,52
TATAGACACGTTCTGC,52
TATATCGCCTAACATG,52
TATGTAAAAGCAGGAT,52
TCAACACGATATAATC,52
TCCCTTACAAAACCAT,52
TCGGATCAAAAGTAAA,52
TCTCAACAACTTCGTC,52
TCTTTATATTCCGTTC,52
TGATCAAAATAAGTAT,52
TGGATACTAACGATGG,52
TGGCCTGATACTACCA,52
TGGTAGCCAAATGTAC,52
TTAAAAAAATCACGTG,52
TTAACATGAATAGGTA,52
TTAAGTAAATTATGCA,52
TTACGACTGTTGTTAA,52
TTAGAAGAGCCGGACC,52
TTATTCATGACTTAAC,52
TTCTGTTCGATATTGT,52
TTGGAGCCATAGACAT,52
TTTCAGATGAGGCTTG,52
TTTCCTATGAGAATCC,52
TTTTGGTATGTAGAAC,52
AAAAACGATTTTCATT,51
AAAAGTATCGGTGGGA,51
AACCCTTGTAAAAAAT,51
AACTAAACACAAGGAA,51
AACTCGGGACATAAGG,51
AAGCGCAGGTGCTGAA,51
AAGTTTAACATCAAAT,51
AATACATTTAAAATGA,51
ACAAAATTCATTCTTT,51
ACAAGCGAGATCGTTG,51
ACAGAAAGAGAAGAAG,51
ACATACCCTGGAAAGA,51
ACCGTTCGAAACAAGC,51
ACCTTTGCATCGATCT,51
ACTAAAAGAATAAACG,51
AGACTTATCCGCCCCC,51
AGCCAAAGGCTAACAG,51
AGTCTACCTATACGTT,51
ATAAGAAAAGTCTAAG,51
ATAAGTTAAAAATGGG,51
ATAGTTAAATCATTTA,51
ATCGTGGTAGTCAGAT,51
ATTAATCCATCCGAAG,51
ATTGCCATTGGCGCTT,51
ATTTAGAATAACTTAT,51
ATTTTAAAAAGATCAA,51
ATTTTTATCACACAAA,51
CAACTATCGGGGCAAC,51
CAATTGCAAAACAGAC,51
CACGAATGAGCTTTGC,51
CACTAACATCGGTCAT,51
CACTAGATGCAATGCG,51
CAGACCACGCCGCCGC,51
CAGAGTAGTTATATGG,51
CATAGTACATACTAAC,51
CATCACCCTAGGAGCC,51
CATCTCGAAATAACAT,51
CCAGACCATTTGGTCC,51
CCATACATCGGAACCC,51
CCCCCCCATAAGATGA,51
CCGGGTCAATCTACAA,51
CCTAAAGGCCCTAAAA,51
CCTCACGCACACTGGC,51
CGAATGTCAAAAGACG,51
CGCTATAGAAGATCGC,51
CGTCCGGAATAATAAT,51
CTAAAACTAAATTTAC,51
CTAAACCTGAACGTGA,51
CTAGCTTCACGTGCCA,51
CTAGTTTTGAGTCAAC,51
CTCAGGACAGTAAAGT,51
CTCAGTCGCGAGTCGC,51
CTCGCTTGGGATTTTA,51
CTCGGACCAATACCCA,51
GAAAATCGAACGGAAT,51
GAAGAGCCGACCATTC,51
GAAGGGACCAAATTAA,51
GAAGTCACCTACCCTG,51
GAATATAATCCGAGAC,51
GAATCCGGGTACAAGA,51
GAATTAGATATATGAA,51
GACCAGGGTAACACCT,51
GACTGTACTAAAATAA,51
GAGGATAGGAACAACT,51
GCATCAGCCCAAAACC,51
GCATTAAAGCCTAGCG,51
GCTTCATGAAAATACC,51
GGGGGGTTAAAGGGTA,51
GGGTAATAGGCTCTTT,51
GGTGTGATTAGGAAAA,51
GTAAGGAGAATCCACA,51
GTAATATGACGGAGCC,51
GTACTCAATTACGTGA,51
TAAATAGTGACTGCAG,51
TAACTCTGTTAAGTTA,51
TACAATAACCTTACCA,51
TACGAATGGAAAATAA,51
TACTTTAAATAGCATA,51
TAGCGGACAGCAGAAA,51
TAGTTAACCTCATAAC,51
TATACCGGGTATCAGC,51
TATATGGCGCAAAAAT,51
TCAAATGTACCTAAGT,51
TCAATTCAAAATGACC,51
TCATAAAGTTGTTTTT,51
TCGACTTTAAATTATC,51
TGATAAAAATACCAAC,51
TGATTAGACTTTTTCT,51
TGCTACGGTAATTCAT,51
TGGCTCTATCAGTGCG,51
TTAAACTATTTGTGTT,51
TTAATCTGAGAAATGA,51
TTAATTTGGCCAAACG,51
TTAGCCATAGCCTGAC,51
TTTATGAATCTAAAGA,51
TTTATTATATGCATCA,51
AAAACAGTTAAATATG,50
AAAACCAGTCCCATAC,50
AAAAGAACGAGGAGTA,50
AAATATTGTCGTCATT,50
AAATTTAATACCAATA,50
AACAAGTAAAAGATAT,50
AACATCAAGAAAGGTG,50
AACCACTCGTGTCAAG,50
AACCCAAAGAGCAGAA,50
AACTTCAACACCTCAA,50
AACTTCATACATCAAA,50
AAGCACGGACAACAGC,50
AAGTAACATCTAAATA,50
AAGTCGTGTTATTAAT,50
AATAGACATCCTCAAC,50
AATATATTCACCTTTA,50
AATCCATTGAGCGGAG,50
AATGAGACAGTAGGAT,50
AATGCTCAGCCTTGAA,50
ACAATCTTTATCAATA,50
ACACATAATGCTTAAT,50
ACATAAAAGCACAATA,50
ACCGTTTACCCACGTA,50
ACTTGTTAGGCCATAA,50
AGAACTACCAAATATA,50
AGAAGCCACAGAATAG,50
AGACGTCAACATACCG,50
AGAGTTAGTATCCGGC,50
AGATGTTACAACCTTT,50
AGCTAAAACCAACAGG,50
AGGAACATAGAATAGA,50
AGTAGATAAAGTCAAA,50
AGTCCGGGACGAACAC,50
AGTTATCAACAACGGC,50
AGTTTAACTCGCGAAA,50
ATAACGCACTTAAGAT,50
ATAATACAAAGATTTC,50
ATACACCCACTTACGC,50
ATATGTAAACAATACA,50
ATATGTTCCTTACAGT,50
ATATTATCGCAGGTCC,50
ATCGACTAAACGAACT,50
ATCGGATAGTCTAATA,50
ATTAACTCGACTGAAA,50
ATTCAAAAAACAAACC,50
CAAAAAATAGATAAAC,50
CAAGATCGATGAAAAG,50
CACAAATAAAGCTAAT,50
CACAACATAAATCTTA,50
CATAACCACTATAATT,50
CATATTTCTTGAGTGA,50
CATGACTATTTCGACG,50
CATTAACCCTTAGCTT,50
CCAAATACCCTCGTAT,50
CCAGACTCTTTGAGAA,50
CCCAAAGAGCGAATCC,50
CCCGGCGTATGAATAA,50
CCGGTGTGGATTTAAA,50
CCGTTACGATAGTCCC,50
CCTAGAGATCTGATCC,50
CCTGTGAAAGCTTAGA,50
CGAGCGCGCGAGCAGC,50
CGTTGTACTGGTGTAC,50
CTCAAAGAAAAAAATG,50
CTCCCTGTGGGTTTCA,50
CTCCTTTTCTTACATA,50
CTGTAGATTAGAGGAA,50
CTTACTAAAATTCAAA,50
CTTTCTAGACAGAAAT,50
GAAAAGATATTTCCCC,50
GAAAAGCAACGAGACA,50
GAAAGCAGGTACTAAT,50
GAACTTTGGCATAGCT,50
GAAGCTGAACATCATA,50
GAATCATCGACATGTA,50
GACGATCAATCCCGAA,50
GACGCTCCAACTGGGC,50
GAGAAATATACTCTTT,50
GAGAACAAGTCCTATC,50
GAGACCTTGTCATAGC,50
GAGGACTCACCCCCCT,50
GCATAAACATAAGTAT,50
GCCGATTAAATCAACA,50
GCGGGAGCTAGTAAAC,50
GCTATGAGAACCTCAA,50
GCTCTATATATGGAAT,50
GGAACGTTTGTACAGA,50
GGCACGATGCATTATG,50
GGCTAAAATACCTTAT,50
GTATAGACACTTACGT,50
GTATCCTCCGCTAGCA,50
GTCCAAATCTGGCAGA,50
TAAAAGAAGCCTTACC,50
TAACCCCTATACGCAA,50
TAAGAGTTTACATAGC,50
TAAGGACACAGTTCGA,50
TAATTAGAACTTCTGA,50
TACGTTCTGTAGATTT,50
TACTACCATTAAGTTA,50
TAGGGTAAGCATCGAT,50
TAGGTCCCCCTAGGTT,50
TATGATGGTTTGCCCC,50
TATTGAGTTAATCATG,50
TCAACATCAAGAAATA,50
TCACAGTGTTAGAGTT,50
TCAGGTAGATCTGGAA,50
TCAGTATATAAAACAA,50
TCATTTCTGCCGCATT,50
TCCGAATACAGAGATT,50
TCTACTACAGAAGGTC,50
TGAGCATGGTGGAAAC,50
TGAGGAGCAAAGACTA,50
TGCCTGAATTTTTGAT,50
TGGATTCCCGTTCGTG,50
TGGCATTTCGACAATC,50
TGGCGCTTGGTTCTCG,50
TTAAGCAGGTATAGAT,50
TTATAAACGAAAGCTT,50
TTTATCACATTAAAAC,50
TTTTACTCAGAAACTT,50
AAAAACAAGACAGAAA,49
AAAAAGCGTAAAAGTA,49
AAATAATGATAAGCCC,49
AAATACACCCTAGCAT,49
AAATTATCCATTGCAA,49
AACACCCCTAATAGCC,49
AACGAATAGAATGCCT,49
AACGACAAGACACTTT,49
AAGCCTCGGACCCGAA,49
AAGGTTCACGAAACGA,49
AAGTTTTCCCCAGAAC,49
AATGATTATCTTAATA,49
AATTTTCAAATGACGA,49
ACACCATGCCATGGAT,49
ACACGCATCTATTATG,49
ACATAGACAGTTATAA,49
ACCAAAAGTAAAGTGT,49
ACCAGTTACAATCCGC,49
ACCGACGAAAGCGGTA,49
ACGACAAGTACGCATA,49
ACGTAAGATACCAAAA,49
ACTAACCCGATCGTAT,49
ACTGTAATAGTTGACG,49
AGATTAACCTTTGGGC,49
AGATTGAGATATTACA,49
AGCAATCTGTAGTAAT,49
AGCAATGCTTGCCCTT,49
AGCCCAATATTTTAAA,49
AGCGAGTTAAGTTACA,49
AGCGATAGGGTGGAAC,49
AGGTAACCACGGGCAC,49
AGGTAGTGCCAATAAA,49
AGTAATTCATGAGGTC,49
AGTTGAACGGGCTATT,49
ATAAAGATTGATGTTT,49
ATACACCTAACTAAAC,49
ATACTATAGTATACCG,49
ATATAGAAGTCTCTTC,49
ATCTTCGGAAGACGGT,49
ATGGATGAGCGGATGA,49
ATTAAACATATCCGTA,49
ATTACCAAGTACGATA,49
ATTATAGTGTTTGTAG,49
ATTGAATACAAAACAT,49
CAAATTGGATGAATAC,49
CAACTACGATTATAGC,49
CAACTTTAACGCATCA,49
CAAGCCAGCCTTGAGC,49
CAAGTTAGCAATACAA,49
CAATTCATGAATAGAT,49
CATTTACATGGTCACC,49
CCAATGATAATTGAAA,49
CCCGAAGTTTAGGGAT,49
CCGATATAGATCATGA,49
CCTTAAAACGTCGCCA,49
CCTTCAATAAACCCCA,49
CGAAGAGTACTTTAAT,49
CGAATTATTACAGCCC,49
CGCCTCCCAGACTAAG,49
CGCCTCCTGGTTCCCA,49
CGCTAAGATAGATAAG,49
CTAAAAGTAATTCCCC,49
GAAATCCACCGCCAGG,49
GAAGCTGGTAGCCTAT,49
GAATCGTTCAGTACAA,49
GAATTAACGAAAAGAA,49
GACCATCACTGAAAAT,49
GACCCAATTTCTAGAA,49
GACTACTTCTAGCATA,49
GAGGCGACCCCAGTAA,49
GAGTACGGTATAAACG,49
GATATTATAAGACATA,49
GATCAGAACGTCAAAA,49
GATGAGTAGTAAAAAG,49
GCACAGCTATATGTCC,49
GCATACTATTTAGTAG,49
GCGTACTGTTAATATG,49
GCTCAAAAGTATTCTG,49
GGAGTGCACGCAAAAT,49
GGCCATAAACGTCCAA,49
GGTCATTTAAAATACA,49
GTAAAAAAAAAGAGGT,49
GTCGCAAAACATGGTC,49
GTGCATGTTGTACACA,49
GTTTAAACACATATCC,49
GTTTAAGAAGACATGA,49
TAAAATTACATAATGG,49
TAATCTGATCAAAATC,49
TACAAGAGTGTATGAA,49
TATATATTTCCAAGCC,49
TATCCTTTACCACCCA,49
TCCAGAACACCAACAC,49
TCCGGCACGATAGATA,49
TCGCACTAAATAGATA,49
TCTCCAAATTGAACAA,49
TGACTCAAAAAATGCA,49
TGATACAAACCGTGAG,49
TGTTCTAAGCTGAACG,49
TTCCTCGACCACCCCG,49
TTCTAAGCCGCATTAA,49
AAAAAATAGGAAGATG,48
AAAAACAATAAAAATT,48
AAAACCAAACGGCGAC,48
AAAACGTACTTAAACT,48
AAAATGGAAAAAATAA,48
AAAGTCACACCTACAA,48
AAATTAAAACATCTAA,48
AACAAACAATCGACCA,48
AACCACAAAGCATCAG,48
AACTGAAGTGATTACT,48
AACTGGGTAATATCCT,48
AAGATACTACAAGAAA,48
AATGACAGGCACACCC,48
AATTGTAGAACATCCC,48
ACACCACATAATGTGG,48
ACACTCATAATTAAGA,48
ACAGACTAAACTGTAT,48
ACAGGACAAACAACAT,48
ACAGTCTACAAATACT,48
ACGTCTCGTAATCTGA,48
ACGTCTGTGCGAATGC,48
ACTAGTTTAGGTATCA,48
ACTATTCATGCGATCT,48
ACTCGAAAAAGTCTGC,48
ACTTAAGTAGAAAGTT,48
AGAACACTAACCCACA,48
AGAATAATAACCATAG,48
AGACAACCAGTAATGA,48
AGACCTTCTTGTGAAC,48
AGCACGGCGCGTACGA,48
AGCTGACATTAATTAA,48
AGGAATAGTAGAGTAA,48
AGTATTACATACCCAC,48
AGTGACACATCATAAA,48
AGTTAATCGAAAACCC,48
ATAAAACTAAACAAAT,48
ATAAGCAAGCCAAAAT,48
ATAGCCGTTTAATGAT,48
ATAGTCCCTCCGCTCC,48
ATCAAACTGCGAATCT,48
ATCCACTTAGCTGGTT,48
ATGAAAAAGGAGTTTT,48
ATGACAATAAAGCCGT,48
ATTGCCCTAACTAATG,48
CAACCCGGACCCTAAC,48
CACACAGGACACATTC,48
CACATGTAAGCCCAGC,48
CACTAATTAAGATAAT,48
CCAAAGTTATCGAGAA,48
CCAAGAAACAAGAGCA,48
CCAGCCCATATCATAC,48
CCTGATGAGCTTTTCA,48
CCTTACTTTTACGACA,48
CGAACACCCGTTCGAT,48
CGAACCCATAATAGCA,48
CGATTTAAAAGGTATC,48
CGTGTACCGTAATAAT,48
CTAACGCATAAAGAAC,48
CTAGAGAACACAACTA,48
CTATAACTCCCGAGAT,48
CTATACCACCTGTGTT,48
CTCAAAAGATAACCAA,48
CTCGACGCATTCGAAT,48
CTCTAAAACAAGAAAA,48
CTCTCAACGTGGGATC,48
CTCTCTTACAATCCCT,48
GAAAGTAAGCTTATAT,48
GAACACCATAGCAGCT,48
GACAACTATATTGAAA,48
GACACAAAATATTTTC,48
GATGAGAATGGAGTAC,48
GATTATGAGACAAGGG,48
GATTGTTAGAGACTAG,48
GCCAACATGGCCAGAA,48
GCCACTTTAGAATTAA,48
GCGGATAATGAGTGTT,48
GCTGATTTACCCCTAC,48
GGGGTCCTGAAACTAT,48
GGGTGGCTGAAGCGCC,48
GTAAACGGCACCGATG,48
GTCTAGCGTAAGCTCC,48
GTGCACACTGTGGCCA,48
GTGCACATAAAAATTT,48
GTTTATAAAAGAAATT,48
TAAAGAAAAGCAGAGT,48
TAAAGCAAAAAAGAAA,48
TAAATAATTCCATAAA,48
TAACAGTACAACCTTG,48
TAACTTTGAACTCAAC,48
TAAGACCAGGAATTAC,48
TAATGCTTGCATCGAC,48
TACAAAAGTCCGATAA,48
TACACGCTTCAATTGC,48
TACAGACCTACACACT,48
TAGAGATAGTGAGAAA,48
TAGATGATGACCGCAT,48
TAGATTGCTTAGTTCT,48
TAGGCTGCAAACATTG,48
TAGTTAACTGGGGCAC,48
TATCTCCAGAAATATT,48
TATGTATTCCCAAGCA,48
TATTCGAGTCCGGCAT,48
TATTTACTTTGCATAT,48
TCAAAAACGTGAATTA,48
TCAACAAAACTAGCTC,48
TCGAACACTTAATTGA,48
TCTCGTCTTATGTATA,48
TCTTGCGCCCCGACGA,48
TGACCGGAAAATAGGG,48
TGCCACAAAACTAAGT,48
TTAAAATACTAATAGG,48
TTAACAGATCCTATCA,48
TTAATCGTGGGATATC,48
TTACACTGATACAGCA,48
TTACTGAACCTCTGCC,48
TTATTGGGAAACACCT,48
TTGAATACATATTATT,48
TTTATCAGAGGACGAA,48
TTTCACTACCATTTAC,48
TTTCGGATTTAATGAT,48
TTTCTTTATGACATCA,48
AAAAAGGGTTCTCTTA,47
AAAACTGTCCCACTCT,47
AAAATAATAGTGGTCG,47
AAAATTTCTGTTAAAA,47
AAAGGACTTCCCAATT,47
AAATAACCGATTTATA,47
AAATATCAACTTACTT,47
AAATATTTAGATATAT,47
AAATCTCTAAACATGA,47
AAATGGAGTTATCTGC,47
AACAGTGGTCCCCCTA,47
AACTGACATCTTTGAA,47
AACTTTACAGCGGCGA,47
AAGAAACATAAAGAAA,47
AATAAATTTATAAACA,47
AATAGCAAATAACTAT,47
ACAAGTATACCATGAA,47
ACAATCCTTACACTGT,47
ACAATTAGAATGCCAA,47
ACATGCAACCGCCGAC,47
ACCCTACACATGCGAA,47
ACGAAACCAGCAAAAA,47
ACGTAGAAGCTATATC,47
ACTAATAAGCAAAGGT,47
AGAAAAACAAAATTCT,47
AGAAATTGATAGGTTG,47
AGAATATTCAAATTAT,47
AGAGGTACAAAACCTA,47
AGAGTCATGTCGAAGA,47
AGATAAATGCATTTAT,47
AGCATATGGCATTCAG,47
AGCATGAAAGTTGAAC,47
AGGCAACCCTTAACAT,47
AGTATAGAAATTCAGC,47
ATAAAAGTCTTCGAAG,47
ATAAGTTGTCACTTTC,47
ATATAGAAACCCAACT,47
ATCCAGAATGACTTAG,47
ATGCCGACTAGCATGG,47
ATTACAGCCTCCCTCC,47
ATTCGTGACCGTGGAT,47
ATTTGGAGATTAAATA,47
CAAAGCAAGAACACAG,47
CAATTAAGCTTTCAAT,47
CAATTCCATATATTGA,47
CATCAATTAGAATCCT,47
CCAATAAACTCCCTTT,47
CCAGTAGATATTGTGA,47
CCCAACAACTATCCAT,47
CCTGAACATGAGATAG,47
CGAGTCCGATTGAAAG,47
CGGACTGTCTAAACAA,47
CGTGAGCGTTATTTAA,47
CTACTAAGGTGGTTGG,47
CTATATTATTATAATG,47
CTCAGCTAACTTTTAT,47
CTCATCTAAACTAAAA,47
CTCGATCCATCTTCTA,47
CTCTATTGTCCAGGTG,47
CTCTCAGAGACCAGCC,47
CTGTCCACAACTGTTG,47
GAAGAAAACCGTAGTC,47
GAAGAGTTCAATGCCG,47
GAGCGATATGCTCGAC,47
GAGTCCCCCGGATCTC,47
GAGTGCAAACAGATAT,47
GATACAAGGTTCGAAC,47
GCACGAGCAGATGAAA,47
GCATAATATAACTGTT,47
GCATGTCCTAGGAACT,47
GCCCGACGGTACAGAA,47
GCTGCAGTGCAGGTCA,47
GGAGATACCCAAAATC,47
GGAGGGAGAATGGCAA,47
GGTAGTAAATAAAAAT,47
GGTATTGCTAGTCTAT,47
GTAACAATGACTATCC,47
GTACATTCATTATGAC,47
GTATATGACTTCTAGG,47
GTTATCGTGATAATGA,47
GTTTCACCCTGAATTA,47
TAAAACAAGTAATACC,47
TAAATTTCATAACGCA,47
TAAATTTGTATATCTT,47
TACAAAGCCAAACGGG,47
TACCATACACCCAAAC,47
TAGAATTACTGCAAAC,47
TAGATGAATAAATTTA,47
TAGTATGGAAGAAAAG,47
TATAGACAAACCCTTC,47
TATCCCACGGCCTAGA,47
TATCTTCATTTAGAGA,47
TCAAACTAGGGTAACC,47
TCAAGGCAGAGACAGT,47
TCATCACACAATGCAA,47
TCATGATACCCAGCCC,47
TCGCACGTCCTACTGC,47
TCTAACTAGGGCTCAT,47
TCTGAGAAGCAGAATT,47
TCTGGATTTTTAAGAT,47
TGTCGACCTTTCGGCA,47
TTAATGAGATGAGTTA,47
TTATAAGAACGAGGGC,47
TTCAAAGAGCGAAATC,47
TTCGAAAGGAACGTGT,47
TTGAAGGAAGAACTAT,47
TTGCACTCAGGGCCGC,47
TTGGCCAGCGAAGAAC,47
TTTCTCATGTCGCATA,47
AAAAGATAAGTATGCA,46
AAAAGTATATCACACG,46
AAACAGGAGATTGGTT,46
AAAGTTTGCTATTCTG,46
AAATCAATTCCATTTA,46
AACTGCCGACACCGTA,46
AAGAGTCGGGGCAAGA,46
AAGTAAGTTCATAAGA,46
AAGTACTTCCGGGATG,46
AATATTTGACGCATAA,46
AATTTCCTTACAATCA,46
ACACCGTAAAGCAATC,46
ACCTCTCTACTAACCG,46
ACTAATCCAATAATAG,46
ACTCACTAATGGAAAA,46
ACTGAAAACATTAAAA,46
AGGAATACGTTATCGC,46
AGGGCTAAAAGAAATA,46
AGTGGCCGACTATCGA,46
ATAAAAGTAAGAACTG,46
ATAAAATAAACCTGGT,46
ATACGGACATTTAATT,46
ATAGGTGCCAATAACG,46
ATAGTCTAAATGAATG,46
ATCTCCTGTATAAAAA,46
ATGAACAGGGCAAAGA,46
ATGAACGAACTAATGA,46
ATTCGCTACTGAAGCC,46
ATTCTAAGATGAAAAT,46
ATTTAATAGTGAGAGT,46
ATTTTCACAACAATTA,46
CAACAATCGGAGGGCA,46
CAACTTTCTATAATCA,46
CACCTAAACTGAGAAC,46
CACTACACTAGATCTG,46
CACTTTTGTGCCACCA,46
CAGTGACAAAAATATT,46
CATGTTTAGATACAGA,46
CCAACCTTTTGGATAA,46
CCATCGACTATGTAAC,46
CCCGGGCCGCTATATT,46
CCCTATCAAACCACGT,46
CCTAGATTGATAAACT,46
CCTTTCGGGTGCTTCT,46
CGAAAATATGGAAGTT,46
CGCGAAGAAGCAACAA,46
CGGGTCACCAATCCTT,46
CGTGCAAGGCAATAAA,46
CTACAACGACATCATC,46
CTAGAAAGCTACAGGG,46
CTGAGTTGACACAATC,46
GAACCATCCATGGCAG,46
GAAGGGCGGATAGGAG,46
GAATATACGCTTAATG,46
GACCTTAATTACAACG,46
GACGGTGTGCTCAGGA,46
GAGAAAATAGGTGAAG,46
GAGCGGCTCTCTTGCT,46
GATAGGCAATAAAAAA,46
GATTTACATCGTAATG,46
GCAAATTGGATAGAAG,46
GCAATGGAATTAATTT,46
GCACGGTTATGACAGC,46
GCATTAGCTCAGCAAA,46
GCCAAGATTTAAAAAC,46
GCGTAGGAGCACCGTT,46
GCTTTACACACCCGCC,46
GGACGTCATGCAGACA,46
GGGTAAGCACTATTAA,46
GTAAAGTACAGCTCTA,46
GTATAGTTTTGTATTA,46
GTCCCTACTTAAACAC,46
GTGCTAAATGTAGTTC,46
GTGTGTGCACAGAGAA,46
GTTTATACAAATTGCG,46
TAACCTCTAGAGTCAT,46
TAACGACGGGCTCAAA,46
TAAGATATACTCTCGT,46
TAAGTTTAGTCACACT,46
TAATACTATTGAATGC,46
TACGAGCAGCACCTAC,46
TATAAGAACCAGGAAC,46
TATCACGGTCAATAAA,46
TATTACTGGTCGATAC,46
TCCAAACTATATAAAG,46
TGAATGTGTGCCCTTT,46
TGAGAATACCACATTC,46
TGCTAACCATAATATG,46
TGTCGCATAGTTCCCG,46
TGTTAATCAAATGCCT,46
TTAAAAAGATAGAGTC,46
TTCGAACATTAACATA,46
TTGAGGAAGACGAGCT,46
TTGATTACCATCCAAG,46
TTTGAAAATCTATGAT,46
TTTTGCAGAATATAAC,46
AAAAAAATGATTCAAA,45
AAAAAGTAATACCAAA,45
AAAAATACCATCACAT,45
AAAAATGTTCCCTCTG,45
AAAACAACGCGTACGA,45
AAAACCTAAGGGCTAT,45
AAAACGATAATACACA,45
AAAATAAAAAATGAAC,45
AAACCACTCACTGTAA,45
AAAGATTAGGAAAGGT,45
AAATATCCACCCACAG,45
AACAAATTCTAGCCGT,45
AACACAAGAAGGCCTG,45
AACCAGTAAGACGTAC,45
AACCGCAGTAAGAATA,45
AACTATTCGTTAGAAC,45
AAGAATTTCCCCTAAA,45
AAGAGTGATTGCATCT,45
AAGGAACTAAGTCAGA,45
AAGTTGACCCGTTTGC,45
AATAATCAATTATCTT,45
AATACGCTCATGAGCC,45
AATATTGTGACCATAA,45
AATGTATCCAATCTGA,45
AATTAGGGACTTGCTT,45
AATTTCGACGTCTAAA,45
AATTTGGGACAAGATT,45
ACAAAACAAAGAGATA,45
ACAAAATAATCAATTA,45
ACACATTAACTTTTGG,45
ACATCTTAAGAATGCA,45
ACCACAAAGAATTATA,45
ACCGGCACCACTCGTT,45
ACTGGACAAACAGGAC,45
ACTGGTTTTACTAGCT,45
AGACAATAATGACAAA,45
AGAGCAACGAAACATA,45
AGCCAACCATCTGTTA,45
AGTTAGCAATACACCG,45
ATAAAACAAATAACTT,45
ATAACTGTCACGTGAT,45
ATACTTCTATAAATCC,45
ATCCAGGCTAGTAAAG,45
ATCCTGAATAACAAGA,45
ATCGAGCAGGACAGTC,45
ATGTGCACGGGACTCC,45
ATTAAAATGGTGCTTG,45
ATTAACAATTATAAAT,45
ATTACTCCCGAACTTA,45
ATTCAGTTTCTCAAAA,45
ATTCTTGTTACTAAAC,45
ATTGCACATGCAACAT,45
ATTTTCATCAAGACCT,45
CAAAATCAATCAATCG,45
CAAGATTGAGCCTAAG,45
CAATTGTCAAGCTTAA,45
CACTAAGCTAGACTAC,45
CAGAAATAACAAATAA,45
CAGTACGGTATAAGTT,45
CATATTATGCTCTTTG,45
CATGGTACATAGCCAC,45
CCCCGAAGATTGATAT,45
CCCCGAGAACGCAGGT,45
CCCGAAACTACATCAT,45
CCTAGTAAAATATCAA,45
CCTTATCACTCGTCAA,45
CGAAAACTCTCAGAAT,45
CGCCGGAGTGATATGT,45
CGGGGATCGACATCGA,45
CTACTAGATATCCCAC,45
CTAGAAAAAAACTCAT,45
CTTATTACGGATATAT,45
CTTTCAAAAGTAAAGA,45
GAAATATGACCAACTT,45
GAAATCATAAATTACA,45
GAACGATCAGGGACCA,45
GAATCTAACTTGGAGC,45
GACTGGACAAATGTTC,45
GAGGAAGTAGACTCCC,45
GATAAAAAACAGCCAT,45
GATGGCTTTATAATAG,45
GATTGATAAAACTAGC,45
GCAATACTAAGAGCGA,45
GCAATCTTTTTCCCAA,45
GCCACGCAAAATAAAG,45
GCGATCGCCCATTCAA,45
GCGTGTTTTCACTCAA,45
GCTTAGTCAACATATT,45
GGAACTCTCATCCCCA,45
GGAATACCGTAACAGC,45
GGGTGAAAATACACAA,45
GGTGAAATACTGTAAT,45
GTAAACTCATCCTGTG,45
GTACGGCGTCTATACG,45
GTTAGACACGCACATC,45
TAAATAACCTTTACCG,45
TAACCCATTATAACAA,45
TAAGCTTTCCCAGAGA,45
TACTACAAGACATCGC,45
TAGGAGTTTGTAAACA,45
TATGATAAACCGTGAA,45
TATGTCAATAATTAGT,45
TCAACCAACGCATATA,45
TCAATACCATGAAACT,45
TCAATTCTATTTGGCT,45
TCACAAGATAGATCTG,45
TCACCGATCGTTAGAA,45
TCAGTAAGTCCGTTTC,45
TCTTTCCTGGGAAATT,45
TGAAACTTAAGGCGCA,45
TGACACTAGTTAACAG,45
TGACAGACGAACAAAA,45
TGATTAAATTACCTAA,45
TGGAAACCGGACACAC,45
TGGAATGCGCTCGAGC,45
TGGCGTGTTAGCGGTA,45
TGTGCAAACCAAAGTA,45
TTAAATAATTATGACT,45
TTACGATAGCAGAGAC,45
TTGAAGCGGTTCTAAG,45
TTGTAATTTGATGTGG,45
TTTAAATCTTGGCATT,45
TTTGTCGATGACAATC,45
AAAACCTCTTATACCT,44
AAACATAACTAGAACA,44
AAATTGTAGTCATAGG,44
AACAAATTACTCCAAA,44
AACCAATATAAAACCA,44
AACGTATTTTATACCA,44
AACTTCAAAACTTATG,44
AAGCGGCATTAACTCT,44
AATAACGTGATCTACA,44
AATGAAATTCTGCTAG,44
AATGTAAACCATTAAC,44
ACAGACACAAAATATG,44
ACATAAAAGTAAAACA,44
ACCATAACAAAAATAC,44
ACCCGAAGACACCAAA,44
ACGAACAATGAAAACG,44
ACGAAGTTAATCAGAT,44
ACGCCTCTTGCAAATT,44
ACGTAGGATATAGGCT,44
ACTAACATATAAACTG,44
ACTCCTGCCATGAATT,44
ACTTATATATCTACGT,44
AGAACTCATTAAAAAC,44
AGAATCAAAAAATAGC,44
AGCACTCCACAGTAGT,44
AGCGACACAAAATGTT,44
AGCGTTTAGAGATGCA,44
AGTACTCATTAACCCC,44
AGTGTTTTTCAACTTT,44
ATAGAAAACCAAGTAT,44
ATATAACATAAGCAGC,44
ATATCTAAATATCAAC,44
ATATGCATCGAAAAAC,44
ATCAAATTAACGTGGC,44
ATCATTGCGTACATAT,44
ATCCCCCTCAACCTCC,44
ATGATAATGTCAAATA,44
ATGATTCAATGGTAAT,44
ATTATTCCAGTACGAA,44
ATTCAACCGGGTATGG,44
ATTTCTCTCTCCTTAG,44
ATTTGGTATGAATAGA,44
CAAAAACTAATTTGAC,44
CAATAATGGAAAGGGC,44
CAATGTGAAGCTGCTG,44
CATCCATAGGTAAAAT,44
CATTACATATTGAGTA,44
CCCAGAAAATGGAGAA,44
CGACCAACACTAATAG,44
CGCACAAAGCTTTCGT,44
CGCACTAAGCTAAGTT,44
CGCCCTGAGTCTGTAC,44
CTAAGAATATTAAATA,44
CTACCGTAGACCAAAT,44
CTGACGCTATCTGTTT,44
CTGGCAAACCCCGAGT,44
CTGGCGTTTCCAATAG,44
CTTAAACTTACGTAAA,44
CTTTCAGTTAGTTTCT,44
GAAAGCCACGTGTGAC,44
GACTCAGTAGGCATCA,44
GAGCAAGAACGAGCAC,44
GATAAAGAAATCCCAC,44
GATGAGTAGTAAATGC,44
GCCTAGTGTTGGAAAC,44
GCGATCTTATAGATTA,44
GCGCGAAAACACTAAT,44
GCTGAGAGCTATCGCA,44
GCTGGTAAAGTTGGAA,44
GGACAGCGTCAACGTA,44
GGACCCCCGTATAAAA,44
GGCAATTAGTAACTTG,44
GGCGTTAACGGCAATA,44
GTCCCAAACAATGATG,44
GTCGCGATTACAACCA,44
GTCTAATCAGTTGCAG,44
GTGCACTCTTCCTCGT,44
GTTACGATGAAATTAT,44
GTTATGTTAGGATACT,44
TAAAACCAATTCATAT,44
TAACAGTTAAGATGAA,44
TAACTCTCGGCCCTAA,44
TAAGATGTAACAACCG,44
TAAGTCTGAAAAAAAT,44
TAATCACAATTGTCTA,44
TACAAAGGACTCGAAT,44
TACAGATAATATGTTG,44
TACCCCCGGTTCGGTG,44
TACCTTGCAACACTTA,44
TATGAGATGGAACGAG,44
TATTCAAAACGTAAGG,44
TCAGGTTTGCCGCTTT,44
TCATCGCAGGTGCAAC,44
TCATTGATCCTATAAA,44
TCGCCCTAATATGCTC,44
TGAAAAAAAATCTTCC,44
TGATATATGAATATCA,44
TGGAAGTAATAACATC,44
TGTAAATGAACTTACC,44
TTAACGAGTTGCGCAC,44
TTACAAATCGGAGACA,44
TTAGAATGCAAAACAC,44
TTCAAAATGTTGGATC,44
TTCGATGTATAGAAAC,44
TTTTCATAAAAACCTC,44
AAAAAAATTCTAAGAA,43
AAAAAGGGGGGCACTT,43
AAAACCCGGTAACGTG,43
AAAATACTGACCAAAC,43
AAACAAGCGTAACACA,43
AAACTGAGTAGAAATC,43
AAATGAGATTTCCGAG,43
AAATTGCCGAGCTTGT,43
AAATTTAAGTCATGAC,43
AAGGAGCAGTACTACC,43
AATAATGACTCATTGG,43
AATCATAACAAAAATG,43
ACAATTAATCAGCCGA,43
ACACATATACCCACAA,43
ACATAATGGTAGGGTA,43
ACCAAAACTAAATTCT,43
ACCATGCTTCGAATAA,43
ACCCAACTACAAAGGT,43
ACGCAGCAGACTTGCT,43
AGAACATTCCTATGGG,43
AGAACGTACACAATCT,43
AGACACACACAAGAAT,43
AGAGGCCAGATATACC,43
AGATAGATATGAGGTA,43
AGCATGCCATTAGTGA,43
AGGCAATTCGTGGACG,43
AGTCACCTGTTTGCGG,43
AGTGATATGAATATAC,43
AGTTATAATATTGCCG,43
ATAAAAACGCTATAAC,43
ATACACAAACGTTCCG,43
ATATAACCATGTGTGG,43
ATCCCCAGTGTATCTA,43
ATCTAATGGATATAAT,43
ATCTGGAGGCCGAATA,43
ATGCCAACTGTCATAC,43
ATTAACTTATTGTTAC,43
ATTCAAAATTACCAAT,43
CAAGGGCCTCTTGCGA,43
CAATTGCGCAACACCT,43
CACGACAATAGTGTAA,43
CACGTCTTCCACATGA,43
CAGAACACGATCAAGA,43
CATAACATCACGCATT,43
CATATAAACTAATGAA,43
CATCCAAAAGCCGTAT,43
CATGAGTTGATAACAT,43
CATGCCGGGAGGCGAA,43
CATTGATCGGATATAA,43
CATTTAAGTTTACGAA,43
CCAGGACAACTATGGA,43
CCATCAACGTCTGGTC,43
CCCCAATACACCCAAT,43
CGATACCCCTTAAAAG,43
CGCGGCAGTGGTACAC,43
CGGCCGCTCAATGCAG,43
CGGGTGTAGAACCTCC,43
CGGTGAGGGGAGAGGG,43
CGGTTTCGCCAATACT,43
CTCACTAATCAATACC,43
CTCATCCTGTAACTCG,43
CTCCCCAACAAGCACA,43
CTCGATAGAAGCGAAT,43
CTCGGTCTAGGTGCGG,43
CTGTGCCGATATTTAC,43
CTTATAGAGTCCCGTA,43
GAAAACTGCGCCTACT,43
GAAGGTTTATAAAGAC,43
GAATAAAACCTTACGA,43
GAGAATTATGCCTGAA,43
GAGGCCTTTGATTCGA,43
GAGTAACGAATTGGGC,43
GAGTAATGAATAGCCA,43
GATCTTAACCAAATTC,43
GCGCCTATAGCAATTT,43
GCGCGATGAAACTTAG,43
GCTACATTACTACATC,43
GCTGTTCACGCTTACC,43
GGAAGTATACACCCCT,43
GGAGATCGGGCAACAA,43
GGTACTTAGTTTGTTA,43
GGTATGCATCATGGAA,43
GGTTAGCCTTGGAAGT,43
GGTTGAAGTAGGGACA,43
GTAAACACTAACAGGA,43
GTAACCCCAAAATGTC,43
GTACGATCCGCCGAAT,43
GTATAAACGCACTCGA,43
GTCAACACAGTGGTAC,43
GTCTGACCTAAGAGTG,43
GTGCGATCCTCGGATT,43
GTGGCTTCGATGTAAA,43
GTTACTGGCAAAATTT,43
GTTACTTATAATACAC,43
GTTTGCTAGCTCTAGC,43
TAAAGATCCTATTTCA,43
TAACACCTCAGAGACA,43
TAACGGATGTTTATGT,43
TAAGTATACAACCATT,43
TAATGCTTATAACTCC,43
TACAAAGAAAATCAGA,43
TAGGCGGTACCGTACT,43
TATATCCCTGATTACG,43
TATCACACGCACAGAT,43
TATTCGTTTATACAGG,43
TATTCTGTTTAAAATA,43
TCACTCACTGCAAAAC,43
TGAAACATCCGTGGAA,43
TGACTCTACATTGATG,43
TGATCGGTCACGGTAC,43
TGCAACTATTTAAATC,43
TGGAGTCACTCAACCA,43
TGTACGATCTTAAAAT,43
TGTATCTTAAACTGTG,43
TGTGAAAAGTTGAGCT,43
TTAAAAGTGCTAGCCA,43
TTAATAGATAACAGGA,43
TTACAAGAACTAAACA,43
TTACTGCTTACGCCAT,43
TTCAAACGCGTAAAGA,43
TTGTACTGTTTTTAGT,43
TTTAACCAATACACGA,43
TTTACTCATGAGTTGG,43
AAAACTTAAACAGACG,42
AAACAACCCTTCAGTT,42
AAAGAAACTTGAAAGA,42
AAAGCAAACTCACTAA,42
AAATCTTTATTTAGTG,42
AAATGAAAACCAACCT,42
AACACCTAAATAGAAG,42
AACCAGTAGAAATAAA,42
AACCCGCAGCCCCCAA,42
AACGAGCTTATGAGTT,42
AACTAGCAAGAGAATA,42
AACTATATGTGAACGG,42
AACTCAATAACCGGTA,42
AACTCTCTCAGTAAGT,42
AAGATTAATTGCACAA,42
AAGCGCAAAAGACCGG,42
AAGGAAGTAACGCATC,42
AAGTGGACAGAACAAA,42
ACACCCAGTGTAACAA,42
ACGAAAACAAACCCAT,42
ACGGTAATAGAACCGT,42
ACGTCAAAAAATGTAT,42
ACTAAGCTTGAGAGTA,42
AGCAATCTATCTTGAG,42
AGTGCGCCCCAGGTAT,42
AGTTCCCTTTAGATCT,42
ATAACTAACTTATGAA,42
ATACATTTTTAGGTCG,42
ATACCCGAAATCCAAC,42
ATACTATAATAACATG,42
ATATTCACGTGGGTAA,42
ATATTTAACTGTTTAG,42
ATCAACCGAGAATCTT,42
ATCGACCTATTCAAAC,42
ATCTAGTCCTGCAAAT,42
ATCTGCTTAGACTATA,42
ATGCACATACTTGTTT,42
ATGTAAGCATTTAAAT,42
ATTAATACTTCAAGTG,42
ATTATAATTAGCAGCT,42
ATTATGATCTCCACAA,42
ATTCTAAAGGAAACCT,42
ATTGTGCCAGGGCCAA,42
CACTCATCTTTACAAA,42
CAGATATTTCTTCAGG,42
CATCTTGTACTAAGAT,42
CCAAATCAGATCTAAC,42
CCATCAATATATGATG,42
CCATTAGAAAAACCCA,42
CCCAAATATTTGACTG,42
CCCTAAAACCTCACAC,42
CCGAGGAACATCTATA,42
CCTCGTCATCGGATAT,42
CGAACGACACCACTCT,42
CGAATAACATTAAGCA,42
CGCAATCTTTACATAG,42
CGGACGGGTATTAACA,42
CGGATGAAACACACGA,42
CGGGAGAATACGCTAT,42
CGTCAAGCCATACTCA,42
CTAATCTCACAAGCTA,42
CTAGAACAACAAAGAT,42
CTCAGGCACGAGGACT,42
CTCCCAAGAAACGAAA,42
CTGATGACAGATTGAT,42
GAAAAAATTAGTATCT,42
GAAAAATGATGCGTTG,42
GAACCGTAACCATAGA,42
GAAGGAAATAAAACTA,42
GAAGTATAATCCTTGA,42
GAATCTACAATTACAA,42
GACAGCCTATTGTCAA,42
GAGCGATTCATAACCA,42
GAGTGTAGTAATTAAA,42
GCAGTAACAACTAGTA,42
GCCTACATACTAGGAC,42
GCGTTATTGAACCTTT,42
GCTACTTGTCTACATA,42
GGACATCGGCGCAGGC,42
GGACGGAAACCGGACT,42
GGACTGATGCTGTAAT,42
GGCCGTTTTCTCGTTA,42
GGGAAAATCTAACATA,42
GGTCAATAATATTCGA,42
GGTCCGGTTTCCCAAC,42
GTAATCATATTCAACA,42
GTACACTAAACACACA,42
GTAGAATACACACCTG,42
GTCGATTTGTGCCGAC,42
GTTAACTGCACTCACT,42
GTTCGACTCTAAAACA,42
TAAAACCGAATCCCGC,42
TAAAATTGCACTTAAC,42
TAAACAAGCACATCAT,42
TAAGCCGGCATGACTG,42
TACATGCGATCATAAA,42
TACCTACTAAATATGG,42
TACTTAAAATATAAAA,42
TACTTGCAATTTTTAA,42
TAGAGAATAGGGAATC,42
TATAACTGAAACGCAA,42
TCAGAAATTGAGCCAC,42
TGACTGCAAGACCACT,42
TGATATGCTTGAAATA,42
TGCAAGACACGTTTTA,42
TGGACTACCTTACAAA,42
TGTGCCCGGGTAGAGA,42
TTGCTTAATAAAGACT,42
AAAAGAAGACCGACCT,41
AAAAGCCAAATGGCCT,41
AAAATTTGATAAGATT,41
AAACATATTCTATACT,41
AAACATCTGTAGATAT,41
AAACGCACAATAGCAG,41
AAACTAAGACCATTAA,41
AAACTGATACCTAAGA,41
AAATCATTTTATCTCA,41
AAATGTTAACCCCTTA,41
AAATTAATCAGAATCA,41
AACAATAACACTATCC,41
AACCGACACAAAAACT,41
AACTTTTGGTGTATAA,41
AAGAACCACGACTATG,41
AAGCCTAACTCTGGGC,41
AAGGAACAAGATAATG,41
AAGGGACTAAAAAACA,41
AATCCCGAACACAACA,41
ACAAACAAAAAAAGTA,41
ACATCACAAATCAGGT,41
ACCATCACAAAGCTAG,41
ACCCACGATATAAATC,41
ACCGTAACTAAATTGG,41
ACGGTCACTCATCTCC,41
ACTCCTTCTCAATACG,41
AGACAACAAAACACAA,41
AGACAGGTCAAAAAAG,41
AGACCTAGACATCATA,41
AGATGCATTTAAAACT,41
AGCCATGCAAAAAAAT,41
AGCGGTTTCCGAGAAA,41
AGGGTATCAAAACTAT,41
AGGTGTCGAAATTATA,41
ATACGCTGGCGCCAAG,41
ATACTATATATTACTG,41
ATAGGAGTTTGAAAAA,41
ATATACTCAAAGAACG,41
ATATCACCTAAATCAA,41
ATCGCTGATGAACTGT,41
ATCTAAAGTGGTTTTC,41
ATCTAATAATAACAAA,41
ATTAAAAAATAACAAT,41
ATTAACCGAATACTAC,41
ATTGCGAGAGTTGAGA,41
ATTTAACAGCTTAATC,41
CAAGGTGGAGTCTGAG,41
CACTACTGACTGACAA,41
CATAGTAGTCTTCCCT,41
CATGCTGGTTGTAAAG,41
CCTGAACTAAACGCAC,41
CCTGGACAGCCCAACA,41
CGAGCTTTTAATGAAA,41
CGCTATCACTTAGTAA,41
CGGGCTTAATTACTTG,41
CGTAAGCGCTTCTAGG,41
CGTACATCCTCTAACC,41
CGTCATAAACCATCAT,41
CTAAAAACAGTCCGTA,41
CTACATGACCAACAAT,41
CTAGTCTCACGGAAAG,41
CTATTTCACGACATTG,41
GAAAACCTAACACTAC,41
GAAATAGATTATGCTC,41
GAAGATCTGAAGTAAA,41
GAATGATTGTTAACAA,41
GATCCAACACTCACTA,41
GATTAGATTGTTGTGA,41
GCATCGCCTCAAAAAA,41
GCCCATTTCCGTAAGA,41
GCGCACCATCCGTTAA,41
GCTCGTTTAGGTAGAA,41
GTAGTGTTGTTGCTTC,41
GTATAGCAATCCTATC,41
GTATGTATACATATAA,41
GTCAGTTATTACAGAA,41
GTCCTAATACGTGAAA,41
GTGCACCAATTAATTA,41
GTTCAAGTCCTGCGGC,41
GTTTCAAAGGGCATAG,41
TAAACAATAGTTTTAA,41
TAAGCACCTCAGCGAG,41
TAAGGTTAACAGACTA,41
TAAGTGTGTAAATACG,41
TAATTCATACGCTAAT,41
TACGCTGCACAGTCAG,41
TCAACAGAAAAATAAC,41
TCAGACAACATTCTCC,41
TCATCGGCACCGTTTA,41
TCGGACTAAGTGCGCC,41
TCTTGCACACGCAGTA,41
TGCTACAACTACTAAC,41
TGGCATAGCATAAAGG,41
TGTTCCCTATCCATTA,41
TGTTGCAGGGCCGAAC,41
TGTTTAACACCGCGCA,41
TTAGATGCGAATCTAG,41
TTAGCTAATTCATGGA,41
TTATTAGATTATTGTT,41
TTCTACCTACAACATT,41
TTCTCAAAAATTGAAA,41
TTGATAAGATAAACTT,41
TTTACTCACTCAACCT,41
TTTCTCTCCTAAATGG,41
AAAAACAATCAATTGA,40
AAAAATACAGTTTGTT,40
AAAGAACCAAATTTGA,40
AACACCCAGTAATTAG,40
AACATAACATGCCTAG,40
AACGGCGCTAAAATAT,40
AACTAGAAAAAGATAA,40
AACTGATTAACGAAAG,40
AAGCCGTAAGATTCGC,40
AAGGAACGCATTCTTG,40
AAGGTATGCACAAATG,40
AATTTGTAATCTAGTT,40
ACGGTAGTGTCAACCC,40
AGAAACGTATTACGTC,40
AGACCAGCGTTTATTA,40
AGACGAATAAAATACC,40
AGAGAAAACATACGCA,40
AGTTCCCTCTTGACAC,40
ATAATAATGCACCCAA,40
ATAATACATTCAGGTG,40
ATAGTTTGCATAAAGC,40
ATATAGCTTCATATTC,40
ATGGACAACAAAATAG,40
ATGGGGAACAGCTAGA,40
ATTAAATGACGCAAAT,40
ATTCCGGAATCTTTTA,40
ATTGGAGCTAGCACCC,40
CAAAATGCCGAATATC,40
CAACAAAATTGTGCCA,40
CAATAGCGTGGGGGAA,40
CACAGGATCGTAACAG,40
CCACTACCTAGAGTCT,40
CCGCTAAGATTCAGCG,40
CGTAAAGCGATTAAAC,40
CTAAACCTAACGAAAC,40
CTAAAGGTGTTGCGTG,40
CTAAATTTACTCAAAC,40
CTACAGTAAAGAAAAG,40
CTACATCAAGTATCCG,40
CTCACCCCCTATGCCA,40
CTCTATCCGACTGAGT,40
GAAGCTAGGTCAGTTA,40
GAATATCAGCGCTGAC,40
GAGAACTTAACTGACA,40
GAGACTCTTAGGATGA,40
GAGAGATATCCCATAT,40
GAGTTGTAAGACGCAA,40
GATACGTCCTAGAAGT,40
GATATCATCCTACGTC,40
GATCTGACTTAAAAAA,40
GCCGCATAACTCTGGT,40
GCGAGTGTAACATTGA,40
GGATCACGCACAATTA,40
GGCCTTAATATAAAAA,40
GTACAATCCCTTCTTA,40
GTACACGTGAGGGGTA,40
GTCTCTATGTATGTAA,40
TAAAAGTACAACATAG,40
TAAAATCCCCACGTGA,40
TAATAATATATAGTTA,40
TACTTTCGTTCTTGCT,40
TATATCAAAAGAATCT,40
TATTCTGATGATTGGA,40
TCAGCATAAACACACT,40
TCATCACCGATTTGTA,40
TCCAATAATTAGTGTA,40
TCGAAATCCAAGCGGA,40
TCTCAATATACATAAT,40
TCTCACTAACTTGGCA,40
TGAGTATATGCAAGGC,40
TGATAACAGGCAATCT,40
TGGGAATGTAGTTTGC,40
TTATCATAAAAAAGAT,40
TTCAAACTTCTGTAGC,40
TTCGGAAAATGAAATA,40
TTGAACTCTCATAAAT,40
TTGCATTTTTACTAAA,40
TTTATTACGAACTTGA,40
TTTGACCTCCAGAGGC,40
TTTGGGGGCGAGCTTG,40
AAAAGAAAATAACTAG,39
AAAATACCAGAGCAAA,39
AAACAGAATTTCAGAA,39
AAAGACGTTATAACGC,39
AAAGGCCGGAATGTGG,39
AAAGGGGCGGCTAGAA,39
AAAGGTAGACAAGGTT,39
AAATATCCTAATCTCA,39
AACAGCAAACTAAAGT,39
AACATTCCAACCGCCT,39
AACCTAAGCGATTTGG,39
AACTATCCCAATTGAG,39
AACTGCCATGCCGCCA,39
AATCTCAGAGATGGCG,39
AATGCACGACCATACA,39
AATGTACACATTTGAG,39
ACAAACACTTTTTCGA,39
ACAACAATTATAGGTT,39
ACCAGACTGTCCAGAC,39
ACGAAAAGTCACACAC,39
ACTCTCCCAGATCAAA,39
AGAGGTCAAACACTGG,39
AGCATCGAATATTTGA,39
AGGACAATAGCAATGT,39
AGGATAAGGGTGTAAA,39
AGGATAGACAAAGAAA,39
AGGCGGATTCGCGAGA,39
AGTCACTACTCTTGTT,39
ATAGGGCCCTGAAAAC,39
ATGGCTACTCAGAGCG,39
ATGGTTCGACTTCGTC,39
ATGTTCCTCCCTGGAA,39
CAAAGGTGTACCAATA,39
CAACCACCCCTCATGT,39
CAGAAGAAAAGGAAAG,39
CAGCATTCTCGATAAC,39
CATATTGACATGTTAC,39
CATCCCTTGAATGATT,39
CCAAACGCTAACTACG,39
CCATTCCTCGGAAAAA,39
CGAAAATCGCGTATGC,39
CGAGTCTTGTAAAGAC,39
CGGTAATAAACTTACG,39
CGTAATTAAGCCTTGT,39
CTAAAAATAAATACAC,39
CTAGCGTACGCCTAAT,39
CTCAGCCCTCACAAAG,39
CTGATTTCCTCCCCGG,39
CTTTAATTACGACGCG,39
GAAATTGGAATCTTGT,39
GAACAACCTATCGACT,39
GAAGTATTATGATCGA,39
GAATCACACGAAAATA,39
GACACTGTGTCTGCAG,39
GAGAACTAGTGTATCA,39
GAGTAACATCAATCCT,39
GATATTTCTCCGTAAA,39
GATGCGGAGCCAAATG,39
GCAATTACAAGAGCCT,39
GCAGCGGAGGAACCAT,39
GCATACATAAAAAATC,39
GCCAGAAAACCTATAA,39
GCGGGTAAATAATTCA,39
GCTGTGCAAGCACCGG,39
GGATAAAATCTCAATA,39
GGCATATTACTAAAAT,39
GGCCTATTGACAGCTC,39
GGCTTGTAAGCGATAC,39
GGTGGAAATAGCTCTA,39
GTAGACAAAACAAATA,39
GTCACAAGAATAACCC,39
GTCGGAGGCAAACCAA,39
GTTCTGTTATCTACAC,39
GTTGTTTGCATAGAAA,39
TAAACCAACGAACTCG,39
TAAGAAAAGGGCACCT,39
TAAGATTACCTAAAAA,39
TAATGATATGAAACTG,39
TACAGTCGTCTATAGG,39
TATATGCGGAAAAACC,39
TATCTTCCTCAAAAGA,39
TCCATGAGATGAACAC,39
TGATACTTGTATGATC,39
TGCAGACAAGGCACGC,39
TGCATCTAAGAGCAAC,39
TGCCAAGCAAAGTTAT,39
TGTTCAAGATTTCAAT,39
TTACGTTAGTCGGCCA,39
TTACTCCTATAAATTC,39
TTATCTCTTTTGAGAA,39
TTATTCCTACTAAGCG,39
TTCAGTTAATCTGTTA,39
TTGCTTTATGAGGAAT,39
TTGGACGGCAGATGCC,39
TTTCAAACACTGCGTT,39
TTTCTCAAAGAATTGA,39
TTTTAAATTGTTCAAA,39
AAAATAACCAACCTTC,38
AAACAAGGACTCGCAA,38
AAACCCTACCAAACAT,38
AAAGGACTTAATTCCA,38
AAAGTACAATTTGAAT,38
AAATACAAATAATATG,38
AAATTAAACTAAATTA,38
AACAAAGGACTAATTG,38
AACCATCTACCAACTC,38
AACTTAGCATTCAGGA,38
AAGACGCTATCTTTTC,38
AAGCCCCCATTCAAAA,38
AAGCTGGTTCCACTAA,38
AATGTAAACAATGCAA,38
AATTTAGGCACTATAA,38
ACAAACGTCTGGAGCG,38
ACACCCTATCGCTTCC,38
ACATCTCTGTAGTTTT,38
ACATGATTCCACCAGG,38
ACATGTCAATAGCCAT,38
ACTACCACATTAAAGA,38
AGAAAAAAGAATAAGG,38
AGACAACAGACACTCT,38
AGACCTATAGGGGGGT,38
AGATCAAGGACGAGAA,38
AGCCACTTAGAACTAA,38
AGTACATAAAAAACTT,38
AGTAGCGTATATAAAA,38
ATAAAGCTCAGACTTT,38
ATACTCGCCCTACCAT,38
ATATAACCCAATATAG,38
ATCAGACGATCATCAA,38
ATCATATGTACTATTA,38
ATCCATGAGAATTATC,38
ATGTACATCCTTCTAA,38
ATGTACGATACTTAAT,38
ATTATCAAAAGGGTTT,38
ATTTGAGTCTTATATC,38
CAAATTTTTCAATGAT,38
CAAGCAGCGCCTACAG,38
CAATCCATTCTATATT,38
CACATCTCCGAAGAAG,38
CAGCGACACGTGAGAC,38
CATAAACCACATCCAA,38
CATCCTGAGGTCGTAG,38
CATCGGACTGATAAGA,38
CATTTCACGTAAGAGA,38
CCTGACCTCACAACTT,38
CCTGTCAGGTCTATTA,38
CCTTGAGACACGAGAT,38
CGAGAACGCAAATTAA,38
CGATAAGATTAAGGGC,38
CGTTCGGGAAGTTAAA,38
CTCGAAGAGATGTAAC,38
CTCGAGATAATAAAAC,38
CTTAAATTCTAGGTGG,38
CTTCACATGACGCAGC,38
CTTCATTGTCTCTTAT,38
CTTCTATCATATATAA,38
GAAAGGCATTGCCTAT,38
GAATGACGCACGAAGT,38
GAGAAATTACTCATGC,38
GAGAGCCTAACGTGGT,38
GATATGCACTTAAACC,38
GATTTATCACTCGAAG,38
GCATCACTCCTATATC,38
GCCTGAACGATACAGC,38
GCGCGTCACGAGCCAT,38
GCTAACCAGCAAAACT,38
GCTACGCAACTAAATA,38
GCTATCACATAATTAA,38
GGCTGACGAAACTTTA,38
GGGAAATGACCACCCC,38
GGTCGTTAATACGAAC,38
GGTTTGCCTTACACAT,38
GTACCAACGTGTCTTA,38
GTGAGTAAAGAACAGA,38
GTTGCAATCACCAGGA,38
TAAAATTATGGATACA,38
TAAACAACCATCCTGC,38
TAAAGCAAAGCCAGCT,38
TAACTACTTTTCTACG,38
TAAGAATTGCCTAACG,38
TAAGAGAACCAAAAAT,38
TACATAGTACACTCGC,38
TACGATAGTTTGGATT,38
TACTCTAACGGACCAC,38
TAGCACACGCTGCAAA,38
TATAAACATATATTAC,38
TATAGCCCCAACACTA,38
TATCCCCCAAAATATA,38
TATGTACCGTAGAACC,38
TATTAAGCAACCATTT,38
TCAAACTCGACTGTAC,38
TCAGTAGGAATACTCA,38
TCGACGGCAATGGTTA,38
TGAAAGTACCCCATGG,38
TGAACGACACACACTT,38
TGCTTGTATGACATCT,38
TGTAAACTAGCTAGAC,38
TGTAAGAGTAACACTG,38
TTAAGTGTTAATGCAA,38
TTACTTTCTAATTAAG,38
TTCATTAGCCGTAATA,38
TTCCCGATAGGCCGAA,38
TTCTACTACAGTAATA,38
TTGTAAATGCGATTGA,38
TTTACAAAAAAAATAA,38
TTTTGAGCATCCTTTG,38
AAAAAATACACTTAAG,37
AAAAAGAAGGTGCTCA,37
AAAAGAGTCCCCTGTC,37
AAAATAGTAACAGTAC,37
AAAATAGTGAAACTCG,37
AAACAGTAAGTATACG,37
AAACATAATAATCCTT,37
AAATCTTAAGCCGTGA,37
AAATGTAGTTAGTATG,37
AAATGTTGTCACCCAT,37
AACTTCTAAAGACGTA,37
AAGAAGACCATAAATC,37
AAGTAACACAGTTGAT,37
AATAATTCAGAACCAA,37
AATACTTTATTTTCGG,37
AATAGCAGAAGGACAG,37
AATCTAGAGTTCAATG,37
AATTGGACGTGATAAT,37
AATTTGAACTAAATAA,37
ACAAAGGGCTTTACAT,37
ACAATACGGAATAGGA,37
ACACAAGCCTAAATCG,37
ACAGTATATCCCAAGA,37
ACCAAATTGTCGATAA,37
ACCGAGTATAAAGGAC,37
ACCTTAACGCATAACA,37
ACTACTTGAAACATCC,37
ACTCGTCTAAGGCCTT,37
ACTTTTGATTACTTAA,37
AGATTTTCATAGTATT,37
AGGGATTGGACAGGCA,37
AGTAAGACGAAAAGAC,37
AGTACTTAGTACAAAG,37
ATACCCATATTAATAA,37
ATACCGCAAAAAACTG,37
ATACTCGTAAAGGTAC,37
ATAGGCTTTATGAGTC,37
ATATGACGATCATTAA,37
ATCTTTCCCTGGATTA,37
ATGAAAGGATAGCGAC,37
ATTTAATATATACCGC,37
CAAACTAGGTATAAGA,37
CAAACTATCACTACAC,37
CATAGTAATGGAAACT,37
CATTAGCAAACAGCAT,37
CCCTTAGTTCGCCAAA,37
CCGTTCCCACGCTCTT,37
CCTATACAAAACGTCC,37
CCTTCGGGAACGTCTT,37
CGAACCGCATTGTCAA,37
CGACTAGATAATCATC,37
CGCGATACCCCTAAAT,37
CGCTAACAAGATTATT,37
CGTCTATGGGCATCCA,37
CTATTAATCTAGCAAG,37
CTCTTCAAACGAATAT,37
CTGAACGGAAAAGATT,37
GAACGGAACCACCAGA,37
GAAGATATACTTTGAG,37
GACCGCGATGGAAGCA,37
GACCTAGATACACGAT,37
GATAAATTCAAGTGTA,37
GATAACGTTTAAAATT,37
GCGCACGTAGATTAAA,37
GCGGGTCAATCTGACT,37
GGATGCGACAAACAAT,37
GTCAATAGGTAGCGGA,37
GTCGGATACATCGGGT,37
GTCTCATGATACTAAC,37
GTGACAATGCCAACCT,37
GTGACACTCATAGTTT,37
GTGGGCGAGAAACCTC,37
GTTCGGATAAAAAAAC,37
GTTTTATTGACTTAAC,37
TAAGGCTATTTCTAAA,37
TAATACTAAAGAGACA,37
TACACATTTGCAGAAA,37
TACATGCGAAAGTTTA,37
TACATTCTAAACAAGT,37
TACCGAACAGGGGTGA,37
TAGATTGTTGTAAAGT,37
TAGGATCTGAAGTGGG,37
TATGACCTAAACTTGA,37
TATGGGTTCTCGCAGG,37
TATTGATAACATCGAT,37
TCCCGTGCATATTGGC,37
TCCTACTACTAACATA,37
TCGACATTAGATAAAG,37
TCGCCCTCACTTACCT,37
TCGCTTCCAATGGTTA,37
TCTCAGCACTTAAATT,37
TCTTAGATTAATAATC,37
TGAAATTCCAAGGATT,37
TGAGATTACCACCTAT,37
TGGATCGATCATAAAA,37
TGTCCCCGCCTTCTCA,37
TTAAATAGTTTATTCC,37
TTAACATCAGACAGGC,37
TTAACATGGAAGTCCC,37
TTACAAACACCAATAA,37
TTACAACTTCAAAAGA,37
TTACCATCGCATACCG,37
TTACCTTAATTTAAGG,37
TTGAAACAGAGTGTAT,37
AAAAGCAAACTCCACT,36
AAACAGGCGAAGATTC,36
AAACTGCATTAATGTA,36
AAACTTTAAAGCCAAT,36
AAAGACATCCCATAAG,36
AAAGTGCCAAAATCCA,36
AAATCGTATTACAGTA,36
AAATTACGACAAGTAA,36
AAATTATAGATTAAAA,36
AACAAAATATTAACAA,36
AACGGCAAAATAACTC,36
AAGGGACTGACACCAT,36
AAGTGTGTCTACCTGC,36
AATACTTAATAGTTTT,36
AATATGGAATGTAACT,36
AATCCCAGCGCAAGAT,36
AATGTATAGGGCGAAA,36
ACATCAAGCTATCTTA,36
ACCAACAATAGTACTG,36
ACGCCCAAATAAAATC,36
ACTTGCCATCCAAGAC,36
AGAAAGAGAGTTCACA,36
AGAATTAAGCAATAAT,36
AGAGTTTGAAATCACC,36
AGCTATGGCGGATGTG,36
AGTAGTTGATCTGGTT,36
AGTGGCACGAAATCAA,36
AGTTCGCAACCAACAT,36
ATATGATCTAAAGAGG,36
ATCAGCAGACTAAACG,36
ATCCTTTTACCCTACC,36
ATTTATACAAAACATA,36
CAACTTGCCACCAGAC,36
CAAGTCTTAGGAGTGC,36
CAATGACAATTAATTA,36
CACTTATCAAAACTAA,36
CAGAAACGCTACACTT,36
CAGACGGAACTTACAA,36
CATAAAATAACTGAAA,36
CCAACGGATGCAACCC,36
CCCCCTAGATGACCAG,36
CGAATTTACTATTTAC,36
CGACATCACTAGTTAA,36
CGCAACTGAGACCGAT,36
CGCTATTGCATCATTT,36
CTTATGTCAATCAACA,36
CTTGTCCAATTCTCAC,36
GAAACCCACTGAAGAC,36
GAAACGCTTCACTGTC,36
GAACGGAAATATAATT,36
GAGAGGCACGGAAGAA,36
GAGTAAGCTTGTACTG,36
GATTAACCTAAAGCAC,36
GCAAACTCATGAAAAT,36
GCCACGACTAAACAAT,36
GCTCCAAACAGCGACA,36
GCTCTGAAGGATAATA,36
GGACACTTCTAACATA,36
GGACCAACCACTACAA,36
GTAAATATAGATATGT,36
GTAAATGGAACGAAGA,36
GTTCAACCTTAATTTT,36
TAAAAGATTGACTCCA,36
TAAAGCTGAGTAAAAG,36
TAAATCAGGCTAATAT,36
TAACCTCGTACGCAGA,36
TAATACATGATAGTAC,36
TAGCCTACTTGAGCTA,36
TAGTATGACTCAAACA,36
TATATCTGAAAGAGTC,36
TCAACCACCAACATAG,36
TCGCGCAAGAAACTCC,36
TCGCTACCCATGCAAT,36
TGAAACTAACATGGCT,36
TGAAAGCTTCCACATC,36
TGGGGTATGCCCCAAG,36
TGTAAACCTATTACGG,36
TGTCAATCAAACGACA,36
TTATCACCATATCCAA,36
TTCCATATATTTATTT,36
TTGAATCTGATGAATA,36
TTGATAAGTTGGATAT,36
TTGTCCCGTAGTAGCA,36
TTTAGCCGATCGATTT,36
TTTGCTCTCAGAAGCC,36
TTTTAAACTGGCACCA,36
AAAAAACTAACCAATC,35
AAAAACCTATCGTAAT,35
AAAACACTCCTCAAAA,35
AAAAGATGCAGATCAA,35
AAACAAGCATTATCTT,35
AAACCAAGAAAGAAGT,35
AAATTACAGCTTCCGT,35
AAATTCCTGGTTTTGA,35
AACACTTGGGCTCGGC,35
AACCAGAAAAAGATAT,35
AACGAAATGCCTACAC,35
AAGAATATTATTATCA,35
AAGATATACATTATAA,35
AAGCGAACGACGTAAT,35
AAGTAAAGATCCGAGA,35
AATAAGCTATGGAAAC,35
AATAGAGTGTTCGACA,35
AATCCAACGCAGCGGT,35
AATGAAGGGATTAGCG,35
ACAAAGTGGTTACTTG,35
ACACTAATACCAATCC,35
ACATGCGAACAGAGGG,35
ACATGTTAAACCCCAG,35
ACCACTCCAACTAACT,35
ACCAGTTATTCCCATA,35
ACCTAATGCTCCCTAA,35
ACCTTAAGTCTTGCTA,35
ACGAACACAACTTGTG,35
ACGTAATTGTCTTTTC,35
ACTCTGCGCATGTGTG,35
ACTGCACCCGAAAACC,35
ACTTACCTTAACAAAA,35
AGAGGCTCGAAGTGGA,35
AGCCCGAAACACTCGA,35
AGCGTTGGGCAGAAAA,35
AGTCAAACGACTTGCC,35
AGTCGAAGCAAACAAT,35
ATACCAAAATGCAAAT,35
ATACTAAATTCCACTC,35
ATACTTCGGCGTAGTC,35
ATAGAACGCACGTCCA,35
ATATGAGACATAAACG,35
ATATGATCACTTTTAA,35
ATATTGTACAATTTTT,35
ATCAAACCAAATTTTG,35
ATCCTAAACTATGTTT,35
ATGCTCTACATAATAA,35
ATGTCGAGGTAAATTT,35
CAAAACCCGGAATGAG,35
CAAACATAATCAACAA,35
CAAAGGCGAATGGCGT,35
CACAACTATCTCAGAT,35
CAGACTAGTAAACGCC,35
CAGAGGAGCTCAAGGT,35
CAGTTACCCCCCTCAT,35
CAGTTGAAGTTTCGAT,35
CATAATCTTGGGTACG,35
CCACACCCCGCCGTCT,35
CCACATTGCCGTTTTG,35
CCCGTACGTATACAAA,35
CCGATAACTTACAGGA,35
CCTTTATTCACCTCGG,35
CGAAAGACATATTTAA,35
CGCAAAGTCATAGTCG,35
CGGATATAGAGGAAAG,35
CGGTTGATAAACCAAT,35
CGTAGTAAAGTGTCCA,35
CGTCTCAATAGCACAA,35
CGTGAGACCATATAGA,35
CGTGGCACGGGATTGC,35
CTAAAAAATTGCGGAA,35
CTAAACAATCTTAGAT,35
CTACAGCGAAGCAGAG,35
CTATAGGAATAAAAAC,35
CTTCACTGCGCTTGGG,35
GACTGATCCATTATCT,35
GATCCTTTATTCACAA,35
GCAAGACCATACCTCA,35
GCATACCGAAATATTC,35
GCCGATATCTATAAGT,35
GCGATGCGGCTAAAAA,35
GGTGTATCTCGCAAAT,35
GTCCTATACATAACTC,35
GTTAATTCCGCACGTC,35
GTTACGTATATATGAT,35
GTTCTCATTCATTGTG,35
GTTTAGCATTATACAA,35
GTTTCAAGCACTTTCG,35
TAAAAACTGTGAAAGA,35
TAAGCAAACTTAAAAA,35
TAAGTACCCAATGTAT,35
TAAGTGTATCGGATAT,35
TACAAAAACATTCTTA,35
TACAATTTATGACCTG,35
TACACAAGAAGATTAT,35
TACACAATACTCAAAA,35
TACCCAAACCAAAGAT,35
TACGGACCAGCCTGAT,35
TACTTAAACTTGCTAA,35
TAGATTTCAACTCCCG,35
TAGCGAGAATGTGAAA,35
TATGTTTCGGAGTATA,35
TCCGAGCATCAAAAAC,35
TCCTAAGACAGCCATA,35
TCGTCAGTGTCAAAAA,35
TCTCCAATAGTATATC,35
TGAAACTTACTGGGAA,35
TGAATTTGCCACGCGA,35
TGAGAGCAGTTAGCGT,35
TGCGCGATAATAAATT,35
TGCTTTTCCGAAAGAA,35
TGTAATCACGCAAGAT,35
TGTCCTATGATTCCTC,35
TTAACACGTATCGGGG,35
TTAACCAGAAAAACCC,35
TTAGTACTAGCACAAA,35
TTATATTCAAAAATGG,35
TTATTTCGTACTTGGT,35
TTCAGCCACCAAATTG,35
TTCCCTCTAACAAGGA,35
TTTAATAAACCCTACA,35
AAACAACGTGATTTTC,34
AAACCCGCTGAAACCA,34
AAACGGTTTGACTAGC,34
AAATCAGATTGTAACC,34
AAATTAAAGCTTAAAC,34
AAATTGAAAAATAATC,34
AAATTTGGAGAGATAC,34
AACAAATGCCATTTAT,34
AACACGGCATTGTTTG,34
AACCAAGTGCATGTGT,34
AACGGTGGGAATACTC,34
AAGAGAACTAAGTTTT,34
AAGAGATCAAACACAT,34
AAGGATAAATTTTATA,34
AATAACAGGAACATAC,34
AATAATAGAAGAACAC,34
ACACACCACTGTCTGG,34
ACCAGTAGAAACACTG,34
ACCATGCCGCCCCCCA,34
ACCATTAAAATTCGTG,34
ACCCGTATATTTCCAT,34
ACGACCACCTAGGTAG,34
ACGCGTCAATCACGTT,34
AGACCCCTCCGTCAAA,34
AGAGATTGACCAATTT,34
AGCTTAGATGCTTACC,34
AGGACAATTCACGAAT,34
AGGATTATAAAATTGC,34
AGGCGAACCTGCCTAC,34
AGTATTTGCCGAGTTA,34
ATAAATAACAGTAATA,34
ATCCAGAAACATGGTG,34
ATCGAGGTGGTACAGT,34
ATCTCATAATGACTAT,34
ATGACAACTAATAAAA,34
ATGGCGAACTGTAGTC,34
ATGTCAAGATGTTAAA,34
ATTTTTGGTGTCACGA,34
CAAAATCCGGTTATTA,34
CAATTGTGTCAGACCA,34
CAGTAAATTAATTAGG,34
CATATAGTATACCTCT,34
CCCTAGTTGTACCAAC,34
CCCTTCGCTATAACAA,34
CCGATTGTATGGACGC,34
CCGCGTTTAACGCAAC,34
CCTGACATCAACTTAT,34
CGCATAAGCCATCTTT,34
CGCATGAGATTTTGGG,34
CGTGTTTCGATCGCTG,34
CTATATTTAGACTCAC,34
CTATGTAAAAGTTATG,34
CTCAGATTGAAATTCA,34
CTCATAACTAAAAGAG,34
CTTCAAAGAATAAGAC,34
CTTGCTTATAAACGGT,34
GAAAAAAAAGGTGTAT,34
GAAAGTCTCGTCGCCC,34
GAAGCATTATTAAATG,34
GAAGTTTAAAAGTCCA,34
GAATAATAGAGCATAC,34
GACCCATGGCGCCCGG,34
GACGCGCGTCCGATGA,34
GACTCCAGTTATCAAA,34
GCAAAAACACTGCCAA,34
GCAAGGTTTTACCTTA,34
GGCCGAGTGAATCTAG,34
GTAACCGACGTCTAGT,34
GTAATAACCAGGTGTG,34
GTCCCCAACTAAGTGT,34
TACGAGCCAAAACACA,34
TACTAACATAATCGAA,34
TAGGGGTTGAAGATAA,34
TAGTACTCATGTGGTG,34
TATACAAGCAAAATTT,34
TATCTGAGCCCCATTG,34
TCATGTCGTTATATGG,34
TCCCAATATCAGAACC,34
TCTGTATGGATTAATT,34
TGGCCAGAACCTAACA,34
TTAAAGACGACATCGT,34
TTAGAAATACTCCTCA,34
TTCAATTGTAAGCAAG,34
TTCTAACTCACAGGCG,34
TTTGAAGACAAAAATG,34
AAAAATGAACATAATA,33
AAAACCATTTCATGCG,33
AAAAGAAGAGATGACC,33
AAACCTTGACAATATA,33
AAACGAGTTAAACTTA,33
AAACTACAGTAATGCC,33
AAAGAAGTAACCCCCA,33
AAAGCTAACTAACTTC,33
AAATCTAGATGACCTG,33
AACACTAGAGCTGCAG,33
AACAGCTTATTAATGA,33
AACATAAGATTCGTCA,33
AACCATTATGAACAAA,33
AACGTACACTGCCAAT,33
AAGAACGCGGTGCATC,33
AAGAAGAATACTAAAC,33
AAGTAACCTATGTAAA,33
AATAACACTAACTAAA,33
AATAACATTCAGGGCC,33
AATATATATAGCATTA,33
AATCATCATCACAGAT,33
AATCCGGTACCACATA,33
AATGATTTCCCACCAA,33
ACATATCAGAAGAAAG,33
ACATTACATTTTCCAA,33
ACCATGATATGTGTCA,33
ACGTAATATATAACAC,33
ACTCCAAAAGAACCCC,33
ACTTCATTACGAAGAA,33
AGAACTCTCCGTATGA,33
AGAATAACTCAGAAAT,33
AGACTCTAAAACAAAC,33
AGACTTGCTACGCCGG,33
AGATGAATCGTATTGT,33
AGCATTCACGTGGAAC,33
AGTTAAAACAATCAAA,33
ATAAAAATGTATAATT,33
ATAAACACGCAGTCAC,33
ATAATGGTTAAGACTG,33
ATGCTTTGTAATGTAC,33
ATGTCGCTCAAAAATT,33
ATTTACTGATGTACGA,33
CAAAGATCTTACACTG,33
CAACAATTATAAAACT,33
CAACTAGACTTATCCA,33
CAATCAATAACAATTG,33
CACAAGCCCAAAAACC,33
CACCACTCAGGTTGAG,33
CACTTTTTACGAAGTC,33
CAGATTTCCCGGGCCG,33
CATCTGTTTATAATCA,33
CATTTCGCGAATTTGA,33
CCGTATTTCCATAATT,33
CCTCGGCCATTCGTGA,33
CGAGAAAAGCGGAGAG,33
CGAGAATTACAAGTAA,33
CGAGCCTCACTTAAAC,33
CGATGCACAATAAAGT,33
CGCAAGACACGAAGTA,33
CGTGATAATAAGAGCA,33
CTACCTGGTCATAAGA,33
CTAGAACTAACCGCAA,33
CTAGATAGGATCAAAA,33
CTGCAGTAGGAAAAAT,33
CTGGTCAGTTATCTAA,33
CTTACCAAGATTTTTA,33
CTTTGGTTATGCCAAT,33
GAAAGAGCGATAACAA,33
GAAGTTGAATAGAATT,33
GACAGCACGTCAATGC,33
GACTATACTAGCGAGT,33
GAGTCGAATGCAAATG,33
GATAACACCCCAGTGC,33
GATGGCATATATCTAG,33
GATGGGTCTAACTTAA,33
GCAGCGTTATGATAAC,33
GCCAAGAGTCTAACAG,33
GCGAAGGTGATCATGC,33
GCGGTTAGGTGCTAAG,33
GGGCCATACAAAAGAA,33
GGGTATTCAGGAATTT,33
GGTGCTTGCACGTTAC,33
GGTTCTCGGGGAGTAA,33
GTAGTTGATACAGTGT,33
GTCCCTAATAAGTATG,33
GTGAGACAATACAAAA,33
GTGCCAGGACACTATA,33
GTTGACAAACAAACCC,33
GTTGTCACGTGTGTAA,33
TAAAACACGTAAAAAC,33
TAATACGGAAAACGAG,33
TACCGCCAATCACCTC,33
TAGTCAAAACTAACTA,33
TCCGGAAAAAATACTA,33
TCCTGAATATAACCTA,33
TCGATCGGGATTAGAA,33
TCTACCTATACCTACT,33
TGAATACAATACTTAT,33
TGAGACTAATTAACAA,33
TGCTTACACGCGAACT,33
TGGCTATAATCAAATC,33
TGTAAGATCCTATCAG,33
TGTCAAGATGAGCGGA,33
TTAGTTAAGAATAATC,33
TTATTCAGAATCAGAT,33
TTCACGCCACGGTCGA,33
TTCCCCTCATCGTAAG,33
TTCTTAATTAATAATA,33
TTGAAAAGAGGCAATG,33
TTGAATACCAGTAGTA,33
TTTTACACATAATCCA,33
TTTTATGTGGACAGTA,33
TTTTCAGTCTACAGAT,33
AAAAACCATCTTAGCT,32
AAAAGCCTTTAACCCC,32
AAAATGAAATAAACTG,32
AAACCTGCTATTGAAT,32
AAACTTACAGACCATG,32
AAAGCACTAGCTATAA,32
AAAGCTCCACCAAGAT,32
AAATAGTCAGTTTCCA,32
AAATGTGAAACACATA,32
AAATGTTGAAATCTCA,32
AAATTAACGGGCAACA,32
AACACACCATTGACTC,32
AACTATAAACTTAGGG,32
AAGAGCTAATATTGTC,32
AAGATAGAAGCCGCAG,32
AAGTCGATGAATCGAG,32
AATAATACGTCAAATA,32
AATACTTCCCTTTTTA,32
AATTTAAATTTCGAAC,32
ACAAACAATAAGCAAA,32
ACATCACGCACATTAG,32
ACTTAGAAATATCGCT,32
ACTTATCTAAGGAAAA,32
AGAATACGACTAAACC,32
AGACCCACCCTGGCCG,32
AGATTGAAATACTAAA,32
AGCAACAAATTCGTAA,32
AGCATAGGATATTCCC,32
AGCGTTATCCGATTTG,32
AGGGTACTCGGTACGT,32
AGTTAGTTTTTTCTTT,32
ATAAACGAGAACTATA,32
ATAAGTAGAGATATAT,32
ATATAAGAAAGATGAA,32
ATATTAACTACCAAAA,32
ATCTCCCTCAATATAC,32
ATGACCCCATATACTT,32
ATGACTGCATAAAACA,32
ATGGCAGACACCACGC,32
ATTACGTGTAGTAAAT,32
ATTCAAACATTTGTGA,32
ATTCATAAGAAGGCGT,32
ATTCGCGTTTAATGCG,32
ATTGACAATTTCCTGT,32
CAAAACTAACATAAAA,32
CAAAGAAATATAGTTA,32
CAAATCTGCATAATAC,32
CAACCAGGTATGACCT,32
CACAAATAGATTACCC,32
CACGGCGTAATCACGC,32
CAGACAGCAGAAAAAC,32
CATGTCGTTTGTTGCA,32
CATTAAGGAAGTTGAA,32
CCAAACTCATTAAGAC,32
CCTCTGTTTTGCGGTG,32
CCTTACTATTAACATC,32
CGCGATTTTACTGAAA,32
CTGATTAATGGCGAAA,32
CTTATGATACCTATAG,32
GAAACAACACGACGTA,32
GAACATATTCTGCAGC,32
GAACGCAATCGAATTC,32
GACAAAAAGCCTCATA,32
GACTAAGAATCCAGCT,32
GAGCGTCAACCAGTAT,32
GATGAGAATAAACATG,32
GATTGCCGAATACGTA,32
GCAATAAATAAGCGAA,32
GCCACACAGGACAGAC,32
GCTTGGACTTAAACGA,32
GGACCACTCTACTACG,32
GGCTAAGATCATTAGC,32
GGGAGTCTTACATCCG,32
GGGGACTATTAGAGTT,32
GGTTATTAAAGGTAGG,32
GTCCACGAGCCCTCTA,32
TAAAAATACGTACATT,32
TAAAGGGCTTGTACCA,32
TAACCCAGACCAACTC,32
TAATGACAGCGCCTCC,32
TACATAACCTGATTCC,32
TAGAAAGGCGATGGAA,32
TAGAACTGCCTTAATC,32
TATACCCATAGTTCAA,32
TCCAACATTAATTAAA,32
TCCGGTAAGGCAGCAA,32
TCGTACCACAAAGTCT,32
TGAGTTTCCAGCCATC,32
TGATATGCTGACATAT,32
TGCATAGTTAATATAC,32
TGCTTTAATCGATAGC,32
TGTGCGAAGAACGCCT,32
TTACTCATGTCCCTGT,32
TTATAAATTTCTTGGG,32
TTATTGCCGATCAATA,32
TTCTACATAAACACAG,32
TTGCCCACCCTAGGAC,32
TTTACCGAGGCTTCCA,32
TTTCAAAGGTACGTCA,32
TTTGGAGCCCTACAGT,32
AAAAAATTCATAGTCA,31
AAAATTATGAAGGCAT,31
AAACCAAATGGTTATC,31
AAACTATCAACATCTA,31
AAAGAAACTAAGACTC,31
AAAGTGTAGCACATTA,31
AAATATCCGTAACTAG,31
AAATTAAGGCCAAAGT,31
AAATTGCCGTAATAGG,31
AAATTGGATGTATCGA,31
AACGTGCGCTGAAATC,31
AAGCAGCAACATAGAT,31
AAGCTAGGCGCTTTCA,31
AAGGACGCTGGGCCCA,31
AATACGAGGATTCAGC,31
AATATGTTAACTTTCT,31
AATTTAAGAACATAAA,31
ACCGTTCATAAGGAGA,31
AGACCAGAAATGGCTA,31
AGAGTTATGACAATCC,31
AGATCGAACTATAGCC,31
AGCGTGAGAACAATCT,31
AGCTAGAAGTGCCCGA,31
AGGAATATGCGTACCT,31
AGGGCAAGCGTTTCGT,31
AGTATTGGATCGAATA,31
ATACAATACATCCAAC,31
ATACGTACACCCATCA,31
ATATCTAAACCGGTTC,31
ATCCCGCCAAGACTAC,31
ATCCTTACGTTTAAAC,31
ATCGTGGAGCTGATCT,31
ATCTGAGGGAACCTAT,31
ATGAAAGACGGAAAAT,31
ATGAGCAGTCTGATTT,31
ATTGTTGATCACGCTC,31
ATTTAATTAGGGTCAA,31
ATTTATTTATCATACT,31
CAAAACACGCTTCAGC,31
CAATACAAATCTCAAC,31
CACGCTACTCAATTTT,31
CAGTTTTTGCGGTACG,31
CATATTAGCGAACCAT,31
CCCCCGACAGTTCATG,31
CCCGCGATATCTGTGT,31
CCGAACATAGTCTAGA,31
CCTACACAGCCCTAAG,31
CGAAGAAAGAAAATCA,31
CGACATACGAGCAACA,31
CGAGAGTATTAACGGG,31
CGATATACCCTAATGA,31
CTAACCGCTGACGTAC,31
CTACCAGAAGTGCACC,31
CTTATAACGTCGTTTC,31
CTTCTAACAAAGTGGA,31
CTTGAATATCCTTTCA,31
GAACTTATAAATGGAC,31
GAATCCGACAACAAAA,31
GAATTATTGCGTTAAA,31
GACCATATTTGTAACG,31
GACGTGATAACCGATA,31
GACTCAAACAACTCCC,31
GATACGCTATACTCAA,31
GATCGTCCCCGACTGC,31
GATGTCCCCACTTCAA,31
GATTATGCACTGTTAG,31
GCACTCAACTTTCGGT,31
GCCAATCATCTCATTC,31
GCCATATCGTAGGAAT,31
GCGCAACCTTTGTTAG,31
GGAATCAAAAGTTTAT,31
GGCGGAGTTAACATAC,31
GTAGAGGGATCGCATC,31
GTCCAGCTCGTAGTAT,31
GTTGAAGAGTTGGAAC,31
GTTGAATTGGAATTAA,31
TAAAAGAAGAATCAAG,31
TAAAAGTAGAAAAAGG,31
TAAACAATTTTAAGAG,31
TAAAGCCCCTATCATT,31
TAACCGTATAAATGAT,31
TAACGCTCCTAAAAAA,31
TACACACCATAATGTG,31
TAGCCATAAACTGTCC,31
TAGTAAAGATCGGTTA,31
TATCGTAGAATACTCC,31
TATTCAGAGGTGTTGC,31
TATTTTCACCAAAATT,31
TCACTCAGTAAACTAA,31
TCCAAACAGTAATTAA,31
TCCAAACGACAGGCTC,31
TCGGACGCGAGTGCAA,31
TCTTGTGATACGTATC,31
TGATCCTTGGACTTAG,31
TGTGAAATATACGTCG,31
TTATATAAGCAAACCT,31
TTCGTCACACAGCGTT,31
TTGAGCTTTGACCGAC,31
TTTATTAAGAAGGTAA,31
TTTGCCAACCCGTGTA,31
TTTTACACAAAAGGTC,31
AAAATATAGATACACT,30
AAACTATCAATCTAAT,30
AAACTCGACTTGAATC,30
AAACTGGAATGGGTAG,30
AAAGGCGTAGAAGAAG,30
AAATCAAACCTAGAAA,30
AAATGCGTACTCGATT,30
AAATTAATCTCCGCTA,30
AACTAGTAATCAAAAA,30
AATACATATGATTATA,30
AATTGAATGGAACCAT,30
ACAGATAGTTGGTACA,30
ACCAAGACAGGTACAC,30
ACCCCCAGTATGTTCA,30
ACCGATGAACGAAATA,30
ACCTACACATCTTATA,30
ACGAAAGAAACTACCA,30
ACGCGATTAGCCGGGG,30
ACGTAAGGCGTAAGGT,30
ACTCTATCTATCCATA,30
AGACTGACACCCTAGA,30
AGATGTGCGTAAAACC,30
AGGATTAACACGCCGA,30
AGTAAGTTATAGAGAT,30
AGTTTGTTTATGCAAC,30
ATAAGATATAGAAACA,30
ATAGAATGGTAAAAGT,30
ATAGCTTCTGCTAACG,30
ATAGGACGCATAACTG,30
ATAGTATCCCTGATTC,30
ATCACGCCTATTAATC,30
ATCATAATAATAAGAA,30
ATGACCTGAACAGTCA,30
ATGCCGTGTGACAATA,30
ATTGCCACACATACCA,30
ATTTAACGAGCTGTTA,30
ATTTCCCCGAAGGATA,30
CAAAACATTGACAGTA,30
CAAAAGGGTAAAATCC,30
CAAACCACCACTCAGC,30
CAAAGGATAGAGGGAA,30
CAAATCCAACACGCCT,30
CAATAACTTCAGTCTA,30
CAGACAACACGACAAT,30
CAGACACTCAGACTAT,30
CATAGAGTCCGCTCAA,30
CATTGGAGATAATGGG,30
CCAAAGAAAAATTAAG,30
CCAAGTACAGGTTTAA,30
CCCAATTACCAAGCTC,30
CCCCGGATAAATAGTC,30
CCCGGTCAATACTTCA,30
CCTCTTCTATTGCTAC,30
CGAGAACTGGACACGC,30
CGAGATTTGCTACTGA,30
CTACCGTTATTGGGTT,30
CTACTCTAAAATTACA,30
CTATTAGATTAACAGC,30
CTCACAACTTAAAAGA,30
CTTCCGAAAACGTGTT,30
GAAATATTTCAACAAA,30
GAACCCATATCATTGC,30
GAAGAACCAAATATCA,30
GACAAGCATTGAGGCG,30
GACTTAAACAAAAGCC,30
GAGCAATGCAAACGGG,30
GATATCATTTAAACCC,30
GATCACTCAAACGGAA,30
GCAAAGTTCAAACACA,30
GCAGAGAGCGCCAGTA,30
GCATAATGAGCTATCA,30
GCCTCAAAATTATTTA,30
GCCTTTCCACGGAATA,30
GCGCGGTAAGACCGCG,30
GCTAAGGACGATAAAC,30
GCTTGCTAAAAACGGG,30
GCTTGTGCAGGAAGCA,30
GGGCCGTCAACAGTGA,30
GTCACGTAATAAGCAT,30
GTCATATTCAAACATC,30
GTGAGAATTTTACTTT,30
GTGCATGATGGTTAGC,30
GTGTCAAATAACCGAA,30
GTTAACTTAATTCCTA,30
TAAAGCCACCTTGTCC,30
TAATTTCAAGACCTAA,30
TACACTTCAAAAGTTT,30
TACGAACTATTTGGCC,30
TACGAGTCATATCAAG,30
TACGTTAACTCCTAAC,30
TAGTTGATAAGAGAAA,30
TCAATACAGTAGATAA,30
TCACCATTGATGTACC,30
TCACTGAAACCGATGT,30
TCATCACTCTGGTTAA,30
TCATTGGAGACAAAGA,30
TCCGGCACCTAGGGGG,30
TCTAACAAGAGTGATA,30
TCTCCCATTAATACAA,30
TGAAGGTTTTTGGGGT,30
TGAATATGCCAGGAGT,30
TGAGAAACCAAAGGTT,30
TGCATGAGTTGGACGC,30
TGCATTCTCAGAAACG,30
TGCGATGAAAAGTTAC,30
TGTCCAGAGCCCTTTA,30
TTAACATCACATGGAT,30
TTAACCTGCGCCCTGA,30
TTACTATGGCAGTGTA,30
TTAGAATCAATGACCA,30
TTATCTGGAATGTAAA,30
TTATGCTGTAGCCAGT,30
TTATTAGACAATTCAG,30
TTGAGCTAATCGTACA,30
TTTAAAGCCTTAGCCG,30
TTTACATTGCTCAAAT,30
TTTAGAAAGTTATCGC,30
TTTAGCGGCCCAAGTA,30
AAAAATGAAAAGGTTA,29
AAAACGATAGAGCTCA,29
AAAACTAACGTATGTC,29
AAAAGAGACCCCATAC,29
AAACACCACAGAATAA,29
AAACCGAATAATAGAT,29
AAACTCAATAAACCAA,29
AAATGAGAGTCCGTTT,29
AACAACCTATATAGAA,29
AACCTAATTAGGCTAT,29
AACTGATCCAGTTGGG,29
AACTGTTATCAAGCTA,29
AAGACAATTGTAAATA,29
AATTAACCTAAGGGCG,29
ACAAACAACAAGAAAT,29
ACAAACTTCCAAACTT,29
ACACAAAGAGTGATTC,29
ACATTGGTTCGAGAAA,29
ACCCCTGTACTCGAAA,29
ACCTTCCTTCCTCAAT,29
ACGTCGAAGGAACTAG,29
ACTAGTCAAACCTGAA,29
ACTGCAATATGTACCC,29
ACTTAAGTAAAGGCAA,29
AGAAATCTAAAACCCA,29
AGATGATGTCCACTTT,29
AGATGCGAAGGCTGAA,29
AGCAAAACTTTGGGGT,29
AGCCCGTAAACTTTTG,29
AGGACGAGCTAATTCT,29
AGGTTGAATTTGCGCC,29
ATAAAAAAATTAAGCC,29
ATAACCCCTACAGAAA,29
ATAATAAACGATACCC,29
ATAGTTCACATTAACG,29
ATATAATCGGAAACCC,29
ATCAAACGTGAGGATA,29
ATCTTTATAGGCAGGC,29
ATGAGTAACAAACATA,29
ATGTATACATATTAGA,29
ATGTCGTGAGTGAACT,29
ATTCAAACCAAACCCT,29
ATTTTCATACATCTGA,29
CAAAGACGAAGTCGTC,29
CAACACAAACGCGAAC,29
CAAGACCCAACAACAG,29
CAAGGATATTGTAAAT,29
CACAAATTGTTGTACT,29
CACCACAAAAGGATTA,29
CACCTATACAAAGTGA,29
CACTTTAATCTTCCAG,29
CAGAGTTATATACATA,29
CAGCATAAACTAGCGG,29
CAGCATAACACTGATA,29
CATCAAACAACGCATG,29
CATGAACCTCCCTGAG,29
CCAAAAAAATCGCCCA,29
CCCCTCAGAAATCCTG,29
CCCTGTCTTTCTAGGT,29
CGCTAGTTAAACGAAC,29
CGGTCTTACCACGAAA,29
CTACCCTCACAGTAAT,29
CTACGCTAAACAAGCA,29
CTCACAGAAGACAATG,29
CTGCACGCATGACACT,29
CTGCCTCCACAAAAAC,29
CTTTAACGATGCATAA,29
GAAATTGTCTAAGGGT,29
GAACCTCGCATAAAAC,29
GACCGAGGTAAAGATC,29
GAGCAGGTGGTGACGT,29
GAGTTTCGTATGTGTC,29
GATACTACCTATACAT,29
GCAGCTAAGCTAAACC,29
GCGAAATATAAAGAGA,29
GCGATCCCATGAACAA,29
GGATGGGTGAAAACAA,29
GGATGTACGACTGTTT,29
GGTCACAAGAACCTGA,29
GGTGAATACCCGGTAG,29
GTCAGAAAAACAGGGT,29
TAAAATGCGGTTTTCA,29
TAAACTACTTCTTGTA,29
TAAATAATCCAACAGC,29
TAACATAAAACATGCA,29
TAACTTTTAGCCGCTA,29
TAAGTTCCAGACCCAA,29
TAATCCACAATTCCGC,29
TACAAGCTGGCCATAG,29
TACATAATGACAAAAT,29
TAGGACTCTGTATACA,29
TAGTCGATGACCGCCA,29
TATGAATCAAAAAATA,29
TATTGTCAGAAGGGGG,29
TCAAAGTACAGTCCCA,29
TCAATATAACCATATT,29
TCACCCGTACTTAACC,29
TCATTGTGGATATGTG,29
TCCAATACCAATCCCT,29
TCCACTAACTGTTAAG,29
TCCCATATATGGAGGT,29
TCCCCAACTGGGCGCA,29
TCCCCAGTTGATAAAA,29
TCGCAAACGGACCCCA,29
TCTACAACTCAAGGAA,29
TCTGATATCTTGTTCT,29
TGACATCAAGACATGG,29
TGATAAACCGTAAATT,29
TGATATACAGAAAATC,29
TGTCAACGGAAGGGAT,29
TTAAGACTCCATAAAC,29
TTACTAATGATTTTTT,29
TTAGTACGAATTCTGG,29
TTGGACCAACCATGGA,29
TTTAAATTAATAGCAT,29
TTTCCGAAAAAAGATC,29
AAAAAATGAATATGAA,28
AAAAATGGCATGAACA,28
AAACAGTAATGATCCG,28
AAACTGGACCGTTTCT,28
AAATAGGAGTTTTAAT,28
AAATCCAAAACCCCCA,28
AACTAGAACAGGTGCC,28
AAGGTTGAATGACGAG,28
AAGTAGCACAAAACGT,28
AATATACAAAATGGGG,28
ACACTAAAACTAGGAA,28
ACATTTGTCAAGGGGA,28
ACCAATATAATTCATT,28
ACCATATTAGGGACTT,28
ACGAACAACGGTTTAC,28
ACTCCCAACAAAACAA,28
ACTGAAACACTAATTA,28
AGACGTTCCCCCCCTG,28
AGCCACTGATGATCAA,28
AGCCATTCATGAACCT,28
AGCTCTATGAACCCTC,28
AGGCAAATCCTCGACA,28
AGGCAGCTAAATTATA,28
ATAAAATTGCATACTT,28
ATAATTTAAACCAAGG,28
ATTGGTACATAGTGAC,28
CAAAACACAAATCATC,28
CAAAATGCTCTTGTGA,28
CAAACAATCTTAAGCG,28
CAAAGAGTATTTACCC,28
CAACGTGACCAAATTA,28
CACCCGAATCGTATTT,28
CACGTAAACCCTAACC,28
CACGTCTTGAAACCGT,28
CAGTAAGTCCATAACT,28
CATACGGGATGGAAGT,28
CATATTACTCATGTGT,28
CATCGACTGAAAAGTA,28
CATTACAGAATAAGGA,28
CATTACTAATTGTATA,28
CCAACCGAGATTCAGC,28
CCCGCTAAAAAACATA,28
CCGTGTTCAAATTACG,28
CGTTACAATGACGAAA,28
CTAACTTAAGTGACGT,28
CTACGAACCCATGAAC,28
CTTCAACTCGACAGGA,28
GAAGTGTTAGACCTTA,28
GCATTAGCAAGGGTGA,28
GCCAATAGCGATTACC,28
GCCCATCCACACAAAA,28
GGCAGAATGCGAAGCC,28
GGCAGTCGACCCATCC,28
GTACCACACTTGGACA,28
GTATGCCTTAGAAACA,28
GTATTGTAAAGATGCG,28
GTCCGAACCTTCTCAT,28
GTTAATGAGAGCTAGC,28
GTTCAACGAGCATTTT,28
GTTGTGCCGTGAATTC,28
TAAACTAATTAACCAG,28
TAAAGCAGGCACATAG,28
TAAAGTCCCAACATTC,28
TAACAACTGTACTATC,28
TAATACAAATACAAAA,28
TAATAGCCTACCTCCA,28
TAATCAGTCTCAAACG,28
TAATGATGACAGGTCG,28
TAATGTAAATGCAATT,28
TAATTGTATAGATGCG,28
TACAAAGAGCGCCTAA,28
TACACCCCTTCTATAT,28
TAGGTACATGAATTGG,28
TAGGTCGATCTATAGT,28
TAGTCCTGAGATTGAA,28
TAGTTATTATTAACTG,28
TATCTAGCCATCCATC,28
TATGACCCAGATTCAA,28
TCAAACTAAATGGGTC,28
TCAGTTACAAACAGGG,28
TCATATCGATACAAAT,28
TCGATAGAGAAGATTT,28
TCGCCAGCATTACTGC,28
TCTAACATTTTGACCC,28
TCTGAAGAGCCCAAAA,28
TGACTACCAACCACTC,28
TGGCCGTGCAATTGCG,28
TGTAAAAGTAACAGAT,28
TGTAAGACAATTAGAA,28
TTATTATAGCGAAGCT,28
TTCAATATCCCGACAA,28
TTGCCCCAAAGTGACA,28
AAAACGAAAAGACATT,27
AAAATCCAATAATTCA,27
AAACCACCTAATCCAT,27
AAACCCCCTGTATCCT,27
AAACGATTTACTTCAA,27
AAACTTAAACATCGCT,27
AAAGATTGACTTTCGA,27
AAAGCTATGACTCATC,27
AAAGGTAGATACACAA,27
AAAGTCAAACAGAGAC,27
AAATTTTAACGTGATT,27
AACGACCCGTCTCGTT,27
AAGACGAAGAATCAGT,27
AAGTACGAACTAAACT,27
AATCATTTCATAAATT,27
ACACAAAAATCAAATG,27
ACACATTTGGAAGGAG,27
ACAGGTTGTACCCGAA,27
ACATTACTAGATTAAA,27
ACATTTTAGTACCAGT,27
ACGGTTTGCCGTAAGC,27
ACTCCTCCGTTTGCTA,27
AGGAACAGGATTAGTA,27
ATACACAATATACCCT,27
ATATAAAACTAAATAT,27
ATCCCGATAGCTCAGC,27
ATGCTTAGCACCGGTA,27
ATGGAGAGTACAATTA,27
CAAAACAAGAAAATAA,27
CAAACCCTTTACATGA,27
CAAAGACAAGTTACAC,27
CACTATAGAACACTTT,27
CATAAACAACTAAATG,27
CCACTATATCTTTAAT,27
CCATGATCTCAACAGC,27
CCATTAAAACCCTAAG,27
CCATTTGTAGATGTAT,27
CCGTATCAAATGCGAG,27
CCTTGCCTTGTCGAAC,27
CGAAATCTTACCGAGA,27
CGACATTTTAAAAAAC,27
CGCGCATTGAGCTCTA,27
CTACGATCTTAATCTT,27
CTCGCATCGAAAGTGG,27
CTGACTCAATTAGGCA,27
CTTACAAAGCGCAGAC,27
GAAATCTAAAAAGACG,27
GAATTCATCGGTAAAA,27
GACCAGTAACAGTACA,27
GAGGAAAAAAGGATAT,27
GAGTCAAAAAAAATAA,27
GCAATCTCCATACTAT,27
GCTACGCAGGGGAAAT,27
GCTTTTAGAGTCCTGG,27
GGATAACAACACACGG,27
GGCTTTATACAATAAT,27
GGGCACTACTGTAAAC,27
GGGGGATTATTTACAC,27
GGGTCCAAATGTACTC,27
GGTCGCTAAGAGTCAT,27
GTACCAGCAAACCAAT,27
GTGGATATCAACTAAT,27
GTTGACTTAACCAAAC,27
TAAAAGGTCAACCGCT,27
TAAAATACTCCGGCAC,27
TAATATCAACGACATT,27
TACAATACAAAGCCTA,27
TAGCCAATGCTGAAGA,27
TCCCGCAAAACTATTG,27
TCCTCGGAGAAGTAAA,27
TCGCACGAGTCTAAGC,27
TGAAGAAAGATCAAAA,27
TGATCACTAATTCACC,27
TGCCACAGTAACATAC,27
TGCCTCCGTGTCGTGC,27
TGGCGAACTCACTATG,27
TGTACCAAGTACATAA,27
TGTGAATGTTAATATA,27
TTATAAGTAATCCCTC,27
TTGACCGATTTCAAAA,27
TTTCGCGCAAGATGTT,27
AAAAGATATATTTGTA,26
AAAAGATTATCATTCC,26
AAACTATGGAATCTAA,26
AAAGCTCATGCAATAA,26
AAAGCTTTGGATCCGT,26
AACAAGTCACTACTGG,26
AACCGTATAAATAGTT,26
AACCGTTCCTTGTGAG,26
AAGACGCCCTGAGAGT,26
AAGCAAAATCGGCGGG,26
AATCTACATATGAATT,26
ACAAAAAATAAGGAAT,26
ACACTATAAAGTCCGA,26
ACAGGAGCAGAATATA,26
ATATACTACTAGAACT,26
ATATCATTCCCTAAAA,26
ATATTTCAACGGAGAC,26
ATCATATTACTCTATC,26
ATGCTATTCGATACGA,26
ATTCCCGAATTTTGCC,26
CAAACATGTATGCCTA,26
CAAGAATAGCTTATTA,26
CACAAATTAGGCAATA,26
CACAGTGATTCACCCA,26
CACGATTGAGCTCAAA,26
CAGCTCCGTGAACCTC,26
CAGTTGAAAGCGAAAA,26
CATAGGTAAACACCCG,26
CCAAAAGCCAGTCAAC,26
CCAACGAATGCTCTCT,26
CCAACTCTGACGAGAA,26
CCACCACAGAAACCTT,26
CCAGTCATCCATAAAC,26
CCCACGAATCAAGAAT,26
CCCGGTGTACAAACCA,26
CCCTCATAGATTAGCC,26
CCCTGTGACAAGAGTT,26
CCGAAACGGTTGCGGA,26
CCGACACCCATTTCAA,26
CCTCTAAGCATTTCGT,26
CGAAAACGTAAAGAGA,26
CGATTGGAATTCTTTA,26
CGCACAGTACTTAAAA,26
CGCTATAGGAAATCTT,26
CGGTCTAGAGGAATCG,26
CGTAATGGGAGTAAAC,26
CTAACGAATATAAACT,26
CTCACCCCAACCCAAT,26
CTCTAACTCTAAATTA,26
GAACCAGGGTAGATTA,26
GACACTAAGTGGAGCC,26
GACCGCACTCTATTAG,26
GATAGTTAGCGTTATA,26
GCACATAACAAACATA,26
GCATCGGTCAGAGGCG,26
GCGAACTGGACTTGCA,26
GCGAGTTGATTTAGAT,26
GGGCCCAAAAGTAATC,26
GGTCAGTACTCTACCT,26
GTAGATAGTTCCGGAC,26
GTATCCCTTAAGTATA,26
GTCAACCAGGCTCTCG,26
GTCTTAAATTTCTTTT,26
GTCTTCTTTTCAAACG,26
GTTCACTTCTATAAAA,26
TAAAACTTCCACAAAC,26
TAAGTCCATTACGTTT,26
TAATAATAAGTCAAAG,26
TACCAATCACAGAGAG,26
TACGTGTGCAGCATGA,26
TAGCAAAAAGGTTTCG,26
TAGCCAAATAAAGAAC,26
TATCCTTCCCCTTAAG,26
TATCTGTCAACCTAAG,26
TCAATAAAGAAAAAGA,26
TCAGCGGTGCGTATGA,26
TCGATTCGACAGCGCC,26
TGATTTATTGGGAATG,26
TGTACACACGTAAATA,26
TGTGTAAAATTCATAT,26
TTAAACCGAGGCTGGA,26
TTAACGAGTCAACCGC,26
TTAAGATATTATCTGA,26
TTCCCGACATGCAAAG,26
TTCTAATTGAAGCCAT,26
TTGCGAACGCGTCCTC,26
TTTAGCATTACGGGTC,26
TTTAGTGTTTTCAAAA,26
TTTGGATATAGCGATA,26
AAAAAACGGACACAAA,25
AAAAAGAAACCAGACC,25
AAAACAGATAACTGAA,25
AAAAGTTAATCTAGTC,25
AAAATAAAAAGACAAC,25
AAAATTTACCATATAT,25
AAACAGAACATACTAC,25
AAACCCTATATAAATA,25
AAACGCGCCCACCTCT,25
AAACTAAGTTAGGAGA,25
AAACTTATAAATATAA,25
AAAGTATACTCTACAT,25
AACAGAGTTCCCTAAG,25
AACCTCCTTCGAAGCA,25
AATAGCCCGTTGCAAG,25
AATGAAACATTCGCTT,25
AATGTAAAGTGTTATA,25
AATTTTTCTATATCTA,25
ACCGATGGTCCTAAAA,25
ACGATAACTGTATATG,25
ACGGAAACAAAACCAG,25
AGAAACGTGAACCACT,25
AGAAACTACTGTTAGC,25
AGAAGTATAAACACTG,25
AGCTGTCCAATGGAAT,25
AGTGAATGCAACGCTA,25
AGTTACGTCTCTAGAG,25
AGTTAGTATCGAGGGC,25
ATAAACCATTATCACT,25
ATAAAGCACAAAATGG,25
ATAACTATTCGTAAAG,25
ATACACCTACACTTCC,25
ATACTTCTATGTTTAA,25
ATAGCAAGAAAGTGAC,25
ATATAATTCTCTTTAT,25
ATCGTCATATAAAGAC,25
ATTTTATTAGTCAAAA,25
CAAAACAGGGAGTGAA,25
CATGATAGATGCAGCA,25
CATGTTAAAAAAGATA,25
CCAGGCGATCAAATCT,25
CCTCTTTATATCCCTC,25
CGAAACACCAACACAG,25
CGACGTCATAACGAAC,25
CGTTGATATCACAGTG,25
CTATAGCTCAAAGTTA,25
CTCGAGGAAAAATGCA,25
CTCTACCCATAAAGTC,25
CTGGGACGATACATAT,25
CTGGGATATAACACAA,25
CTTTCAAGTATGCATT,25
GAATGACAGGGACAAT,25
GAGATTCAACTTGGGT,25
GAGCGCGTCATTATCC,25
GAGTGACAGAGCAGGA,25
GATAATAGCTCGAACT,25
GCAAACCATTTAGAAC,25
GGAACCATATAGATGT,25
GGAGTTGAAGCAGTTT,25
GGCAACAGCCAACAAA,25
GTCTAATACCCCAACT,25
GTTTCCTTATTTAAAT,25
TAAAATCAAACACCAT,25
TAAACCAAGCAACCGT,25
TAAGAGCCATCACTTG,25
TAAGGAGAGCATGAAA,25
TAAGTTAAAGTTCCGA,25
TACCACAGATACAATA,25
TACTAGCAGGTCCCAA,25
TAGTCCTTGATGAAAA,25
TAGTTAACGAATTGGA,25
TATTGCAACTGAACAA,25
TCAAGACAAAAAATCA,25
TCACGACACAATGAAG,25
TCCAAAAATGGTAAAA,25
TCTAAATTCAACAGAC,25
TGCAAACACTTTAACA,25
TTAATCGCTTTAATAT,25
TTCCACGAAAATGGGT,25
TTCTATACTGCTTATG,25
TTCTGTAAACTTGGAC,25
TTTTTGACAAGACTGA,25
AAAACGACGTATAACA,24
AAAAGTCTAAATATGT,24
AAAAGTTCAAAAGGTT,24
AAACAGGCCGAAATCG,24
AAACCATATCCATAAG,24
AAACGTTCCCCGATCT,24
AAAGCAAACCATACGT,24
AACAAAAACAATTAAA,24
AACCGGTACCTACATA,24
AACTAAGCTCTATCCG,24
AACTGAAGTTACGCAT,24
AAGTTATATTAAATGT,24
AATAATTATATATATT,24
AATCCAGAGTGCTTGT,24
AATCTTGCAACATGAA,24
AATCTTTAAAGAGAAC,24
AATGTACCCTGGTCCT,24
AATGTATACTATAGAA,24
ACTATCGAACAGACTA,24
ACTTATAGCTACAAAC,24
AGATACCCGTCAAATC,24
AGGTGCAGATGGTATC,24
AGTGTCTCGTTAGAAG,24
ATAATGTGATCACAAC,24
ATACAATTCTTACAAA,24
ATATCTGCCATTTGAA,24
ATATTATCAACTCATC,24
ATCGCCGGCAGGTCGC,24
ATGAAAAAGATGAAAC,24
ATGGAAACCGGCTCAA,24
ATGTGGTCTTCGTGAT,24
ATTAACTGACAATAAT,24
ATTATATGAGAGCTGG,24
ATTGGATGATGTATCT,24
CAAACGTTCTTATCTT,24
CAAACTATAGAAGAAC,24
CAAAGAAATTGGAACA,24
CAAAGTTTACTTGCAA,24
CAAATTCATATGTAAC,24
CAATTGCGAAGAGTAA,24
CACAAACGAAAAACCC,24
CATAATGGTGTTACCC,24
CCAACTCAAATAGAAC,24
CCTAAAACCTTTCTCA,24
CCTGCCTGTTTATTAA,24
CGAGTATTTTGTACCT,24
CGATACATCATCACCA,24
CGGCCGACGCTAAAGT,24
CTCGTATTTGATAATC,24
CTGATTAGTGGACGAA,24
CTGGATATCAATACAC,24
GAAAGTGAAAACGATA,24
GAACAAGAAAACGACA,24
GAATCGACACAATTTC,24
GACAAAGATCTATACA,24
GACACGATTCGAGTAT,24
GACATTATATCAATCC,24
GAGTTAACCAAAGGAC,24
GATAAACCGGCCGCCA,24
GATGTTGGTTCGGTTC,24
GCACTCCAACTTACCG,24
GCATGACTACAACTTA,24
GCTACCTTATATAGAT,24
GGAATGGTTCAAAAAG,24
GTAGAAAACAAAGCTG,24
GTCGGGAAGATCCCTT,24
GTTGAAAGATATATTA,24
TAAACCTACCGCAAAT,24
TAAACGGGGACCAGAA,24
TAACATCCACTATCCC,24
TAATACCACGACGGCT,24
TAATTAATCCAAACTT,24
TACACCAGACCATAAA,24
TATACATACTGCCACT,24
TCACACGGATGTTGTC,24
TCATATGAACTCTATA,24
TCCGCGGCAGGCAAAT,24
TCTAGATGACAAATAC,24
TCTATAAAATTCGACG,24
TGCAAAACACGACAGG,24
TGCGTCGCTGGGATTC,24
TGGAACAATATATAAG,24
TGTCGTGCCTCTAAAT,24
TGTGAACAGTTAACAT,24
TTAAACTCTGAGTTAA,24
TTATCCAATCGACCAA,24
AAACAACCCAAACTAT,23
AAAGGTCTCGATGCTA,23
AAATGCTAATACAGCA,23
AACAGGATCAAATGGT,23
AACGGAAAGGCTTTTC,23
AACTCCGGAATAGCCT,23
AAGTGTCTCGATGCAC,23
AATAAAGGTACTCCGT,23
AATAATTCACCGCACT,23
AATAGTTACCTGTCCT,23
AATATTGACACCCTCT,23
AATGACAGTAAAACCG,23
AATTGCCATAAATAAC,23
ACACTAGATTTCTTCA,23
ACACTTATCGAGAGGA,23
ACATCACATAATGGAA,23
ACTCATCAACAGATAC,23
AGAGGGTCACCTAACC,23
AGAGTAATTAAATATT,23
AGCATATACAAAGTAA,23
AGCCTAATTTGCTGGA,23
AGTCATACTAACAGGC,23
AGTCCTACAGATGCAA,23
ATATATAAACTTCGAC,23
ATGAATAAACGACAAA,23
ATGAGACGATTCAAAG,23
ATGATCCAAGCTACAC,23
ATGCGCCCGAGCGCTA,23
ATTGGACCCAATCAAA,23
CAAAACAAAATCCAAG,23
CAAAATTACAGTATGA,23
CAAATAGAACGCGAAC,23
CAATCGAGAGATTACG,23
CGAACGAGATCAACTT,23
CGAGTCGATATACTAT,23
CGGAGACAAAAAGTAA,23
CGTACCCATTTTTCTG,23
CGTAGAAATTCATATT,23
CGTCCCTTTACTTTCA,23
CGTGACAAGGAGCGTA,23
CTACAACAATACAAAA,23
CTACGTGATTATAGAA,23
CTCAATCCTCAAACAA,23
CTTTTAACGCAGCTGA,23
CTTTTCCAACAGTGAC,23
GAAACCGGAAGTAATA,23
GAAGCCAGACAAAGTG,23
GACCAAATCCCCATCA,23
GACCAGGGTCCTGTAC,23
GACTGATACCCTAAAA,23
GATAGTTAAAAGGTAC,23
GCAAGTCCCTAATAAC,23
GCAGCACGTAAAAGAT,23
GCCGACCAATCACTCG,23
GCCGGCAGTTACAGCT,23
GCCTAACAACGGTAAC,23
GCGCGGGGTAACTGGA,23
GCTAAAATGCTAGCCC,23
GCTGTAACCGCCATTA,23
GCTTCTCTAGTGACGA,23
GGAGTCCACACGTCAA,23
GGCGTACGCATAACAA,23
GGGACGAGTATCTCAA,23
GGTATACGTAAATACG,23
GTAAGGATATTCAAAA,23
GTAAGGCGATATATTT,23
GTACCAACCTTCGATG,23
GTCTCCCCTGAACTAA,23
TAAAATATAGAAAGCT,23
TAAACACGACTGCCCC,23
TAAATTGGTGGGCCCA,23
TAAGAGCGTAAATGAA,23
TACGGTAATATCGGTC,23
TAGAGAGTATCAAGAA,23
TAGCCCACAGACAATG,23
TATACCGGAAAAATCT,23
TATATTTTGAACTCCA,23
TATGCTAACCTAAAAA,23
TCTCTCAACAGCAAAC,23
TGATATATCTAACCAT,23
TGATGTAGGACAAACC,23
TGCCAATTACCGCAAT,23
TGGCCCAATAATGCTT,23
TGTATAGTCAAGCATA,23
TGTATGAGGAACGTGA,23
TGTTCATCGCGCCCTA,23
TTAAAAACTCAAACAC,23
TTACCTTGTAAAAAAC,23
TTATACGTCAAAGATC,23
TTGTCAAGCCAAGTGG,23
TTGTGATCCTATCAAA,23
AAAACACTCGTCTAGG,22
AAAAGAACAATGAAGG,22
AAAAGCGAGTATCGTA,22
AAACACAGGCATGTAT,22
AAACCTTGTAATTGTG,22
AAACGATGACTTGATA,22
AAACGTGATAACCCAC,22
AAACTATACTTTTGTC,22
AAACTCTCGACACTTT,22
AAACTTTACATACTAA,22
AAAGTCTGGGGCAAAA,22
AAATCTCAATCCGACG,22
AACCCCAAATGGACCA,22
AACCTATCAAAATAGT,22
AACGTTCTTAAAACCG,22
AAGACAGAAGTTAATT,22
AAGATCCTTAATGATC,22
AAGCTGATAAACAGCA,22
AAGCTTAGTTAACCAT,22
AAGGACAAAACATATA,22
AATACAATCTACAAAG,22
AATACATTAGAACACC,22
ACATACAAAATAAGAG,22
ACCATATTCAATCGCT,22
ACCCAAAAAAATCCTA,22
ACTAGATTCCAACCAA,22
ACTGTTCCCATCTAAA,22
AGATAATAAGTGACAA,22
AGATAGACTTAATAAA,22
AGATGTCTCGATCTAG,22
AGCACTTATGCTACGA,22
AGCGCAAATTATAGCC,22
AGTATTTCAAATTCAT,22
ATAATCAACCCATAGC,22
ATACAATAAAGACGCA,22
ATCTCGTGGACACAGA,22
CAAAAGATGCAAACAA,22
CAAAGTTTACGGTACA,22
CAAATCTGCAAAAAAC,22
CAAGAATAATATCAGA,22
CAAGTCTAACGCAAAA,22
CACTCTACATAAATAC,22
CAGACGAAGATAACTA,22
CATAAGAGTTCCAAAC,22
CATAGTGGCAGAACGA,22
CATGCAAACACACCTC,22
CCAACTCTTGCCATTA,22
CCAGGTGACCCTTAAT,22
CCATAAGAATCTCTTA,22
CGAAGAGAGAACGTAC,22
CGTAAAAAATGTTACG,22
CTAAATAGTTTCACAA,22
CTCTCATACAAAAGTA,22
CTGGAATTTTTTATCA,22
CTGGAGCTAATACAGA,22
CTTAAAGAGAGGGAAG,22
CTTAGGTTACTCCATA,22
CTTCACATAGATTAAT,22
GAAAAAAAAGTAAATA,22
GAAAAACTAATTTAGC,22
GAAAAATTACTAAGGC,22
GAAAAGTCCGACACGT,22
GAAAAGTGATGGTGTA,22
GAAAATACCCAGGACA,22
GAACAACGTTTTATTA,22
GAACACGCGTGCAAAG,22
GAGCACCAACAGCAAA,22
GAGGTACCCGGACCAG,22
GAGTGTCCCCGTAAAT,22
GATATTTCAAAATACA,22
GCAGCAGATGAAAAAA,22
GCCCATGTCTTGCGTC,22
GCGCGTTAGTTTCACT,22
GCTTAAGCAAGTTACT,22
GCTTCGTCACATCAAT,22
GGGCATTCAGCTTCAA,22
GGTGGACAGATTACAA,22
GTAAACGCAATACTCA,22
GTAATAGGGTCGACCC,22
GTCGTTGAATAAGCTT,22
GTCGTTTAAGGTCTTA,22
GTGCCTAGTTTAAATA,22
GTTCTAACCAAATGCA,22
GTTTACGCATGGTTCA,22
TAATCACAACTCTTTG,22
TAATTAGCTTTTATTG,22
TAGCCCGTAGGCGCTT,22
TCATAAAAGTAAACGG,22
TCGCAAAAGTTACCAA,22
TCTACCTCATGTAATA,22
TGCCTCATACGCACCC,22
TGTCCCTATAAACCAA,22
TGTTGTGCATTAACGT,22
TTAGATCCAGACTTGC,22
TTAGTGGACAAAGTTC,22
TTCTACGCTCAATCGC,22
TTGTTATCTTTGAGTT,22
AAAAAAATGTCACTTT,21
AAAACAAGCAAAGTAC,21
AAACATATCGAATTGA,21
AAACTTATACCAACAC,21
AAATAAACCCAGGTAA,21
AAATCGTGCCGCATAC,21
AACAAGCTTTTATGAC,21
AACCAGAGACAACAAT,21
AACCATTCATAATTTC,21
AATAGTTGTATGGATA,21
AATGTTACCCACACAT,21
ACATAAACAAAACAAA,21
ACCGGAAACGCAATCT,21
ACTAAATAAACACTAT,21
ACTTAACGACCTCTTC,21
AGAGGAATAAGGATTC,21
AGGTTTTTACTTTCAG,21
AGTAAAAAAATAGTGT,21
AGTAGCTTAAGTTCTA,21
AGTCGTAAACACTTAA,21
ATAACATTGGGCAAAA,21
ATAGCTACCATCACCC,21
ATCAGGATCCATCGAC,21
ATGAGCGCAGAGAACT,21
ATGCACCGACCTATAC,21
ATGCCCGAGATTCTTA,21
ATGCTTATTAACCACA,21
ATGTAGTTATGTTATG,21
ATTCTAAACCTAATCG,21
CAAAATTATCTTACTA,21
CAAATAGAGATCGCTA,21
CAAGCTGATTAAAATG,21
CAGAAAAGACCTAGAT,21
CCTATGAAAATTCCTA,21
CCTGTAAGAACTGATA,21
CGCATTGAGTACGACA,21
CGCCGATTTGTCTCAT,21
CGGGAACGATAATTGA,21
CGGGGAGGAAGAAAGC,21
CTGCGGTACCTTAAAG,21
CTTCCCAACCACGCAG,21
CTTCTTCCAATTCTTA,21
GAAAATAGAGCAAAAC,21
GAAAATCAATAGAATC,21
GACAAAAAGCCTTCAT,21
GACCAGCCGGTGAAAA,21
GATGGTCATCAGAGAA,21
GCCCAAAGAGGGTAGA,21
GCGCAGAAATAAACAG,21
GCGCTGTCTAGGAATC,21
GGATCCAAGCTCGTTA,21
GGATGTCCAAAATGCC,21
GGCGTAAATCGAAACT,21
GTACAGGTTAAAGAAT,21
GTCAGAGTCCGACAAA,21
GTCCCCTGTTATAGTA,21
GTTCACACGCACCTAA,21
GTTGACATATACAAAA,21
TAAAATGCTTGTAAAG,21
TAAACTTACGGGGAAC,21
TAAAGTATTAAGCATA,21
TAACAAAACTAGCGTG,21
TAACCTATTACAGCTT,21
TACCAATTAAAACTTC,21
TACGAACCACTAGATA,21
TATAATCCCCATGCTC,21
TATTTAATCAAGTAAT,21
TCAAAACCTCCTCAGC,21
TCAGTGGTATGACCCT,21
TCATCACTTGTGAGCC,21
TCGTCAACTGAATAGA,21
TGAAAAAAACAAATAC,21
TGAAATAACCTGGGGG,21
TGAGAATAATACCAAC,21
TGCGTTAATCGGACTG,21
TTAAAAACCTCACAAG,21
TTAGAAGTTCTAACAG,21
TTATTTACACAGCAGT,21
TTCTCAGCATAAAACA,21
TTGTAATCCATAGGAA,21
TTGTCCAGATATATCC,21
TTTATATGGACCCCCG,21
AAAAAACCGTGATCCG,20
AAAATAGGTGAACAAG,20
AAACACTTGTGTGCAA,20
AAACCAGGAATTAAGG,20
AAACCGACGAAAGATA,20
AAACCTGATAAAAGTA,20
AAACGCATAGAAAATA,20
AAACTCATAACCTATA,20
AAACTCTGATCTGCAA,20
AAAGACCATAAAGGCT,20
AACAAGTGAATTTAGT,20
AACGGGAGTTTAGAAT,20
AACTAACTTTAGGAGT,20
AAGCTAGAAAACTATA,20
AATGTTCACAAAAATT,20
AATTAAGGGGAGGGCT,20
ACACGCTACCTCGTAG,20
ACAGAATCCTCTGAAT,20
ACATTGGTACAAATTC,20
ACCCCAATATAGACGA,20
ACCCTCCAAGACAGCT,20
AGAAAAACACTCTTCC,20
AGGACACAAACACATA,20
AGGGCCGGTTGGACAA,20
AGTAGCCCAGCTAAAA,20
AGTTTAGAGATGAGAT,20
ATAAGCTCTATATAAT,20
ATAGAACCGGGAGAAT,20
ATAGTCTAACCAATAA,20
ATGAAGACCAGAATAG,20
ATGAGAGATGAATACA,20
ATTCCAAAAGTAAACG,20
CAAGAGTGTAGCAAAA,20
CACAAAAGGTAAGAAA,20
CACATAAAAAAATAAA,20
CACTTGGAATGAGCGA,20
CCACAAACGGATAATA,20
CCACCCCTTGAATGAC,20
CCCGATGGTATAAGAA,20
CCTGATGAGCGTGGGA,20
CCTTTACTTTAGATAC,20
CGAAACACTATAATTA,20
CGAACTCATTGAGTAA,20
CTTACTGCGATATAAC,20
CTTCGAATTTATAAAA,20
CTTTAGAACCAAAAAA,20
GAAATTCCTAGCACCA,20
GAACTAAGTAGCTCTC,20
GAAGCTTAAGTCCGAG,20
GACCAAAGCGGTCTAG,20
GATACATTTGTTTAAC,20
GATAGCTAGACAGATA,20
GCACGGAGCCGCATAT,20
GCAGATTCTCAACGGT,20
GCCAAAGGGTATGCAC,20
GCGCGTACTATCAAAA,20
GCTCTTGTGTTACTCC,20
GCTGCAAAAATCATTC,20
GGCACATAAATTAGCA,20
GTAAACAAATGACTAC,20
GTACCCTAAGGTCTTT,20
TAAAAACTACTATTTT,20
TAAAACCCAAGAGACC,20
TAAACTAAATTTGCAC,20
TAAAGATGTGGGCTCG,20
TACAACTATTGTCAGG,20
TAGGCATGCAAACTTA,20
TAGGTCGGCTGAACCC,20
TATATAAACTGTGCGT,20
TCAAACCTACATTAAC,20
TCTTACGACCGTATCA,20
TGCCCCTAGGTCAAAC,20
TGGGGTCTAGTTCTTA,20
TGTTTGTAATGCAATA,20
TTACCGCCATTAGATG,20
TTCATTTCCGTCTGAA,20
TTGATTCACAGGAGGA,20
TTTTGTGGCTACGTAA,20
AAAACTGCTTAACCTT,19
AAACGGATCCGGACAG,19
AAACGGTTGACAGCAT,19
AAAGGATTCATAACCT,19
AACATATTTTTGGAGG,19
AACGGATAAAGAAAAT,19
AACGGCAAACGTATAG,19
AACGTAGAAGCATTGA,19
AAGTCAAAGCATTGGT,19
ACACAGTACTTTTAAC,19
ACATACAGTTAATGGC,19
ACATTCATAACCCCCA,19
ACCCATCACAGAGAAA,19
ACCCGACTCAAGCAAA,19
ACCCGCTTAGCTGGAG,19
ACGGCCCTATCTACCA,19
ACTAGCCAGAGTCATG,19
AGAATTAATTCAGCAC,19
AGACATTCGAAAATGG,19
ATAAAAACTAAAATAA,19
ATGAGCAAATACATTA,19
CAAACTTACTACTCAT,19
CAAATCAAATGAATCG,19
CAATTTAAAGAACCTC,19
CACAAAATTAAAACCA,19
CATCACAGAAGGTGAC,19
CGAAGTAATCGTAACT,19
CGAGTGCATAAAAATG,19
CGCTCAAATCATGGCA,19
CGGGTACGAATCCTGA,19
CGGGTCCGCGGAGTGA,19
CGGTTTTCACGAAATG,19
CTAAGAAATTAATCAC,19
CTATCACCACTATACC,19
CTATTACTTCATACGC,19
CTTGTACAAATTCGAA,19
GAAATAAACAAATTCG,19
GAATATCCGCACAACT,19
GAGATTATTCATGCAT,19
GATACTGTGCAAAATT,19
GATATACTTTTGATGG,19
GCGCCGAGAGACTCCC,19
GCGGGCTTTTCTAAAT,19
GGGCAATATAGAGATG,19
GGTAGCACATCAAACT,19
GTACATTAGCGCAAAA,19
GTATATAAAGTATCCC,19
GTGACCAACAGCTGTC,19
GTGCATAATAAACCAT,19
TAAAATGTATTTTAAG,19
TAAACTACACTAAAAT,19
TAAATAACACCCATAT,19
TACCATCCGAAATATA,19
TAGCTGAAACACATTC,19
TATCTGCGGTGGACTA,19
TATTATTGCCTAAAAG,19
TCGGCTTAAACAACGA,19
TGACCGATATAGATGA,19
TGATCGAGGGATTTTT,19
TGCGCATAAGAACAAA,19
TGTAAAAAAATTCAGT,19
TTAACAAGGATAACTA,19
TTACGAGAACAATTTC,19
TTAGTCAATCGAATAT,19
TTATAAACTCACCAAG,19
TTATTAGATAAAAATA,19
TTGACGCCGTACCGGC,19
AAAAAAAAAAAGTTAA,18
AAAAAGACCACATCAC,18
AAAAATAACTTTTATA,18
AAACTACTCAGTATAC,18
AAACTATTTCAACCTC,18
AAAGAAGTCAACTCAT,18
AAAGTCCATCGACTGG,18
AAATCAGAATAAAGGC,18
AAGAAATAATGCATTG,18
AAGAATGTACGCAAAT,18
AATATGTTTGATTTCG,18
AATCCTCAAGACAAAC,18
ACATCCCATACCCACC,18
ACATGAATATCAACAT,18
ACCGCTCCCCTTAAAA,18
ACTAGATATCCTGGGA,18
AGAACTAACCATAAAT,18
AGACCAAGATGGCGGA,18
AGATAGAGTTTTATTA,18
AGATGTGCTACGCTGG,18
AGCTTCGACACCATTG,18
AGGTTTGCAATAACAA,18
ATAAACATATCAGAAT,18
ATAATACCAACTAAAT,18
ATAATATATCTAGGAG,18
ATCAGATCAGGAAATA,18
ATGCTTAGACAGATTA,18
ATGTTCAGAGATGCCT,18
ATTCTGAATATAATAG,18
ATTTGGTAGAGGGACG,18
ATTTTACTCACATCGA,18
CAAACAAACACTAAGT,18
CAAACAATAAAATCGC,18
CAACCACGAGCTCCGG,18
CAGTCCTTTAAGAATT,18
CATCCTATCCCTGATA,18
CATCTCATAAACAAAC,18
CATTGAGAGCGTGGAC,18
CCTCTATAACAATCCT,18
CGAAGTAAGCCGCTCT,18
CGACGAATTTGTGCCG,18
CGTTCGTACTTTCTGC,18
CGTTGGCACAAACCCT,18
CTAACAATTTGAGATA,18
CTCTCGACTCTTAAGT,18
CTGCTACGACGATACC,18
CTGTTATTACGAATGG,18
CTTCGGACCTGTTAAA,18
CTTTAGTCCTATTAGG,18
GAAAGCCCACGATGGA,18
GAAATGTACTGTCAAG,18
GAACAGGATCTTCATA,18
GAACCCCCACAACCTA,18
GAATTTGTTCGACGAT,18
GACAAACACTCTAGTA,18
GACCCATAGTTGGATG,18
GATACATATCCCTTTT,18
GCAAAATTATCAACCT,18
GCCATCTCTCAAACTT,18
GCTAAAACATGTGCAA,18
GCTCGGTTAACGGACG,18
GCTGGGCAAAACATAC,18
GGATAAACATGTCACT,18
GGCATTGTCCCCACAG,18
GGGTAACCAGGTAAAC,18
GTAACCCGAACACATA,18
GTTAGTTCGAATCGAG,18
GTTTACTTCGGTCCCT,18
GTTTCTTACCATTAAA,18
TAAAAGTCTAAAGATT,18
TAAAGTCACACGGACA,18
TAAATGTACTCTATGA,18
TAAGTGGCGAAATACA,18
TAATCGAAAGTATACA,18
TACTTATTTCCTTCAA,18
TAGATTTATAACAAAA,18
TAGGCATATTACTGCT,18
TATTATCCTCCTCAAG,18
TATTGACGGACTGATG,18
TCATTTTCTAAATGAA,18
TCTAGAGCCTGGATAT,18
TCTAGTTTACCTAAGA,18
TGAAATTGATACCTAT,18
TGAACCTCCCGCGCTA,18
TGAGAGCAAATTACGA,18
TGAGCTAAAGTAGACA,18
TGTGAAGTTCGCCTAG,18
TGTTGCCCTGGAGGGC,18
TTAAAAAGCATACAAT,18
TTAATTAACATTTGAT,18
TTCAATCTTTGAATCG,18
TTCGGGTCCCGAAACA,18
TTCTAAAGACTAAACC,18
TTGAATCCAAAATTGA,18
TTGTTAAGATTAGTAT,18
TTTACGTCTTCACAAA,18
AAAATCTGGATTAACC,17
AAACACGTCAATAAAA,17
AAACCAGTATTCGGTG,17
AAACGTTTCCACATAA,17
AAATAGAGAATATAAC,17
AAATATTGCTAAACCC,17
AACAAGCATGGTCTGT,17
AACTCAGACCCTTCGT,17
AATAATACAGATAACG,17
AATCAACAAGTAAGAA,17
AATGCTGAATGAGAAT,17
ACCATGGTCAAATATT,17
ACCGTGCGGCTCTCTT,17
ACTATCTAACTACTTA,17
ACTTAATTGTGTTAAG,17
AGAGAACCAAAAATCA,17
AGAGTAAACACAATAC,17
AGCAAAGTTGTTCCAG,17
AGCGGCTATTAGTGAA,17
ATACACAAAATCAATG,17
ATAGATCAAACTTGTA,17
ATATGTTTACCGAGGG,17
ATCCAGGACAGTGATG,17
ATTCAAGCCTGAATTC,17
ATTGCATGTGAGTACT,17
ATTGCTTCATACCTCC,17
CAAACATACATAGCCA,17
CAAACGTGTTCATGTA,17
CAACCAGTATGCCTCA,17
CAATAACTTACAAATA,17
CACCCTTTATAGCTTT,17
CAGTCAACCTACACGC,17
CATATACAAAAAAATG,17
CCAAATATCCACTCCG,17
CCGGAAAAGCGAAACA,17
CGACTCTTTTCTATTA,17
CGCTCGGTGGAAGGAG,17
CGTCAATCTAACAAGT,17
CTAAATCATTGAAGCC,17
CTAACCTGGTTAGATT,17
CTCACCCGTTGTGTCC,17
CTCATTCCCACTTGAG,17
CTCTTAAGATGTGAAT,17
CTTACACGAAAAAAAA,17
GAAATGCAGTTGTATT,17
GAGCAAGTTTAATGAT,17
GATAAATGCTGCCGTT,17
GGCTCGAATCATAATA,17
GGGAGAGACCCAACCA,17
GGGTCCCGGACATAAA,17
GTACCACTGCTCGAGA,17
GTCAATTAACACATAA,17
GTGTACAAACTCTGGA,17
GTTAGTAAACCCTGAA,17
TAAATGAAAATAAACA,17
TAATAACTTAAAGCGT,17
TAATGGACAAATGATA,17
TACTGGACCGATACTA,17
TAGCATAAAACTGAAA,17
TATATAACGAGTAAAG,17
TATGACATTGGGCCTT,17
TCATTGACGTACCGTC,17
TCTTTAGCTCTCCGAG,17
TGAAATGACTGGGAGA,17
TGCAGATTTAGGTAAA,17
TTGATTGTCCCATGAG,17
TTGCAGTAACCACTAT,17
AAAATTAACATCAAGC,16
AAATAGAGTTACTGTA,16
AAATGTAAATTAGAGA,16
AACAACCGATACATAT,16
AACAACTAGTTCAGCG,16
AACACGATTGTTGGTT,16
AAGACACAATTCTTAG,16
AATAAAGGACATTAAA,16
ACAAACCTAAAAGACA,16
ACAATAGACGACAAAC,16
AGAAATACAAAATGCA,16
AGACAATGTGCCCTGT,16
AGACCTCGATTTGACA,16
AGAGCGTTTGTCCTTA,16
AGGTAGGCGCTCGAAA,16
AGTTATTGTCCCAAAT,16
ATATGCACCACAAATC,16
ATTAAGCTGCAATCAT,16
ATTTTGATTTCTAGTC,16
CACTCAGTTACTTCTG,16
CAGATGATAACAGACT,16
CATATCTAAACGTAAA,16
CCATTACGCTTCAGAC,16
CCCTAAATGACCTTAA,16
CCGACGCTAGGTTCAA,16
CGAAAATATAGTATAG,16
CTATGCCTAACGTAGT,16
CTCAAAGTACTTAAAT,16
CTCAGTTGACTCTTAA,16
CTTTTTAGGGCCACAT,16
GAAAACCTTACCGCTT,16
GGAAAGCAAGAGCCCT,16
GGAACCATTTGCAAAA,16
GGGGGCTTCTCACGCC,16
GTAGCAACGTAAAACT,16
GTCAAGATTGACGATA,16
GTTCTCTTAAAAAAGC,16
TAAGCGCACTATAAAA,16
TACAAGAATGGTAAGA,16
TACACATGTTCAGAGA,16
TAGAACAAGCGTAAAC,16
TAGACCTTAACAAAAC,16
TAGGATGTACCTTACT,16
TATTAACAGTCACTCA,16
TATTACATCTTCTTCA,16
TCCAAACCATCAACGG,16
TCCTGCGACTTGACGA,16
TGATTCAAAGATAAAC,16
TGCAAAAACTAACCTA,16
TGCAGCCCTGAAGAGG,16
TGTCACCCTTTACTGT,16
TGTCCGTATACCAACG,16
TGTGCACATCATAAAA,16
TTAATATCGATAAAAC,16
TTGCTTTACTCAGATA,16
AAAAAAACGGAGACCA,15
AAAACTTGACACTTAG,15
AAACAACATAAGAAGG,15
AAACCTCTACAGATGT,15
AAACTAACAATAATGA,15
AAACTACAGATCTGAA,15
AAAGTGATAGATGTCA,15
AAGATTCCCGTACATG,15
AATACTAGCACGTGTT,15
AATGATCGCTAACGCG,15
ACAGAATATACTGTAG,15
ACAGACCATAAAAAAA,15
ACCAAATTACACGAAC,15
ACGCATGTCACTCCTA,15
ACTGTGACAAGATATG,15
AGCGAGGTACACAAAT,15
AGCTCTATACAAAGGT,15
AGGCATGAACTGATCG,15
AGGTGCCTATAAAAGG,15
AGTGACTATCCACACT,15
ATAACAAACAAAAGAT,15
ATACTAGAAAGACGAA,15
ATAGCACGGAGACGAG,15
ATATATCCCCATAACA,15
ATCACCAAGAAGCAAG,15
ATCTTACTCCAGGACA,15
ATGCAATGTGTGCCTT,15
ATGGTAAAAGATTTCT,15
ATGTCAACCACAGACC,15
ATTGTAACTGACTTTA,15
ATTTGAATAGTTAACT,15
CAAACCAGTTAATTAT,15
CAAACCCAAGAGATAT,15
CACCAAAAGATATTCA,15
CAGCAAACGGCAGGAA,15
CCAATACCGAATCTTT,15
CCTTTGTCGAATACAC,15
CGCACCTTCATGTAAA,15
CTAAACCAACCAGCCC,15
CTGGCGAATCTAAGCA,15
GACAAACAGTGTGGGG,15
GAGTAACGCCATGCAG,15
GCACAGTAGTTTCAGA,15
GCTAGTCATCTTCCTG,15
GCTTTATACTGGCTCC,15
GGCATCCAACGACGAC,15
GTAAGACAAACGCCAG,15
GTACCCCCAACCACAC,15
GTATTTAAATTGACGA,15
GTCGCTGACCATAAAT,15
GTTAGCCGAACAACCT,15
TAAAAAAGCGCCAGCC,15
TAAAACGCAAAACAAT,15
TAAAATGGCGCAACAG,15
TAAACATATATAATCA,15
TAAATCAGATACGTCG,15
TAATATAAATTTTCAG,15
TACATACCAATTACCT,15
TACCCATGGCGAGATG,15
TAGGACTAACCAAATC,15
TATTCCCAGCTCTGAT,15
TCACTTTCTACCAGCG,15
TCGAATATGAATACTA,15
TCGGAAGATGCAAACC,15
TGAAATAAGTAAACAT,15
TGAAGAGCGAATGTGA,15
TGATAAAAATACAAAA,15
TGCCTAAGACGCAAAT,15
TGTGGATGTAAAAGAA,15
TTGTAAAAATTGTTTA,15
TTTGTGTAGTGTAAAA,15
AAAAACAAAAAGTAAA,14
AAAAATCTGCTGCGAA,14
AAACATCTTACAATTC,14
AAACCCGGTGGCTTAG,14
AAACCGTATATGAATT,14
AAACTGCTACGATATG,14
AAATAAGATAAATTCA,14
AAATCTTTGACAACAG,14
AAATTTCCGCTAGTTC,14
AACATATCCAAATGAA,14
AACCAGCTCCATGCAG,14
AACCGTGATTAACCAG,14
AACTAGATTTGTAGTA,14
AACTATGTTGAATCAT,14
AATAATCAAAAGATTG,14
AATATAGTTGAGTGCG,14
ACAGTTAAGAATCACC,14
ACCAAAGAATACTCTG,14
ACCAATATATCGCACA,14
ACTACCCAATGCGTAC,14
ACTTCGTAAACCAATA,14
AGACCATCAGAAGACG,14
AGATCTGCATCTAAAG,14
AGCATAAGGCAACCTA,14
AGGCGAGATCACAAAT,14
AGTCACCAAGAAAAGC,14
AGTGAGTAAATTATAA,14
ATAAACAATAATAAGA,14
ATACATTTTGCAAAGG,14
ATATATCATGTCCGCT,14
ATTCAGCAATACAAAC,14
CAACAAGAGGCAGATG,14
CAAGCGGGAATCGAAT,14
CAAGCTTCACCTGTAA,14
CAGTCGTAAACAACTA,14
CCAAACTAAGAGTGCT,14
CCAGCGATATCGTGCG,14
CCCTAGATTTAAAGTT,14
CCCTCAAGATACCTAG,14
CCTGAGTAACCACGCA,14
CGAAAATACAGGACTA,14
CGAAACCTGCAAATCT,14
CGAGAACCCGTTCACA,14
CGCATTATAAAAATCT,14
CGTAAACAGACATTGT,14
CGTCTTCACGTTGAGC,14
GAACGCTAGTCGTAAG,14
GAATGGGACAGATTGT,14
GGAAAACACCCGCCGC,14
GGGAAACAAACTAATA,14
GTAATAGACGACAGGA,14
GTACTTAGATATAAAA,14
GTTAAAAAAAAGCGAC,14
GTTAAGAAGATAAAAC,14
GTTGCCACGCATGGCA,14
TAAACAAAGCACGACG,14
TAAACTAAACTTCAGC,14
TAAAGAACATAAGCCA,14
TAACACCCCATATAGC,14
TAATGTATAAGGAGAT,14
TAGAGAGAAAGAGGAG,14
TAGGGACACGAGTACA,14
TATAACTAATAAAATG,14
TATATTAAAATATAAA,14
TATGAACCCTGGCTAT,14
TATTGAATAGTATCCC,14
TCACCAAACATAAGTT,14
TCCAAAAATAACCTCG,14
TCCCAATGACAGAACA,14
TGGATACACATTTGAA,14
TTAAATAACAACCAAC,14
TTCGGGATGACCAAGC,14
TTGTATGTTTGAAAAA,14
TTTTGAACAAAGGTGG,14
AAAAAAAAAGATGGGA,13
AAACACTAACTGTGCA,13
AAACCCTTTTAAATGT,13
AAACGGTTGCGCCTGT,13
AAACGTGAGGACCAAG,13
AAACTAGTCACCCCCG,13
AAATTAAAAAAAAATA,13
AACGCTCCTCTTTGAA,13
AAGCAAACGCAGAACA,13
AATAACTAAATTATGA,13
AATCAAGTCAGTTAGA,13
AATGATTGTACCTAAT,13
ACGGCTAATAGATAGA,13
ACGTCAAGTCTTAAGG,13
ACTAGAGAATAGTAAA,13
ACTCTACCAGTGTAAC,13
ACTTACGTAAGACAGG,13
ACTTTCTTCAATTTTT,13
AGAATGTAAAAAGTAT,13
AGAGCGTGGCTACGAG,13
AGCCCAAATTATAGAC,13
AGCCCACCTACCCACG,13
AGCTAGCACTACGAAA,13
ATGTCCTTATACCTCA,13
ATTATCCTCAGATGAA,13
ATTGCATCTATTCATT,13
ATTTTTACTGATAATT,13
CAATAAGAAACCATAT,13
CACAACATACAAAAAC,13
CAGTTAAGCAGATATA,13
CCCGCAATTATATCCG,13
CCCTTAATTGCAGCGG,13
CCTAAGCGAACTCCAA,13
CCTGACATGTGAACAG,13
CGCCCGGCGATCTAGA,13
CGGAAGTAAACACATA,13
CTAACTAATAGGTCTA,13
CTACCCTAAAGCCGAA,13
CTACCGACACATATCA,13
GACTTTCTAATCCTGG,13
GATAACATAAATAAAC,13
GCAAAGAATCCTGAGT,13
GCCAAACACTGTGCAA,13
GGCAATTTTTACAGCT,13
GTACCAATGATGCCAT,13
GTACTGCAAATCAAAG,13
GTATAAATGAGGAAAG,13
TAAACTATGCACATGC,13
TATTATATACAAAACT,13
TCATGCAATACTACCC,13
TCCTTGGTACAACACA,13
TGACTATGACTATTTC,13
TGATAGTAAACAATGC,13
TGTTAAAATATTCATT,13
TTAAAATAGCGAATCA,13
TTAGATATAAATACGT,13
TTGATATGCAAACGAG,13
TTTAAATTCTCCTTAA,13
TTTAATCTATACAGAC,13
TTTCTAGCGAAACAAC,13
TTTTACACGTAAACTA,13
TTTTCGACGCAAAATA,13
AAAAAAACTTGGATCC,12
AAAAACCGAGACATGG,12
AAAACAATTAAAGGAC,12
AAAATATCTTACATTT,12
AAACGACTCTCCAATG,12
AACCACTTAGTAAAAT,12
AACTAAAACGAGTTCA,12
AAGGTGGTACAAACAA,12
AATACCTTGTGGGGAG,12
AATATGCTGAATTAGC,12
AATCCACTCCTCATAG,12
AATGGACCTTAAAAAC,12
AATTAACCACCCGACA,12
ACTTATACCTTCTGGC,12
ACTTTGAACATAATAC,12
AGACTAACCGCATACG,12
AGTGTCGCATACTTTC,12
ATAAACGTACGCAAAA,12
ATAGGTTTCACAAACA,12
ATCGGATCATTTTCAA,12
ATGAAATATCAAATAC,12
ATGAGCGTTAGAATGC,12
ATGGAAACCGCGAGGC,12
CAAAAAACAATTTTTA,12
CATATTATAGCTTCAT,12
CATCATTCAGTAAAAC,12
CATGGATATCGACTCC,12
CATTGTAACTCAAGCT,12
CCAACATATACATTAT,12
CCATATAAACAAAGAC,12
CCCTAAAGATTTTACT,12
CCGTGTATAATTAGCT,12
CGAAAACTACGTCAGT,12
CGAATATATCGTGATC,12
CTACTTTTCAAACCAA,12
CTAGATAGAACGCGCA,12
GAAAATATAATTTTCT,12
GAAACAAAGAAATATT,12
GAAACCGGCAGCCTAG,12
GATCAATTTGTCTTCT,12
GCAAAATTGAACAATT,12
GCATCAACCCAGACGT,12
GCGAAATCGAAACCCG,12
GCGCATGCTCAATACC,12
GGAGCTCGAAAATTAC,12
GGTCGAGATGTCGGAT,12
GTCACATGACTCAAAA,12
GTTAATCACCAGTTGT,12
GTTCACCAGAACACGA,12
TAAAAACGACCTAAAG,12
TAAAATCGCCACGTAA,12
TAACGCCTTGTTCCAC,12
TAATAACAAACGAGCA,12
TACAAATTGAGTGAAG,12
TACATAACCCATTGTA,12
TACCTCACAGACTCCT,12
TCACGATAAGATGATA,12
TCATGGATCAGAAAAA,12
TCTGGGTTACAATATC,12
TGCCGGAGATAAAATC,12
TTACCAATAAGCCCAG,12
TTAGCGACTCTTGAAA,12
TTCTTATTAATGATAC,12
TTGTTAATAACAGTCC,12
AAAACTGTACCTTATC,11
AAAAGCACGTGCATCC,11
AAACAATATAATAACC,11
AAACACGGTATAGGGG,11
AAACATATTTGTTGCA,11
AAACGAGCTCTCACTC,11
AACAAAACCCCCGATA,11
AACACTAAACAGTACG,11
AATATCGATCGATAAC,11
AATATTCATTACAGAC,11
ACAACACAAACAACTA,11
ACACGAAACATAGCAA,11
AGAACTGCATCGAACA,11
AGCATAGAGATAAAAG,11
AGGACATCTCAAACAC,11
AGGCGTCATAATTAAT,11
AGGTACATGGTTTAGT,11
ATAACAAACAAAATGA,11
ATACAAAAACGCATAT,11
ATGCAACATAAGAAAT,11
ATTCATAGGAAAAAAA,11
ATTGTTGATGGCATAG,11
CAAAATCGGCTATGCA,11
CACTCATGATTCCACA,11
CAGCTACGTAATATTA,11
CATGGTCTTGGATACT,11
CCAACTCAGTTTTGGT,11
CCATAAACTCATAAAA,11
CCCAAGTATCGGAGTA,11
CCTCATTAAGGTACTG,11
CGTTCCAATTCATCCA,11
CTAATAAATTGAAAGG,11
CTACAGGGTGCCACCC,11
GAAATTACCCCTCCTC,11
GAAGTGTAATATGCTA,11
GATTGTTAAGAATCAT,11
GCCACATTGTACCATC,11
GCCTAGTGCAGAATTT,11
GCGGGGATAAAGAACC,11
GCGGTACATCCGAGGC,11
GGATCCTTACCCATAA,11
GTATTTAAAGTGGTTT,11
GTCAAACGCACACTCG,11
GTTCTAAAAGGTCCCG,11
TAAACCAGTCTCAAAC,11
TACACCTATAATGGCA,11
TAGATAGGCAGATACC,11
TATACCATGGTCAGTT,11
TCCGCATCTCTACATC,11
TCTACAATACGCCCTT,11
TGAAAATACAAAATAA,11
TGAAATCCTACTTAGA,11
TGCAGCACACACCCTC,11
TGCCCTTGGGTGAGAC,11
TGCTCAATACCATCCA,11
TGTGCCTAGGCCATAC,11
TTAAGCCGCAGATTAC,11
TTAAGCTAGTGTAAAG,11
TTTTGGCGAGCTCTAA,11
AAAATAGCTAACAAAG,10
AAACTCTAGTTATACT,10
AAAGGCCAAACTATTG,10
AAAGTCTCACCAAATT,10
AAATGATAACGCAATG,10
AAATTAACAGTCGCAT,10
AAGAAAGTAAAATAAC,10
AAGAAGATACCGCATT,10
AAGTACAAAACAAAAC,10
AATAGCGTTACAGATG,10
ACAATAACGAGAACAG,10
ACCAACACTGAGTAAG,10
ACCTCAATCTAGACAT,10
ACCTGGAACGATAAGA,10
ACCTTAATTAATAGAC,10
ACGAATCGGTAAACTA,10
ACGTAGAACCTAACAA,10
ACTGTACCTATATCTA,10
AGAACTGGATGGTGTA,10
AGAATTACGAAAAAAA,10
AGGGATCTATCATTAC,10
AGGTCCGTCAATTTGC,10
AGTAATGGAAGAACGA,10
ATAAGACTGTATTCTC,10
ATAATCATTTGAACAT,10
ATACTCGTAACTCATA,10
ATATCGGAACCAAAAA,10
ATCATGTGGGACCACG,10
ATGTCAGTATTTAAAG,10
ATTACAAGCACATATG,10
ATTTCAACACACCTAC,10
CAATATCAATTTCTCA,10
CAGATAGGGGACAATT,10
CCACTACATAAACAGC,10
CCCAAACTAGACAAAC,10
CCTATAAGCAACTAGT,10
CGATTTGTACCGATTC,10
CGTCAGTACTGCTCGA,10
CTAAGTAGATGGGTAA,10
CTTTACCCAGGGTGCG,10
GAAATAGGAGAGAAAG,10
GAGAAACTAGTAAACG,10
GAGAAACTTAAGATGC,10
GATAGAGATGGAATAA,10
GATTCAGAGGGACTGC,10
GCAAACTCCTCAACTA,10
GCAATCTTTAACAATT,10
GCTAATCCCCCAATTA,10
GGCAATGCCACCACTA,10
GTAAAATCAGGGTACT,10
GTAGCCATTAACAAAC,10
GTAGGTCAAAACTAAC,10
GTCGATCAATCCAACA,10
GTTCGCATAGTAGCAA,10
TAAACGAATTAATCGG,10
TAAAGCAAAATATAAA,10
TAACCCTGTATTAGCT,10
TAACTAATTCAGGTTA,10
TAAGACCATCTATACT,10
TACCAGTGACATGAAA,10
TCGGTAGTAGTAAACT,10
TGAACCTTACACGGGA,10
TGATCAGTATATGGAA,10
TGGAGAAATAACCTAG,10
TGTACATTTTAGTGAA,10
TTAACCTGTTGGGCTC,10
TTCCTACAGATCTAAG,10
TTGGACAGAATTCAAA,10
TTTTCTCGGGAGAAGA,10
AAAAAAGTTCTGCGAC,9
AAAAGCCCAAATTCAG,9
AAAAGGATAGCGTAAA,9
AAACAAAGAAGGAATG,9
AAACTTCCCCGGGCAG,9
AAATAACGGTATTAAG,9
AACAATCAGGGGATTA,9
AACCTATACGCTGTTA,9
AACTACACTAATACTA,9
AACTTGGCACCGTTCA,9
AAGCAACGAAAAAGAA,9
AAGGCAAATTTATAAA,9
AATACTACTTTGCACG,9
AATATATAAAAAGAAG,9
AATCATTATACAAAAA,9
AATGTGTGATTAGATC,9
AGATCGCTCTGTACCT,9
AGCGTACCGAACCATA,9
ATAGGCACCAGATTAC,9
ATATTCCGTAAACAAT,9
ATCTATACAACACGCA,9
ATGTCAATTCCTAAGC,9
ATTGATGATTGGTCAA,9
ATTTATTCAATTACGA,9
CAAAATACATATTGGA,9
CAAACCAAGAAAACGC,9
CAAAGTAGAAGGGCGC,9
CAAGATACAACCAATT,9
CACGGAAAAGAAAATA,9
CACGGAGTCACGGTTA,9
CAGAAGTAAGTACCCC,9
CAGAGTCGATAGAGAC,9
CAGTAAGACGTTCTCT,9
CAGTACATAATCAAAC,9
CCAAAGCGACACGCGT,9
CCAAATGAAACTACTA,9
CCAAGTATCTGGGTTA,9
CCACAATGTTGGGAGA,9
CCCAAGCAACCAAAAC,9
CCCATCCGAGACGCGC,9
CCCTATGAATTATCTT,9
CCCTGTACATATCCTG,9
CCTGACGGAGAGAGCC,9
CGGATCCCCAAGTTGA,9
CGTAAGCATAATAATT,9
CTGAAGTTCTAAGTTA,9
CTTACCTTATCTAATG,9
GAAAGGGTAAAAACTA,9
GAAGTCCCCGAACGTA,9
GAGCTGCGGCCCGGAA,9
GATAGAGAGGATATGA,9
GCAGATAACCATATCA,9
GTAGCAATGTGGACTC,9
GTGCCCAAGGTGTAAA,9
TAAAAGAGTGAAGAGA,9
TAAAATGACAAGACCA,9
TAAACACAAAACGCTC,9
TAAGAACTCCCCTAGT,9
TAAGATAAAACCCGCC,9
TAAGTCCTAGCCGGCT,9
TACACATAAACTATGC,9
TACGTCATAAAAACCC,9
TAGTGCTGTGGAATCA,9
TATTCAAATAAAGTAG,9
TATTGATAATTATACC,9
TCGACTGAACGATGTC,9
TCTACTGAATAAATAC,9
TCTCACACGACAAGCT,9
TCTTATCCCGTATTAA,9
TGACATAGAACCAAAC,9
TGCACCAAGACAATAT,9
TGCTAGCACATTACAC,9
TGCTGTAATCAAAATC,9
TGTAGGGAAAGTGATA,9
TGTGAGATTTCTGAAA,9
TTAACAATGTAGTGCC,9
TTAGACCCATGAATAC,9
TTATAGTAGGGGAGTT,9
TTTACACGTAATAAAA,9
AAAAACAACATACCAT,8
AAACAAACTGAAATGG,8
AAACAGGGGTTAGAGC,8
AAACCAAAGAATTGAT,8
AAACCAGACCCAGTAA,8
AAACTGAAGTACCGAT,8
AAATAAATTAGGTAAC,8
AACATATATTCAAAGT,8
AATTTTTTCAACCACT,8
ACAAAGCAAAAATCCA,8
ACACCTTTAACACACA,8
ACCATAACATAATAAT,8
ACGCACAGCACCTGCC,8
AGAGAGACGTTAAAAC,8
AGAGGAGAGCCATTAC,8
AGCAGATATTGTCCAG,8
AGGCTACAATTATCTG,8
AGGTCAAAATAAAACG,8
AGGTGACAATTGTGTT,8
AGTAAAATTGAAGCAT,8
AGTAACGTACGATGGA,8
AGTCCAATAGTCTACG,8
ATAAGCTAGAGTCAAT,8
ATAATAATGATAAAGA,8
ATAATGATGTCAGGGA,8
ATGGCATATCCCTAGA,8
ATTCACCAAGACCCGA,8
CAAACATCAAATAGGA,8
CAAACCCTGTGTACCT,8
CAGATATCATGCTAAG,8
CATTACAAACTGTCCA,8
CCGGAATGTAAGATTA,8
CGTCCAAGCACTAAAG,8
CGTGGGTAGTGATTAA,8
CTACGAAGGAGCGACC,8
CTCTCTGCCAATAGCA,8
GAAAGGCGATTCTCTC,8
GAACACGGTGAAGAGC,8
GAAGCCATTACTTACG,8
GAATAAGCATCCGATG,8
GACGAATAAGTCGACT,8
GACGATAGAGTTCCAA,8
GAGACCGGTCATATTT,8
GCCAACAAACTAGTAC,8
GCCGCTGCACCGAACA,8
GCTTAAACGATTGAAT,8
GCTTGATATCTCCAAT,8
GGGGCAAAATAGCTAA,8
GGTCGATGACTAATGT,8
GGTGTCCGCCTGCCCC,8
GTCTGTACAATCATGC,8
GTGCCACTGCACTCAG,8
TAAACATTAAGTTGTA,8
TAAACGAATTAGGGGC,8
TAAACGGGCTAAACAA,8
TAAAGATAAGGAATTC,8
TAAGTTACCGTACTAA,8
TAATTAGCTCAATGTT,8
TACAACTATAATTATA,8
TAGAGTGCGCACAGTT,8
TATAACTAGTTTAATT,8
TATTAAAATCAGCCCG,8
TCATATACATGCCCAA,8
TCATATTACCTTACCA,8
TCCCCTTCGATACCCA,8
TGAAGTACCAAAAGCG,8
TGGAATTAATCCACTG,8
TGGTTTCTAATTCGAC,8
TGTCAGAGTTTAACCC,8
TTAAATCACTCAAAGA,8
TTACAATCCAAAGACA,8
TTCCTAGCACAGAACG,8
TTGACTCCAACTGGCA,8
TTTTCGCATTCAAATT,8
AAAACAGATGCTGAGC,7
AAACCAATTGAACAGT,7
AAACCAGATTATCATA,7
AAACCGCATGACGAAG,7
AAATAAAACTACGAAC,7
AAATAGGCTCAAATAC,7
AAATATTCATACTCTC,7
AACAAACTACTTTTAA,7
AACCTATAATACAAAT,7
AACGTACGCAAACCAA,7
AATGCAACGTAAATGT,7
AATGTAACCAATACCG,7
ACCACTGTTATGGAAA,7
ACCTTATAGACCTCAC,7
ACTATAACTCTAGTGC,7
AGAAGGATTAAATATG,7
AGAGGATACACAAACC,7
AGCACTATAAAGGCCC,7
AGCTCAAGGTTTTAAC,7
AGGAAATCACGAGATC,7
AGGAATGTCAAAACGA,7
ATAACAAACAAACGAG,7
ATACACTGCAAAGTAA,7
ATCACATACCGTCAAC,7
ATCGTACGCGGTGCAC,7
ATGTCCCCGCGGTTCA,7
ATTTTCGGTATCACAT,7
CAAACCAATAAGGCTC,7
CAAAGACCGCATTACA,7
CACAAAAGTCAACATC,7
CACTTCCATTAGAACA,7
CAGAATATGACAAGAT,7
CATACTCTTATCAAGT,7
CATATGGCCACAACAG,7
CCACGGCTCCCCCATA,7
CCGATAATACGGTCTA,7
CCTATTAAAAGGACTG,7
CCTCTAGACATAAATT,7
CCTTGACACTTTTATG,7
CTAAAGACGTCAAAAA,7
CTAAAGTTGACACTAA,7
CTAACTCTTTAGAGGC,7
CTGGCTGGCTGTTCCT,7
GAAAGCCCGGTTAATT,7
GACACTATCTATAATT,7
GACATAAGAAAACATT,7
GACCAAAATAACATGA,7
GATATAAGGCAAGCAT,7
GATGCACCAGTTCATT,7
GATGGGGACAGTACCC,7
GATTAGCGGCATAGGA,7
GCCGACTTACACGGAC,7
GCTAATCACTTTTAAT,7
GGAATATCACAAACAA,7
GGATCTTTTCGAAAAT,7
GGTCTTAAGCAGGCAC,7
GTACAAAATTTACTGT,7
GTAGCCAAAACTAAGC,7
GTATAAGTTATCTTAC,7
GTCCAGTACTAGATGA,7
GTCCTTAATGCAACTG,7
GTGAATAACAAGCACG,7
GTTTATTGTACCAGGA,7
TAAACTGTACTTGCGC,7
TAAATAAATTCTACAA,7
TAAGAGAGGTGGATTG,7
TAATATCGTGGAATTA,7
TACCCTAAATACTTCG,7
TAGTCATACTTATGCC,7
TATAAAACCATAAACT,7
TATAAAGCGAACTAAT,7
TATCAGTTAACACTAG,7
TATTCCGTAGTTCCCA,7
TCACCTACCTGTATTA,7
TGGGTCCACAAACGTG,7
TGTTTGCTTATGCTTA,7
TTAACGAACAGCTACA,7
TTAGATGGCTCTAATT,7
TTCATGAATAGTATAT,7
TTCCTATAACAGCTTA,7
TTGCTTCATTTTTACA,7
TTGGTGTTCAATATAA,7
AAAACTAGCCGATACC,6
AAACACAAGATCTTTT,6
AAACATTAGAATATTG,6
AAACCACCCATGCGAA,6
AAACGATGAAAGTGGA,6
AAACTATTTATTTAAG,6
AAATTTTAAAAGTACT,6
AACGATCCTAGGTAAA,6
AAGAGAATTATATATA,6
AAGTTACGCTTTTAAT,6
AATACACTAGTCCAGT,6
AATCCGGGAAAGTTAA,6
AATGAGACTCCTCTAG,6
AATTAAACAATGGTCG,6
AATTGAATATGGTAAG,6
AATTTTTATGAACTGA,6
ACACGAGATTCATCTT,6
ACATTACGATGATACT,6
ACCGAAAAACACTTGA,6
ACCGATCACAACATAA,6
ACTCCAGAATTTCCCC,6
ACTGCTCCTAAGATAG,6
ACTGGAACATATTATT,6
ACTTAATATTACCTAC,6
AGACAAGAAGGAACAT,6
AGACGCCCATGGGAGG,6
AGATTATCAATTTAGA,6
AGGGAAATGAGTAGCA,6
AGTGTTCAATTATAAC,6
AGTGTTTTATGTTCTG,6
ATAACAATACAAACAC,6
ATATTCGCTGTAACAA,6
ATCAGAAGGAGACAGC,6
ATCTAGACTTAAGCAT,6
ATGACGACCCTAGATT,6
ATTATCACAATGTGAT,6
ATTGAAAGGATTTAAG,6
ATTGATGTATACCTAG,6
CAAAAGTGCAATGCGG,6
CAACAGAAATTGGAAA,6
CAACTCGCTACTAGGG,6
CAAGAACATCTCTTCC,6
CAAGTGCTTACTGCAA,6
CAATCCCATCCCCACA,6
CATAAAACATCATCGA,6
CATTTTGTTGAGAGTA,6
CCAACAGATAACTTAA,6
CCACCAGCTATCAGAG,6
CCCTTACAGACACTAA,6
CCGCCTTAGCTTGATT,6
CCTAGCAGGCCTTCAG,6
CCTTGCCCCTATAACA,6
CCTTGGCCACATACGT,6
CTCCTTATCGAGAAGG,6
GAACCTAAGTTAAATA,6
GAAGCAACCTTACAAA,6
GAAGTATAACCGAGTT,6
GAATAACCATGTAAAC,6
GAATCAACACATGCGA,6
GACAGGCGGCTACTAA,6
GACTAAAATTATTAGA,6
GCAAAGGGCTATTTGA,6
GCGACACTTCGTCGAA,6
GGGATGGAGGTGCGCC,6
GTAAACTAAGGAACGG,6
GTAAAGCAAAGAGCAT,6
GTAAATATTCTCAAGC,6
GTAACTATGACTATAC,6
GTAAGATACGAGAACC,6
GTGGTCGTGTAGCGGA,6
GTGTAACTAACCAACT,6
TAAACATACATTGGAA,6
TAAGCCCATTAGATTG,6
TAATTAACCTCCACTA,6
TAATTGAAGAGACAAA,6
TACACATCTCTAATCG,6
TACGTTATTAACCTTC,6
TACTCTCACATATATC,6
TCAAAGAACAAGAACT,6
TCAAGACATCTAAATT,6
TCAGAACTACAAATTA,6
TCTCAAAAAGAAAGTT,6
TGATTCCTTAGGAAGA,6
TGTATTAAGTAACTTG,6
TGTGGTAGCAAAATAG,6
TTAACATTAACAACAT,6
TTCAAAATACGATTAC,6
AAAAGAGAGCAACGAT,5
AAACAAACAGACCCCA,5
AAACAAATAAATCTCC,5
AAACCAAGAACTAAGA,5
AAACGGTATAACACGC,5
AAACTAAGCTTGTTAC,5
AAATTCAGAATAACCG,5
AAATTCATTTCCGGGA,5
AACTGCGTACAAGCCC,5
AATAATTGTATGAACT,5
AATACTATCCAGTTAA,5
AATTTATAATCACACC,5
ACAACGGCGATATTCA,5
ACAATATCAAAAGCAC,5
ACACAGACAAACTGTG,5
ACACTGGTCCATTTTA,5
ACAGCTAGACCAATGG,5
ACATGCCTCTACTATA,5
ACCCAATTCAAGAGCC,5
ACGTCATATAAACGGA,5
ACTACTGTCCATCTGA,5
ACTGAAAGTCTAGACA,5
AGCGGCTAGTAGTGCA,5
AGGGTATACCAATGGG,5
AGTTTAATCTCCCCAC,5
AGTTTGGAGTGGCAGA,5
ATAGTGACAATCACAC,5
ATCATCCGCATTTCCA,5
ATCATGAGATCCTACA,5
ATCCTATACAGAACTA,5
ATGAGATCTCTATAAA,5
ATTAACGCAATATCCT,5
ATTCGGCCTAGTACAT,5
ATTGAACAGTTAGAAA,5
ATTGCCACACAAATAG,5
ATTGGACAACTCTAAA,5
ATTTGAGATAAGCCCA,5
CAATATCAAGACTTGT,5
CAGATTTGAACTCAGT,5
CATAGATCCCAAAATT,5
CATCCATTTCTAAGAT,5
CATGAATCAATACGCG,5
CCATTTGAAAACGGAC,5
CCGCCCCCCATCCTAT,5
CCTATTAAGCATTAAA,5
CGAAAATAAATGAGCC,5
CGACCTTTACATATAC,5
CGCAAAACAGTATGAA,5
CGGACATTACCAATTC,5
CGTACGCGCATCGTCA,5
CTATTGCCGGGCGATC,5
CTCGCTTTTTCACTCT,5
CTGCGCACAAGTATAA,5
CTTATCTATTGATATC,5
GAAAAAGAACTCCGTT,5
GAAAGTGATTACGGTG,5
GACATATACATAAAAT,5
GACCATGAACCAGATA,5
GAGGCATTATCTTCAA,5
GATAATTACGTTTCAT,5
GATAGAAAAGATTTGA,5
GATTCAAAGTTAATTT,5
GCAAAACAATTACATT,5
GCATAAAATGATTACT,5
GCCAACAGATCGTTGA,5
GCGACCGAATACCCAG,5
GTAACTTCAATTAAGC,5
GTCCGAAATCACAAAC,5
GTGCAGATCAAACGCG,5
GTTGGCATAGTTGAGA,5
TAAACCAGAATCACAA,5
TAATACCTACCCTACT,5
TAATATTGTCTGAGAC,5
TACATGCATATCAGAG,5
TACTTTCAAGGATCCC,5
TAGAATTAAGTCCCTG,5
TAGCCTCCGGCCATCA,5
TATACTACTACAACTA,5
TATTTAACTAAAATAC,5
TCAACCTTTCTAACCT,5
TCGAAATAGATTTCAG,5
TGAACTAGATCAACCC,5
TGACAATGGCGCATAG,5
TGTTAGTGAATAATTA,5
TTAGCAAGTTAAGTGG,5
TTGCAGAGTCTAAGTA,5
TTGCATGTTCCATACC,5
TTTACCCGCAGGGAAT,5
TTTTACCAATTGATTC,5
AAAAAACCCATCAGAG,4
AAAAAGGTGGCTTCTT,4
AAAATCATGTGTGTAT,4
AAAGATTAAGTGGGTA,4
AAATAGTGTAGATATC,4
AAATTATAGAGATCCG,4
AACCCTACAAGGTTAC,4
AAGAAACAACCCGACA,4
AAGTGCAATGTCTCGA,4
AATAATAAGAATGGCA,4
AATCACCATCTGGCAA,4
AATCACGGTCCAGCTA,4
AATTACGAACCATAGT,4
AATTCGGCTTGTTATC,4
AATTCGTGGTATATAT,4
AATTGCAAAAAAAATA,4
ACAACATACTAGGAAA,4
ACACTTAAAAAAAAGC,4
ACCCAAGAGTCCTGCT,4
ACGCCAAACAAACACT,4
ACTACACGAGTTGAAA,4
AGAGACTTTATAACTG,4
AGATAGCGGAAACGAA,4
AGATATTATCGCTGCA,4
AGATGTACAATATGTA,4
AGGAACTTAAAACCTA,4
AGGCAGAAGCAACTCA,4
AGGTACCCTCATCAAA,4
AGTAAATTAGGCCTAT,4
AGTCCATACATTTAGC,4
ATAAGTCCATAACACC,4
ATACACTAAACGGTAG,4
ATACATGACAAGTTAA,4
ATATAACAGAGTCACA,4
ATATGCCGACGTTTAT,4
ATATTGCACCTAGCAA,4
ATCCTCTGAAACATAG,4
ATCTTTAAGGCTTTGA,4
ATGTACGAAAACAGGA,4
ATTACATAATTAATTT,4
ATTATACTAGTACCTA,4
ATTGTGTTTAAACTAA,4
ATTTGGTCTAATGATT,4
CAAAACTTACAAAAAA,4
CAAACCATAGTGTGAC,4
CAACAATCGCCATCAT,4
CACAACAGCTGACCTC,4
CACAAGCATTCAACGG,4
CACATACTACAATTAA,4
CACGCTGTTCCCAGCA,4
CACTACCACTCAAAAG,4
CAGGATACACAAACTA,4
CAGTACACCTTAGCCT,4
CATACGAATAAATAGG,4
CATGTGAAGTTCTCAC,4
CATTACATACAATGCC,4
CCACCTAAAAAATAGT,4
CCACTATGACTTATGA,4
CCCAGATGGAATCGAA,4
CCCATAGACTATGTAT,4
CCGAATGCTGTAACGA,4
CCTAGCCGGCCCATGA,4
CCTATCTTTTAAATAT,4
CCTTTAAATTAAACGA,4
CGAAACCGACCACTGA,4
CGAACGCGGTAACCTA,4
CGACAAGTAGTAAGGT,4
CGACCACACTTTTAGA,4
CGATAACTGATCTCCA,4
CGCACGAATCAAGGAA,4
CGCTTAGCATATAACG,4
CTCAAGCAAACACCGC,4
CTCTAATGTTTCATCA,4
CTTATTACACACTGTG,4
CTTCAGTCTAGACAGA,4
CTTTCAAAAGCGCCGT,4
GAAACAAGATGATTCC,4
GAACAGCGGGCTGGAG,4
GACGCTCTGCAAACTT,4
GAGAAACTCTCCTTCA,4
GAGAGGAGTTGCACGC,4
GAGTATAGTTACCAGG,4
GATAACATTGTGCAGC,4
GATGAAGATCATCACT,4
GATTAGAGAGGAGCTT,4
GCAAACTCTTAGAATA,4
GCTCAACGAAACAGTA,4
GCTTTATGACTCTCAA,4
GCTTTCTATAACGATA,4
GGAAATTGATCTACCC,4
GGAATAATACCAGGTA,4
GGACCTCTAGTAAAAA,4
GGAGCGCTCAACAGAA,4
GGCCAAACAGTAGGAT,4
GGGCAAATTCGAAATG,4
GGTATGATTCCAAATT,4
GGTTGTCTGGTTCCGT,4
GTACTAAGTCTAAAAA,4
GTAGAGTTCAATCATC,4
GTATATTCGATACCGA,4
GTCTAATTAAAAACGT,4
GTGACTACTTTTAATC,4
GTGATTGCTAAATTAC,4
GTTTCCAGCCTATAAG,4
TAAAATATGAAGAAAA,4
TAAAATATTGATTGGG,4
TAAAATTTAACAACAA,4
TAAACCTGCAGATAGG,4
TAACATAGGTCACCAT,4
TAAGGTACCGAAAAGC,4
TACCCAAAAGACATAG,4
TAGCTTCGTACGTATA,4
TAGGAAAGTGGGCCTA,4
TATCCCGAATAACCAT,4
TATCTAGTACATGGTT,4
TCAAAATGATCCACAA,4
TCACACACTATCGTCC,4
TCAGACGGTTTCTAGT,4
TCAGCTCCGATATAAA,4
TCATATAACGTAACGT,4
TCCCAAAAAGTGGCTG,4
TCCTTGATCCAAATTG,4
TCGCATTAAATACATA,4
TCTGGTATAGCACCGA,4
TCTTCGTTGTATAGCC,4
TGAGTCGATGAAAATG,4
TGCGTAGTGAGTTATA,4
TGGCATACCCAGTGAC,4
TGTTACAGCTGCATGC,4
TGTTCTTACAGACTGA,4
TTAATATTCACTAACG,4
TTACGGATAACAAGTT,4
TTAGGTAGCCAATATG,4
TTCAAAGAGTTCGAAC,4
AAAAACAAAATTATTT,3
AAAAACGCTTGAAAAA,3
AAAACATCATCTCACG,3
AAAAGTGATTACCTAC,3
AAAATTCCCCGGGTCT,3
AAAATTTGCCCAAGCA,3
AAAGACAAAGAGCTAG,3
AAAGATCCCGTTATCT,3
AAAGCAAAGCGCGAGA,3
AAAGGAGCACCATACG,3
AAAGGTCTATTACTCC,3
AAAGTAAACGAGTATC,3
AAAGTAACGCCTAGGA,3
AAATACGTTAACCCAA,3
AAATCCAAAATTAACC,3
AAATGAAGTACATTTG,3
AAATTAACTTATTAAT,3
AACAATACGTGGCAAC,3
AACACTCAAAACCGGT,3
AACAGCAAGCCGCACT,3
AACATAAGTGCAAACC,3
AACATCTGATAAGTAC,3
AACCAAAAAGTGTGAA,3
AACCACCCGCTAGAGT,3
AACCCATAAATTTGGT,3
AACTCTTTTAAACAAA,3
AACTGTTAAATCAACG,3
AAGACCGCCAGCAATA,3
AAGCTCATCCGCCGAC,3
AAGGGACAGATAAAAG,3
AAGTAGATACCAGAAC,3
AAGTAGCTTCGGCGTA,3
AAGTCATATTCGGATT,3
AATACGTATGAAGACT,3
AATCGACCTCGAGAGA,3
AATGACAACGAATTAC,3
AATGGAACACTCCTCC,3
AATGTAGATAAATAGT,3
AATTGCTAATTGTCTT,3
ACAACAGGAATACGGT,3
ACACGGTACCTCTCAA,3
ACACTGCTCATAGGTC,3
ACAGACTGGCCTCTCA,3
ACATACCGATATAACA,3
ACATATTAGTACTGAA,3
ACATTTGAAGCACCAA,3
ACCAAAGACAGATGCA,3
ACCCAGTTGCCATGAC,3
ACCCCCACCAAAAAGA,3
ACCCCTGAACAAAAGC,3
ACCTGCTGATTTCACA,3
ACGACGAGTCTGTGAC,3
ACGGGACATATAAATA,3
ACGGTTCTAAACCAAT,3
ACTATATCAATCGGAT,3
ACTATTATCACTTAAT,3
ACTCAATCTAATGACA,3
ACTCTCACTAACATCT,3
ACTCTGCATAGCGACG,3
ACTGCATGGAACCGGA,3
ACTTTATAATGACGAA,3
ACTTTTGCTCCCCAAA,3
AGAAACACTTCCAAAA,3
AGAGGACAATACGTCG,3
AGAGTGAATAACGGTT,3
AGATACTCAATAGATT,3
AGATGTATACAAATTT,3
AGCGCAAAAAACACAT,3
AGCTGTTTAGTAACCG,3
AGGATAGGCGCACTCA,3
AGGATCAATCTTCAAC,3
AGGGTCAAGCCACATA,3
AGGTATTAGCTGGGTT,3
AGGTGGAGTACCATAG,3
AGGTGGCCTGAGAATA,3
AGTACCAACCTAGTCC,3
AGTCCATAAGGCTTCG,3
ATAAGACTTCACTCCA,3
ATACGGGAGGACATAG,3
ATATAACAAACCGGGA,3
ATCACGTCGTATCTGC,3
ATCACTGCTTCCACCA,3
ATCAGATCCTTTAACC,3
ATCAGCATTCATTTAT,3
ATCCAGACGTGACGAT,3
ATCGCTGAATTGATAG,3
ATGAGAATATCTTTGT,3
ATGCCCGGACCAAAGA,3
ATGGCTGCCACTAATG,3
ATGGTCAATCCCTAAC,3
ATTAATAAGTTGACAA,3
ATTAATATCAGAACCA,3
ATTAATATTTTGCAAT,3
ATTACTTCCAAAATAA,3
ATTATCACTAGAGGTA,3
ATTCATTCGGTAAGCG,3
ATTCTTTCGTTAAATC,3
ATTGTCTCATAATACG,3
ATTTGGCAATACGGTC,3
CAAAAATTTCACCTGC,3
CAAATTGAAACATAAA,3
CAACAAAAATTCAGAC,3
CAACCGATACAAAGAT,3
CAACTTAATTTCACGT,3
CAAGGCAAGTTTAAAG,3
CAATAATGTCAGAAAT,3
CAATACAGAGCAGGTG,3
CAATATGCTTGCGCCC,3
CACAATTGTAGCGCTT,3
CACAGGTAGTCGCATT,3
CACATTGATTCACTCA,3
CACTGAGGAGTATTAA,3
CACTTAATGCAACTCA,3
CACTTTACGATAAACT,3
CAGCCCGCACTCGTAG,3
CAGGAGGTAAGACTCC,3
CAGGCAGAGGAATATT,3
CAGGGAGAATCATCGT,3
CAGGGCAACAACACTA,3
CAGTACGAAGCTCAAA,3
CATAAATTTGAAACAA,3
CATAATTATCAGCAAC,3
CATAGAATTAAATGAA,3
CATATCCCAATCATAA,3
CATGGGAATTACCCAT,3
CATGGTAGAACTTCTT,3
CATGTATAATATCCTG,3
CATTAACGCCAAACTA,3
CATTGGCACACCGCAT,3
CATTTGAAAGCAGGCT,3
CCAATAACAGCTTGTA,3
CCACTACGCCGATTCT,3
CCACTGGTTGAACACA,3
CCACTGTAGATGAAAG,3
CCAGACCGAGTAGCGC,3
CCAGCACCCCCGACCA,3
CCATATCATCAGTATA,3
CCCAATCATATGAGTG,3
CCCTATGACAGATATA,3
CCCTGGTTTGCTCCTC,3
CCCTGTCCGCCCCAAA,3
CCGAATATAGAGTCCG,3
CCGATCTCAAGTCAAA,3
CCGATGAGTCCCTGAT,3
CCGCAAATCACGGCCA,3
CCGCAGGGCATAATGA,3
CCGGTTAATCCCACAT,3
CCGTGTTGTACTTGAA,3
CCTATCTTCTGAATCG,3
CCTCATCCCACGCTTA,3
CCTCGTATACATGTCC,3
CCTTAGGCACAGTCAT,3
CCTTCAATCAAAAAGT,3
CGAAACGAAGACTAAC,3
CGAACTTTTCTGTTAA,3
CGAAGACAAAACTCTA,3
CGACGCAACAAGAAAC,3
CGCAGTCAAAATGAAC,3
CGCCCCAATTATGGTG,3
CGCCCCATTACCATAG,3
CGCGAAAATTCTACGT,3
CGGACTCTATAAAATT,3
CGTAATAACTAAAAAT,3
CGTGCAGAATGATACT,3
CTAAAAAGACTAAAAA,3
CTAAAACAGATGGTAA,3
CTAAATCGAAAACTAA,3
CTAACACGATTCGAAA,3
CTAATAGAAAGCCTCT,3
CTACACATAGCAAGAA,3
CTACCTTTCCATGTTC,3
CTACGTCATGTAGAAC,3
CTAGAGCAGAATACTG,3
CTAGTATTAATCAATG,3
CTCATGGAATACGACA,3
CTCCTAGAAATATGCA,3
CTCGCCACACTAGGCT,3
CTCTAATCACATCAAC,3
CTCTTACAGTAGGACT,3
CTGAACTATGCCAGCA,3
CTGCCACTGTTAATCC,3
CTGCCTTAACCCCTTA,3
CTGGACAGCGTAAACG,3
CTTACAACGGGATGGG,3
CTTCTATCTCCACTAG,3
CTTGGTATTTCACACA,3
CTTGTCCCACCTAATT,3
CTTTATATCCACAACT,3
CTTTCGATTCATCCAG,3
GAAAAGTCAATTCAAT,3
GAAAGTATATACAACA,3
GAACGGTGGGTATTAC,3
GAAGGCAATACAGAAC,3
GAATATTCTCATAAAT,3
GAATGCCGCGATACCG,3
GAATTCAAAAGCACTG,3
GAATTTTTGAATCTTC,3
GACAACTTCCCTTTAT,3
GACAGTCGCATTCACG,3
GACCAACAACGTTGAT,3
GACCAATTAATCTAAA,3
GACGCATCAACCCAGT,3
GAGAGAGCGCAGTAAG,3
GAGTCACCTTAGCGTG,3
GATAACTTTTAGACGC,3
GATAAGTAAAACTAAA,3
GATCACACGATGTCTT,3
GATCTACCCCGCAGTT,3
GATGGAAAAAAATTTA,3
GATTAACTGTTTTTTT,3
GATTAGGTCTTAGTTC,3
GATTTAGACAAGCCAA,3
GCAATTATTAATGTTC,3
GCACATCGCCGGAGAT,3
GCACATTCGCCGTTGG,3
GCAGTTTAATACATCC,3
GCCAAAGTATCTTAAA,3
GCCATGCAAAATGTAA,3
GCCTAATCACATCCAA,3
GCGTATTAGATATCGA,3
GCTGAGACTCAGAGGG,3
GCTGTAAAGTTACGAG,3
GCTTAAATGGAAGTCT,3
GCTTCATCCCAGTCTA,3
GCTTGAAGTATATCTA,3
GGAAGATAGTGCAGAA,3
GGATATTCGTTAGGCC,3
GGATTGCCAGGTACAT,3
GGCAGCCCTTTCCCAA,3
GGCATACCTTGAATAT,3
GGCATGTTACCCAACG,3
GGCCAGCATTACCAAC,3
GGCGTGCCCCAGTGCC,3
GGCTAAGTAGCCAGTA,3
GGGGGGGTCGTACCAG,3
GGTAGCTAATATACAA,3
GGTCAGAGCAGCAATA,3
GGTCTGATTTATAATC,3
GGTGTTCGCACATAAC,3
GGTTCCCACTAATTAT,3
GGTTGAGTGACCTGCC,3
GTAAAAGTAGGTCAGC,3
GTAATATAAGAGATTT,3
GTACAGGTTACGAATG,3
GTACATGACCACCAAG,3
GTACCACACCCGAAGT,3
GTACGTCGAACATCCA,3
GTACTAACCCAAGCAA,3
GTACTTCAACTCTCAG,3
GTAGATCTTGATATCT,3
GTATATATCATGTTTA,3
GTATGTCGATCCACAT,3
GTCAATTTCGATAGAA,3
GTCAGAGCCAAACTAC,3
GTCCGATGTGTACTAG,3
GTCTACATATCATGCT,3
GTCTGAGCAAGCAAAG,3
GTGAAGACTATGTGAG,3
GTGCGCCGCTTATCTT,3
GTGCTGCCTGCCCTGA,3
GTTACGCATCAAATCA,3
GTTGTCTAACTTACAG,3
GTTTTAGGCCTCAAAG,3
TAAAACTCTATACAAC,3
TAAACAGTTAGTAAAA,3
TAAACCTCAAACACAT,3
TAAACGCTTTGCAAAC,3
TAACCACCCCCCTTAC,3
TAACCTATTAGAAACA,3
TAACTTTAACTAAAAG,3
TAAGACATAAAAGATA,3
TAAGCACGCAGCTCAC,3
TAAGCTTTTAAAATAC,3
TAATACAGATCGTTTA,3
TAATACGTATTATACA,3
TAATATCTTGTTAAAA,3
TAATTATTACAGCAAT,3
TAATTTGACATGAAAA,3
TACATATAAAATAGCT,3
TACCCAACCCTCCACT,3
TACCTTGGAAACATAA,3
TACGAAACCTTGAGTC,3
TACGACAGCTGCATGT,3
TACGGAAACGAACATA,3
TAGACCATTGAACAAT,3
TAGCAGCACAGTGATA,3
TAGCTCACTTCTAACC,3
TATACCAGAGGATGAG,3
TATAGAACCAAGATAT,3
TATAGACTAAGGTCAT,3
TATAGCTCACAAGTAC,3
TATCATATAATATAAA,3
TATCGAGACATTAATC,3
TATGACAAACATTAAT,3
TATTTACCGTAATACG,3
TCAACAACTTCGGCGC,3
TCAAGATTACGAAAGG,3
TCAATCCGTGACATGA,3
TCACTGAATCCACTTC,3
TCAGCGACATAGTGCA,3
TCATACACATAGATCT,3
TCATCAAATAGTTGGC,3
TCCCTCACATACGAGG,3
TCCTATTCCTAAGACA,3
TCGCGTCCTGGCGCGA,3
TCTAACTCAATTCACT,3
TCTATGAATAGCTATT,3
TCTCCCTATCGGGGCC,3
TCTCTAACTGGGAGTA,3
TCTGCTTTATTTGGCA,3
TCTGGAACCAAATCTA,3
TCTTGAATCCTACGTT,3
TGAAATGGTGTAATAC,3
TGAAATTGTACAGTCC,3
TGACTCGATTAAGGGT,3
TGAGTACCCAAGAGCT,3
TGAGTTAATCAAATAC,3
TGATGAAAAAGCTTAA,3
TGCAAGGTTGTAGATT,3
TGCCGCACTATCGATA,3
TGCGAGTATTCGACGT,3
TGCTACATAGGAAACC,3
TGCTTGTCAGTTAACT,3
TGGCTACATTGGCAAT,3
TGGGAAGAAATAGCTA,3
TGGGAGTATACTGCCT,3
TGGGTATGAATTGAAA,3
TGGTAAAAGGGCTGAA,3
TGTCCAAGCAGACTGC,3
TGTTCAGATCCATGAA,3
TGTTCCGTAGCGTTAT,3
TTAAAACCCATAATCC,3
TTAAAGTAACTATAAG,3
TTAACAAACTAAGTAC,3
TTACCAAAGACACAAG,3
TTAGACAGCGAATAAT,3
TTATAACGAAAAGATA,3
TTCGACACAGATAACG,3
TTCTCTGCTCCGAGAT,3
TTGAAAGATCTTTAAA,3
TTGAAGCAATTTGATA,3
TTGAGCAAATAGCATT,3
TTGATCAAATTGCAAA,3
TTGTCTTGAGATAAAA,3
TTGTGACAAACGTAGA,3
TTTAAGACACTATACC,3
TTTATCGAAATCAACA,3
TTTCCCATAGGACAAT,3
TTTGAAAAGGACTAAA,3
TTTGAATCCCATTCAA,3
TTTGCACACGCTAGGC,3
TTTTAAAGAGTGAATA,3
TTTTAGGCCTGTGTTT,3
AAAAAACAGAATTCGT,2
AAAAACAAGGATACTA,2
AAAAACAGACCACTTC,2
AAAACACTCGGAGTCT,2
AAAACTTAATATGCGT,2
AAAAGAATTTGAAACT,2
AAAATATTTTCTGACA,2
AAAATCAACTTCCTAC,2
AAAATCATGATTTAAT,2
AAAATCTATACAAGTA,2
AAAATGGAAGGAGCGA,2
AAACACACCAGACTAA,2
AAACCAGAGAGAAGGA,2
AAACCTTTTTTTCTGT,2
AAACGCCAGTATAAAA,2
AAACTATATACTTACT,2
AAACTGTTCACAGTTA,2
AAAGAAAAGACCTGAG,2
AAAGCTACTAGACCAA,2
AAAGCTTTAAGTCACA,2
AAAGGAATTAACAAAC,2
AAAGTCCTTCTATCCA,2
AAAGTCGGAAAGAAAA,2
AAATAAAAGAACCAAA,2
AAATAAGTAAAATCTG,2
AAATACCCTGGTCCCT,2
AAATACGAGTTCATAC,2
AAATACGCGCCTAAAT,2
AAATACTCCATAGGCC,2
AAATATGACTCTATCC,2
AAATCCACAATAACAT,2
AAATCCATTAAACGCC,2
AAATGAGACACTGAGA,2
AAATGATAACGTTAGA,2
AAATGCCGGGAACACT,2
AAATGTAAAATTAGAT,2
AAATTCACGACTTTTT,2
AAATTCCACTTTGATT,2
AAATTTAAACTTCACA,2
AACAAAGCAGCTAGGA,2
AACAAATCGATTCGTA,2
AACAAGAACACTAAAA,2
AACAATAATTAACACA,2
AACACAAATTTCTACC,2
AACACATAAAGAATCA,2
AACACATTTTAAGTGA,2
AACACGGATATTCAGT,2
AACAGACAAGATTGTG,2
AACATGCTGGAAGCAC,2
AACATGCTTACTTGAT,2
AACCCAGGATAATGCA,2
AACCCCGGAACGATAC,2
AACCCGCTTAGGATTC,2
AACCTAAAAAAACCAA,2
AACCTCCAATGACGGT,2
AACCTCCAATGCAAGT,2
AACGACCTTTTACTGG,2
AACGATTTGGCTAAAG,2
AACGTCTAGTTAACTC,2
AACTACAACACGAGAA,2
AACTGTTAGAACCGGC,2
AACTTGATGAAAACAC,2
AACTTTTTACATAAGA,2
AAGAAACATTAGTAGA,2
AAGAATGATAAGTTTT,2
AAGAATTCATAGGCTT,2
AAGAGAAGCCACTAAC,2
AAGAGACATTGCATCA,2
AAGCAATTTATGACAG,2
AAGCCTTTAAAAACAG,2
AAGCGATGGCATCGCC,2
AAGCTATACGAATCAC,2
AAGCTCATAAAGAAAA,2
AAGCTTTGCCGATATC,2
AAGGAATCACACTTTC,2
AAGGATGACGAGACAT,2
AAGTACCATACCGCTA,2
AAGTACCCCATTGGTC,2
AAGTACCGTAGAATTG,2
AAGTCCTGGTTTCATA,2
AAGTCGAAAAAGAGCC,2
AAGTCGTAGAGAGCAG,2
AAGTCTAAGTGGAGGA,2
AAGTGTGAGGGTTGAT,2
AAGTTCATACGACAGA,2
AAGTTGTAAGCTAGAT,2
AAGTTGTAAGGGGGCT,2
AATAAAAACCATACAT,2
AATAAACAGCAGGTTA,2
AATAACATTGTCATGA,2
AATAACCACCACATCT,2
AATACCAATTTTACAG,2
AATACCCTAGGCTCCC,2
AATACGGGCACTAACA,2
AATAGTGGACTTACAT,2
AATATACAACACTAAC,2
AATATATATGAGGATA,2
AATCAAAATGGCCACA,2
AATGAAATCCCTGCTG,2
AATGACACACTGACTT,2
AATGATCACGGTAATA,2
AATGCATACAAATAAA,2
AATGGGGTTCGAATAG,2
AATTACACTCGTCTAA,2
AATTAGACTTTCACGT,2
AATTGAGATCCCTTTA,2
AATTGTTGAACTCCTA,2
AATTTCGTGACATATG,2
AATTTGGAAAAGTCTT,2
ACAAACAAAAAAGCAC,2
ACAAATAACGTACCGG,2
ACAAATCGGAAGATAG,2
ACAAATGTATTGAAAA,2
ACAACTGAGCGCAATT,2
ACAAGAAACTTTTATT,2
ACAAGAGATTCGCGCG,2
ACAAGGCGTAAATCAG,2
ACAAGGTCTCAAAAAC,2
ACAATCGCAAAACGCA,2
ACAATGTCAGTCTGAC,2
ACAATGTCCTCGACAT,2
ACACAAACCTATATTA,2
ACACAAAGTAAGTAAA,2
ACACACTAAGTCACGG,2
ACACCACCACCTATAA,2
ACACGAATTAGATATT,2
ACACGATCGAAATCCA,2
ACAGAAAAGAAAGGAG,2
ACAGACTATTTCTTGT,2
ACAGCTTTGTCATGAA,2
ACAGTAGACACCCTGA,2
ACAGTTGACTAGCGAG,2
ACATACGGGGAAATGT,2
ACATACTGCCTCTGAA,2
ACATCCGCAATAACAA,2
ACATTCTAAGTTACAA,2
ACCAATAAAATAAAAA,2
ACCAATAACTTTCGAA,2
ACCAATGTCAATCGCT,2
ACCATCTATTTCTCAT,2
ACCATTATGTACACAC,2
ACCCAAAAATGGAGCG,2
ACCCAGGACGAAAAGT,2
ACCCCGATAGAAAAAG,2
ACCCGGAACGGGATCC,2
ACCGATGTAAGCCTTA,2
ACCGCCACCATAAGTT,2
ACCGGTAACAACAATC,2
ACCGTAACTCACGAAC,2
ACCTCTTGAATCATTT,2
ACCTGATTAGGGGGCA,2
ACGAATTACACAACAA,2
ACGACGTATGCAGAAG,2
ACGAGTGGATTTGACT,2
ACGATTACAGTTACAG,2
ACGCAATACTTAATAT,2
ACGCTGGAAGGTCTTA,2
ACGGACTACCAACAGC,2
ACGGAGTGTACCTTGT,2
ACGGGAGAAGTGAACC,2
ACGGGTTATAAGAAAA,2
ACGTAAAATTAAAAGA,2
ACGTACGAGAGTTTGA,2
ACGTCATATCGGCGAG,2
ACGTCCTGAACAAAAA,2
ACGTTGCTTTATTATC,2
ACGTTTGACCAACCGA,2
ACTAAACGAAGAAAGC,2
ACTAACATAAGTACTA,2
ACTAACGGGGACGAAG,2
ACTAAGACTTTGCCCC,2
ACTAAGTAATTCCACA,2
ACTACATGTGCCCTGA,2
ACTACCTCATAAAAAA,2
ACTACCTGAGCCCCAC,2
ACTAGGAATAGACGAA,2
ACTATAACAGACAGGC,2
ACTATAGACGACAGTT,2
ACTATTATAAACAATC,2
ACTCAACGAGTCTTGC,2
ACTCAACTATTAGTAT,2
ACTCAAGGCACCTACG,2
ACTCATGTTGCCGACT,2
ACTCTAATTCAATCGA,2
ACTCTCTAGAGGCGCA,2
ACTCTGAAAAATGGAC,2
ACTGACCTTCAGAGTG,2
ACTGCGCAACTATAAC,2
ACTGGCCCACTGTCAA,2
ACTGGTTCTTTTGTAA,2
ACTGTACCCAAGAACA,2
ACTGTAGCCACGTTTT,2
ACTGTTGCTCAGACAT,2
ACTTAAATAAGGCACA,2
ACTTTTCAAAAATAAT,2
AGAAAACTTAATATTT,2
AGAAAGTAGTAATTAT,2
AGAACTCATTAGAGTA,2
AGAACTCTACAAGAAG,2
AGAAGCCGATAAGAGC,2
AGAATACGTAAAATAC,2
AGAATAGAAAAAGCAG,2
AGAATTTAGCCCCTAG,2
AGACAGTTGAACAGGC,2
AGACCAACCTAGTAGA,2
AGACGTTGTTGACGAT,2
AGACTACCAGATTACA,2
AGACTATTTCTAAAAA,2
AGACTCCTTAGAGCTA,2
AGAGCCCTTACTAACC,2
AGAGGGTATAGGCCGT,2
AGAGTGAAAAAAAGAT,2
AGATAATAACACAATA,2
AGATACTAGAAAATAG,2
AGATAGAGTAGATGCA,2
AGATATACGGTCCGGA,2
AGATATCCAGCCTGAA,2
AGATGAGGCATCTCTT,2
AGATTAAGAGACATAA,2
AGCACAAGGACAGCAT,2
AGCACGAATGTCCTAC,2
AGCATCAGCCAAGCCA,2
AGCATTATGACAAAAA,2
AGCCAAATATACTGCG,2
AGCCAGTTAGTTCGCC,2
AGCCATAATACTAACC,2
AGCTAATTGAGAACCT,2
AGCTACTTAAATTGGG,2
AGCTAGTAAGCTATAT,2
AGCTCTCCACACGCCG,2
AGGATTAGTTTTTAGT,2
AGGATTCAATATATCC,2
AGGCCTGAACAAAGCA,2
AGGCTTTTTAAAAGAT,2
AGGGCACTCCGATCAA,2
AGTAATGCTACCCAGA,2
AGTACGAAGATTTAAA,2
AGTACGTTAGCATAAG,2
AGTATGGACAGTTGTG,2
AGTCAAGAGATTTGAA,2
AGTCAATACAATCACA,2
AGTCGGAAGAAATTTG,2
AGTGTTTCCAATCAAA,2
AGTTAGGATTCACCAA,2
AGTTTTATAGCCTCAC,2
ATAAAACTCATCGAGA,2
ATAAAGCATGATAGTA,2
ATAAAGTATCTAGATT,2
ATAAGATTATCTAAGA,2
ATAAGTAATGGGACTT,2
ATAATCCGGTTATTGT,2
ATACAAACAAAAGATT,2
ATACATGAGGCGCCAT,2
ATACCAATATTTTTGC,2
ATACCGACTACCCGAA,2
ATACCTAAAACAGAAC,2
ATAGACGCCAGAATGG,2
ATAGAGACGTTAGATA,2
ATAGATGTTGCAGTTT,2
ATAGCCAAGATCCTCA,2
ATAGCGTATCGAACTT,2
ATAGCGTGACTAACAT,2
ATAGCTCAGTATAGGA,2
ATAGGCGAAAATTCCT,2
ATATAAAAACCCTTAG,2
ATATAACATATCAAGT,2
ATATAATATCACGACT,2
ATATACAGGAATGAAC,2
ATATCACTTTATCCCC,2
ATATGCAGCGTCCATT,2
ATCAATTTGAAGCCGC,2
ATCACCATATCGACTC,2
ATCACGAATATCTAAA,2
ATCCAATCCAGATCAA,2
ATCGTTTGTCCAGCCC,2
ATCTACTCAGTCAAAG,2
ATCTAGCCCAGATAAA,2
ATCTCGAGCTTAATCC,2
ATCTTACTAAGGATTG,2
ATGAAGGTTCGAACTA,2
ATGAAGTTTCATGTAG,2
ATGAATAATTATCCTA,2
ATGACTAAACACACCC,2
ATGATAAAAAACAAAA,2
ATGCAAATCGATCCCG,2
ATGCTACAAAAGTCAG,2
ATGGGCGTCAGACGAA,2
ATGTAAAATTATTATA,2
ATGTAGAACACCATGA,2
ATGTAGAACCAATAGA,2
ATGTAGTCTAGTTGGC,2
ATGTATTGACTTCTGT,2
ATGTGCCTCTTTATAC,2
ATGTTAAAAAATTCTC,2
ATGTTACAAACAGACA,2
ATGTTATTAAAAAACG,2
ATGTTGTTCAAGACTA,2
ATTAAGCTGTGAAGCA,2
ATTACCACGTACGGAG,2
ATTCACCAATGAGACA,2
ATTCAGTAGAACAACA,2
ATTCCTAAAATTTTAT,2
ATTCGACGCTGCTGTC,2
ATTCGTGGCGGTGCTG,2
ATTCTCACATTCCTAG,2
ATTGACATAACCAAAA,2
ATTGACCTAGCGGAAG,2
ATTGTCTCAGTGAGAT,2
ATTGTGTGGTATACCA,2
ATTGTTAGTAGCACCT,2
ATTTCCTTCATAAACC,2
ATTTGAAAAGCCTACC,2
ATTTGAGCATCATGAC,2
CAAAAATAAGTCGAAA,2
CAAAAGCACCGTTATT,2
CAAAATTGCCCCTATA,2
CAAATAGTGCACTAAC,2
CAACACATAATTATAT,2
CAACATGCACGAAGAG,2
CAACTTGCAACTATTC,2
CAAGAAAACAACACCA,2
CAAGGGTCATTCAAGT,2
CAATATCTAATTGTTA,2
CAATCTTACCTAGACA,2
CAATTTACATCGTTTA,2
CACATACATTTGCAAT,2
CACATCGCATATATTA,2
CACATCTGCATACGCT,2
CACATGAATGAAGTTG,2
CACATTAAAAGAAGCG,2
CACCACATAGAATACC,2
CACCCAGACCAATCCG,2
CACCGAACCATCAGTA,2
CACCGACAGGTACGAG,2
CACGAAGATAAAACGT,2
CACGGTAGACAGGGAC,2
CACGTCGAATGTCAGC,2
CACGTTCCGTTAAGAG,2
CACTACAATTGAATTG,2
CACTAGAATAACGGAA,2
CACTAGCGAAAAATAC,2
CACTAGTAATGAAACG,2
CACTATAAACTGCCGA,2
CACTATATATAAGAAG,2
CACTCAAGAACTAAAG,2
CAGAACCCAGCGTGAA,2
CAGAAGCGCAAGTAAA,2
CAGAATGCCCGAATAT,2
CAGATACATGCCTAAC,2
CAGATAGCCAATTATG,2
CAGCAACCATTACCAA,2
CAGCAATTTTAGTACA,2
CAGCATATGTCCGTTA,2
CAGCCAAAGTAAAAGT,2
CAGCCAGAAACCCTTC,2
CAGCTTAGAATTGATA,2
CAGGAGATCGGTAGAA,2
CAGGAGGCGCATACCC,2
CAGGATAAACAAGTGT,2
CAGGCCAAGTTAAGAT,2
CAGGTAAAACGTCGTA,2
CAGTAATCGTGTCCTG,2
CAGTCAAAAGTGCAAC,2
CAGTGACACTACAAAC,2
CATACACCCGTTAATT,2
CATACACCGTATGAAT,2
CATAGAGTGCGATCAG,2
CATATATGAGAGCTGG,2
CATCACCAATGTACTG,2
CATCGACAAACTCACA,2
CATCTAAAAAACATAT,2
CATGACTTGCCAGGTA,2
CATGATAAGTGCCTTA,2
CATGTGAAAAGTCTAA,2
CATTATCAGAGTGCTG,2
CATTATCCAAGGCCGG,2
CATTCCTTAAGAGGAT,2
CATTTTGGAGGCGAAT,2
CCAAACAAATGACTTT,2
CCAAACATATCTTGCT,2
CCAAGCTCGATGAAAA,2
CCAATTATGGAAAACC,2
CCAGACCCACGTGAAT,2
CCAGCAAAAGAAGCAT,2
CCAGGAAATTAACCAA,2
CCAGGAAGACGAGTAA,2
CCAGGAGCTTATATTA,2
CCAGGTTGCTACATTC,2
CCATTAAAACGGCTCC,2
CCATTTTAAATAACCT,2
CCCAAATATTGATTGA,2
CCCACAAGTAAAGAGT,2
CCCAGACTTCCCGTTT,2
CCCAGGACATGTAGTT,2
CCCATGTTATGCCTAT,2
CCCCCACCTATTGATA,2
CCCGGAACTCAACCCC,2
CCCTCCTATCCTCTTC,2
CCGAAACAGGAGATCT,2
CCGAGGTTCCCAGTTA,2
CCGCCGATTCTTACGG,2
CCGGCAAAAAAAAAGG,2
CCGTCAGTTTAACCCT,2
CCGTCATTAGATATAC,2
CCGTGCACTAGACAAG,2
CCTAATAACGACCAGG,2
CCTAATTAAACCGGTA,2
CCTAGTTCAACTCTTT,2
CCTATCACTCATCAAG,2
CCTATTACCTACACAA,2
CCTATTCTTTCCGTAT,2
CCTCACGCTTGCTGTG,2
CCTCATCTTTAGCCTA,2
CCTCTAAGCCCTAAAA,2
CCTGGTCAAATAATTG,2
CCTGTGATAGCTAACC,2
CCTTATGACCATGATT,2
CCTTGAGCTGTGTTGT,2
CGAAACCAACCAGAAA,2
CGAAATAGTTTATTTA,2
CGAAATCACCCGGTTC,2
CGAACAATTGACCGTT,2
CGAACACTATTCTAAC,2
CGAACGTTTACGGCCC,2
CGAATAGAGTGCGCAG,2
CGAATATCCGGGCTCA,2
CGACACAAGATGAGAT,2
CGACTTTATGGCCCAA,2
CGAGAAGCTATAGTGT,2
CGAGGTACTTTCAAAT,2
CGATACACCTGGTCGG,2
CGCAATTAATTAAATC,2
CGCAGCTGTGTCCGGT,2
CGCATATTAAAATAGA,2
CGCATCCATACTAGGG,2
CGCCCAAATGACAAGC,2
CGCCTATTCCTTCAAC,2
CGCGAGAATTAAAGGA,2
CGCGCGATCCACGACT,2
CGCTAACCACATATAA,2
CGCTAAGGTGTAGTCC,2
CGCTGTATCGTACCGT,2
CGCTTAAACAAACATT,2
CGCTTTGAGTACAAAT,2
CGGAATCGTCCTCCTA,2
CGGCCTACACCCAAGG,2
CGGTAACATCGTCTAC,2
CGGTAACGGTTTAAGA,2
CGGTTTAGATTAACGA,2
CGTAACCGCGTTGAGG,2
CGTAAGAGCACGCAAG,2
CGTACAAAATTCATAA,2
CGTACGATGGCCTACA,2
CGTATGAAACTAGCAC,2
CGTATGCAACTCAATA,2
CGTATTATATACACTC,2
CGTCCGTAATCCCCTA,2
CGTCTGCCGCAACTAC,2
CTAAAGCAGGTAACCA,2
CTAAATATATGCTACC,2
CTAAATTACGTTCAAT,2
CTAACCTTACTAAGGA,2
CTAACGCTGTGCTTGC,2
CTAAGCAGGGATATTC,2
CTAATACGGCACTTAC,2
CTAATGAATGTCAGAC,2
CTAATGTACTAAATTA,2
CTACGCCAATTAACAA,2
CTACGGTCCTGCGGTC,2
CTAGACGACCCCTGTA,2
CTAGGGCATTTATGGT,2
CTAGTTCTAATAAGCG,2
CTAGTTTGAAACCCAT,2
CTATACCATACAGTTC,2
CTATAGCGAAGAATAG,2
CTATAGCGCCATAATC,2
CTATGCAACTGAACCC,2
CTATTACACTGCGCGA,2
CTATTACTTCACGTAG,2
CTCAGATGCTAGCAGC,2
CTCGAATATGAGTCAC,2
CTCGATAAAAATCTCG,2
CTCGTTGCCGGCCGAA,2
CTCTAGTAACTATTGG,2
CTCTAGTAAGCTTCTC,2
CTCTATCTTGGTAATT,2
CTCTCCCAGAACATGA,2
CTCTCGGCTCTTACCA,2
CTGACATCGAGAAAAC,2
CTGACCAAATACTAAT,2
CTGATCTAGTCTATTC,2
CTGATGCAATTGATAC,2
CTGCCCCAAAGCCAAC,2
CTGTAACGGACGCCGT,2
CTGTCCAACTATTGGA,2
CTGTGTTATTCAGTTA,2
CTGTTAACCTGACTTT,2
CTTAACGCAGTAGATT,2
CTTAAGATTATTAGCC,2
CTTAGAACTGCAAGAC,2
CTTAGACTTATGTGTG,2
CTTGTTAAGCCCTTTA,2
CTTTAAATTCGGATAT,2
CTTTAGGTGGTTAAAT,2
CTTTATGCGAGCATTG,2
CTTTCGCGCACCGCGT,2
CTTTCTAATAGGCCAC,2
CTTTTAAAGGATCCTC,2
CTTTTACTAATGCTGA,2
GAAAAAAACTAAGAAG,2
GAAAATTAGATATCTC,2
GAAAGCCCGTCTTGTA,2
GAAAGGATTCAGAAGT,2
GAAAGTACATACCCGC,2
GAAAGTCTATTTCGCA,2
GAAATAATTAAATGTT,2
GAAATCAGAAGAGTGT,2
GAACAACTAAATACTT,2
GAACGTAATAAAAACA,2
GAACTATTGGACAAGA,2
GAACTCTTTTTGAAAG,2
GAAGTATTATAAATTC,2
GAATAAAGCAACTCAA,2
GAATACATGTGCAAAA,2
GAATAGTTTTATCATA,2
GAATCAAAAAGAGGTT,2
GAATCAGTTGCTACGC,2
GAATGCTCATGTCCTG,2
GAATGCTCCAGAATGC,2
GAATGTATGTACACAA,2
GAATTCTACGCTCGTC,2
GACAATCAAACGGAAG,2
GACACCCTCCAGAAAC,2
GACAGTAACCCACATG,2
GACATTAAGGTTTTAG,2
GACCATTGCATGTTGA,2
GACCCCGGAACAAAGT,2
GACCTGGCTTACCTAT,2
GACGGCGTTCTAGATA,2
GACGTGAAAAAGATCT,2
GACGTGATTCTATTAA,2
GACGTTTTATATTTAT,2
GACTTAGCTGTATTCC,2
GACTTCAAGGCATATT,2
GAGAACATACCCCTAA,2
GAGACTAAAATCTGAA,2
GAGAGAACTCAATCTG,2
GAGCCAGTAGTGAATA,2
GAGCCCCCGATGTTAC,2
GAGCGAGGGGAAAATA,2
GAGCGCCCTATCCAGA,2
GAGGACCTGGCCTGTT,2
GAGGCTTCTCAATAAC,2
GAGTACATCAATATGC,2
GAGTGAAAATGCAGAA,2
GAGTTCATTCTAGAAA,2
GATAAAACAGAAGCAA,2
GATAAAATGCCAACAA,2
GATAAATATGATCCTA,2
GATAACGGTCTTTACG,2
GATACAATACTGTTGC,2
GATACCATCAGACCCA,2
GATACGCACTAACAGG,2
GATACGGAATAGAAAG,2
GATATAAGAAACTATA,2
GATATCATTCTCGTAA,2
GATATTTAATTTTGGA,2
GATCGTGAGGGACACA,2
GATCGTTCCGAACCGA,2
GATGAATTATACAGTT,2
GATGATCGCGGCAATA,2
GATGCTGTGAAGAGTG,2
GATGGCAGCTTGCACA,2
GATTAATATTACATAC,2
GATTACCTTCGGACTA,2
GATTGTAACCTGTACA,2
GATTTCTACATATCCC,2
GCAACAAAGGCTACTT,2
GCAACCGAATTACACA,2
GCAACTACTAATTAGT,2
GCAAGAGTACATAAAA,2
GCAATACACGGACACA,2
GCAATCAAAAAAGGTA,2
GCAGAGTACTAGTCCG,2
GCAGGTACGCTAAAAA,2
GCATCAAGTTATTCAA,2
GCCAAGTTCCCCAAAT,2
GCCTAATGATTCTGTG,2
GCCTAGACGTAATGGC,2
GCCTCACACTTAGTAA,2
GCCTTGAGCGCGAAAA,2
GCGAATGAATACCGTG,2
GCGAGCCCAGTGCAAG,2
GCGCTTACACGTGGTA,2
GCGGACTACTAAATAA,2
GCGTCATTTCTTTCAA,2
GCGTCCTCCATTAACA,2
GCTAAATACTCAAAAA,2
GCTACTAGCTTGATAT,2
GCTCTAAATATGCAAA,2
GCTGAGAAATATATGT,2
GCTGCTAAATGCTGGA,2
GCTTCTCTCAATTTGC,2
GCTTGACGGCAGAATT,2
GCTTTATGCCGATCGG,2
GGAAAGGGTTATCCAG,2
GGAACGGCGCCATCCA,2
GGAAGCTAAAACTGCA,2
GGAATACATGGTAAGC,2
GGAATCACTCCATCTT,2
GGACCTTTACTCAAAA,2
GGAGCAGTCCTCCCTG,2
GGATGAAAGCTCGCCA,2
GGATGGTTTTTGAAGT,2
GGCAGTTCAAAAACTA,2
GGCCTCCAATATACTG,2
GGCGAAGAAGCCTATC,2
GGCGGCATAAGCCAGC,2
GGCTGCCGTACTACCA,2
GGGACTAATATGTATA,2
GGGCTACCACAGAAGA,2
GGGGAACAATCACCCG,2
GGGGACTTGATACCCT,2
GGGTACAACAGGAGTA,2
GGGTACTGGGCAGACT,2
GGTAAACAGTCTCATA,2
GGTATCACAACCGAGT,2
GGTATCCCAAAAGACA,2
GGTATCGAATCTAACC,2
GGTCAGTAGAAAAGCC,2
GGTGAAATTGATTGAT,2
GGTTCCCTATAAGTTC,2
GGTTGATTTATTGAAA,2
GGTTTAGCCGCTGCGC,2
GTAACAAAGTCGACCG,2
GTAACGTAACTACACT,2
GTAAGTCAAAAGGGTG,2
GTAATAGTGCACACAA,2
GTAATCATGAGGAAAA,2
GTAATTCATTATGACC,2
GTACCCAAAAACTATC,2
GTACCTAAACACAACT,2
GTACCTCAAAAAAACA,2
GTACGTAAAGATCACT,2
GTACTAATACGTACCA,2
GTACTTATGACTAACA,2
GTAGAGTTATAATAAT,2
GTAGCAAAGCAAAATT,2
GTAGCAGCGAATTTCC,2
GTATGAATACAAAGTA,2
GTATGAGTGGCAACAA,2
GTATGGCTGGTTTGCA,2
GTATGTAATGCATATC,2
GTATTTAACCGCCATC,2
GTCATACATACACAAC,2
GTCCAAACCGGTTGAG,2
GTCCAATCGCTCTGAC,2
GTCCCCGAGATGCGGG,2
GTCCGAAAACGTCCGA,2
GTCGAAATAGGCCGGA,2
GTCGATCGGATACCAT,2
GTCGTATATTACTCGG,2
GTCGTTCAAAAAGGCC,2
GTGAAAATTGGCACTC,2
GTGATGCCAAAACTGA,2
GTGGACCGTTCAGTAT,2
GTGGCTGTACAAAAGG,2
GTGTTAACAAGAGGTA,2
GTTAAACTTCCTTCAG,2
GTTACAGGTCAGAGCA,2
GTTAGGATATATTCTC,2
GTTATAGGAATGGCAA,2
GTTCAAAGCCGACCTA,2
GTTCAGAAAGAAACAC,2
GTTGCTAATTCCTGAA,2
GTTGTATTATATGATA,2
GTTTCGTACGCCAGGC,2
GTTTGGAGCAGACCCA,2
TAAAAAAACGGACCCC,2
TAAAAACGCTTCTTGT,2
TAAAAGATCATCACCG,2
TAAAAGTAACAGATAT,2
TAAACCATGCATTGAT,2
TAAACGACAGGCGCCC,2
TAAACGCAACCTGGAT,2
TAACAGTAGCAAATCA,2
TAACATGCAAATATTG,2
TAACTAATCAGAATTC,2
TAACTCTCCGGGAGTC,2
TAACTTAATGAGGATG,2
TAAGAAGATACTTGAA,2
TAAGATATCTAAGTTC,2
TAAGGGAAACACAAGT,2
TAAGTTAACAATGTAA,2
TAAGTTTTATATCTTT,2
TAATAACACCGCAGCG,2
TAATAACGCGCCCGAA,2
TAATCACACCGTCCAA,2
TAATCCAAAAAATAAC,2
TAATCCCTTTGTTTGT,2
TAATCTTCTCACAAAC,2
TAATTAATGGCCTTTA,2
TAATTGCGTTTTTAAT,2
TAATTTATATATCAAG,2
TACACCGAAGTAGGTT,2
TACATCCAAAACCTTC,2
TACCAGCCCCAAGCCG,2
TACCCGTCATTGCTTC,2
TACCGACCAATAAGAC,2
TACCTAATGAATGAAT,2
TACCTGTAGTTAAAAC,2
TACGAAAGCAGGGCCA,2
TACGAAGCAAATCTTC,2
TACGAATAACAGCAAA,2
TACGGGCGGAGGCCTG,2
TACGGGCGGCTTAACA,2
TACGGGCTTTTGTCTA,2
TACTAAATAAACCAAA,2
TACTAAATCAAGACCA,2
TACTACCAAAATAAGC,2
TACTCACCACACAAGT,2
TACTGATGTGTCTACA,2
TACTTAGTACTCATAG,2
TACTTATATAAAAGTA,2
TACTTCATAAACACTG,2
TACTTGCTACCCTCAC,2
TACTTGGCCAGCTGGA,2
TACTTTACTCAGCATG,2
TAGAAAGCAAGTGAAT,2
TAGAAATAACCGTTAA,2
TAGACTGACAACCAGT,2
TAGAGAGACTCCAAAA,2
TAGAGGCGACAAGTTC,2
TAGATACCGTTCCGAA,2
TAGATCTTACATAGGT,2
TAGCGCAACGGTTCAG,2
TAGGCAACTTTTCAGC,2
TAGGTTCAGAATATTA,2
TAGTACACCGCTGAAT,2
TATAAAAACACTTGTC,2
TATAACTAACATTACA,2
TATAATTATAAAGCCG,2
TATACAATCAATTCGA,2
TATACCAATATTACAT,2
TATAGATAATAGACAG,2
TATAGCCATGGGGAGC,2
TATAGGACAAACAAGG,2
TATATAACTGAAATTC,2
TATATCCGAAAAATAA,2
TATATTGGTCTCACTG,2
TATCAAACCAGACAAA,2
TATCAATCCTAGTCCA,2
TATCATTCCGGGTGTC,2
TATCGCCTAACCCGCA,2
TATCTTGGTAACCCCC,2
TATGAACGTGTCCAAG,2
TATGAGAAATTACACT,2
TATGATACACATAATC,2
TATGCAGAAAATGAAG,2
TATGCTTTAATAATCC,2
TATGTGTCGAACGCAT,2
TATTAAGCGCTATAAG,2
TATTACTTATTGATGG,2
TATTCCTGGACTTATC,2
TCAAAACTACACTTAC,2
TCAAGAGTTTAGCAGT,2
TCAAGCTTCTCAATTG,2
TCAATCACATTGCTGC,2
TCAATCGGAGGGCTTA,2
TCAATCTCGCGATCAT,2
TCAATTGACGACTAGG,2
TCACAAACGAATTGTC,2
TCACCGAAGAGAAGGT,2
TCACCGACCGTAATAT,2
TCACCGTTATAATGGA,2
TCACTGTGTGCTGATA,2
TCAGAATAGATAGCCT,2
TCAGAGTTTTATCATC,2
TCAGATACAAACTCAT,2
TCAGTGAGGCCGATAT,2
TCAGTTGGATTGCTAT,2
TCAGTTTCAGCATGAA,2
TCATTGCATATTAGCA,2
TCCAAGGACTTACCCC,2
TCCACATTAATGATAC,2
TCCACCAGTTTAAATT,2
TCCACCGCAGATTTAT,2
TCCAGCAAGACAAGTG,2
TCCCCCAAAACCAATC,2
TCCCGTTAAGCTACTG,2
TCCGACAAGTTGCTTA,2
TCCTCCCACTCCCACA,2
TCCTCTACTCGATCTA,2
TCCTCTTAGTAAGTCT,2
TCGAATAACAATAGAA,2
TCGATAATATCTTGTT,2
TCGATGAAAGTATGCT,2
TCGATTAAGTCCAGAA,2
TCGATTATCGTCTCTG,2
TCGGAAGCTTCTCAGA,2
TCGGTATTACTTCCTG,2
TCGGTTATAAATTCCC,2
TCGTCAGCCTAAAATA,2
TCTAAACGTATATGGC,2
TCTACTCTTCATATTA,2
TCTAGTAGTTATTGAA,2
TCTATACACGTATGAA,2
TCTATGAGCAAATGAG,2
TCTCCACCAACGCTAA,2
TCTCCGGCAGACCAAA,2
TCTCGTGCAAATGATT,2
TCTCTACATAGCTGGG,2
TCTGACAAGTAACCAT,2
TCTTAAAAATCAGAGT,2
TCTTACCCCATCCAAA,2
TCTTGAACTCAGACGG,2
TCTTGTATCATAACGA,2
TCTTGTCCAGACGGGA,2
TGAAACAAACACTGTA,2
TGAAATCGCGTCACTT,2
TGAACTCTATTTTACC,2
TGAACTTAGATTACAA,2
TGAATCCAATTCGGTA,2
TGAATCTCCTTACGTT,2
TGAATTTCGGCCCGAT,2
TGACAAACTCTAGCGC,2
TGACAACAGAACTTCA,2
TGACAACGAACTTAAA,2
TGACCTATGTAACTAT,2
TGACGATATGGCTTGC,2
TGACTCGTAATTAGAA,2
TGAGCCTATTACATAG,2
TGAGGAAATCCAAAGT,2
TGAGGTGATATGTGCA,2
TGATACGCCAGATTCA,2
TGATAGTGGACTCTAG,2
TGCAAAAGCAGACATA,2
TGCAGATACATAACCA,2
TGCAGCTCGAGGGGAA,2
TGCATAGACAACCTAA,2
TGCATTCCCAATGACT,2
TGCCAAGTAATTAAGA,2
TGCCTAACAATTATAA,2
TGCCTCACGATACTCC,2
TGCCTCTATGAAACAA,2
TGCCTGGTCTTTAAAG,2
TGCGTCACCATGTAAC,2
TGCTACGATACAATGC,2
TGCTATTCTGACTATG,2
TGCTTCGAAGCATAGA,2
TGCTTGCATTGTATCA,2
TGGACAGGATGTGATG,2
TGGAGACTTCGTTAAC,2
TGGATTAACAAATTCT,2
TGGCCAGCGGGACCAC,2
TGGCGTTAATTAGCGC,2
TGGGTTATCGGATGGG,2
TGGTAACTTTCCAGGC,2
TGGTTATTACAACACA,2
TGTAAACCATAAATTG,2
TGTAACAAAACATACT,2
TGTAATTAAAATTAAT,2
TGTACAAATCACGCTA,2
TGTACCACTCCCCTTT,2
TGTAGCCAAAACGTCA,2
TGTAGCGTTGTCAGGC,2
TGTATACATCCGGGGT,2
TGTATTCCTCTTGAAC,2
TGTCAAAGCATCTTAT,2
TGTCTATCCCACAAAA,2
TGTGACTACCAATTAA,2
TGTGCATACTTATTAT,2
TGTGCATGTCTGTATT,2
TGTTAATAGAAAATCT,2
TGTTATTTGCTGATAT,2
TGTTTAGTCTAAAATT,2
TGTTTTTGATCACCGA,2
TTAAAGCATTAGACAC,2
TTAAAGTATGTAGATA,2
TTAATCGCACGGCAAT,2
TTACAGGCATCGTTAA,2
TTACATCTAAGACAAT,2
TTACCCTATATTTAGG,2
TTACCCTTCTTGAGAA,2
TTACCTGTTGTAAATC,2
TTACTCTCAGCAAAAA,2
TTAGACGGAAAAGGAG,2
TTAGGCCATGCAAAGA,2
TTAGGTTGATTTCAGT,2
TTATTCTATCCTAACT,2
TTATTTCTGTACAAAA,2
TTCAAGAATGATAGAA,2
TTCAAGCCGGTATTGT,2
TTCAATGAAGGAGGAA,2
TTCACATACGGAAGCG,2
TTCCACAATATATTCC,2
TTCCATTGAGATGGAT,2
TTCGTCTGCTATAAGA,2
TTCTAATAAAAGAGGA,2
TTCTATCCTAATACAG,2
TTCTGCTAAAGAGGAT,2
TTCTTCTATAGACAAC,2
TTGAACTTTCGTCCAT,2
TTGACAGCTCTAAATG,2
TTGACCCAAACAATCA,2
TTGACCCGAGCCCCCC,2
TTGATCAACCAGACGT,2
TTGATTATCAGCAACG,2
TTGATTCGAACTCAGA,2
TTGCAAGCGCCTTTTG,2
TTGGCCAAATAATGTA,2
TTGGCTTACGAAGAGT,2
TTGTTCAATTGGCGTA,2
TTTAATAAATGGAACT,2
TTTAGACCTAATTATG,2
TTTATTAAACAAACTT,2
TTTATTCATACAACAT,2
TTTCATCGACTACGCC,2
TTTCGTCCTCGATAGG,2
TTTGAAGATAATAGAC,2
TTTTAGAAAAGAAGCA,2
TTTTCAGGATACAGTA,2
TTTTCTAATCAATCTA,2
TTTTTACTTAAACCTG,2
TTTTTAGTTGAGCAAT,2
AAAAAACAGTTACACA,1
AAAAAACCAACGCCGG,1
AAAAAAGTAACAGAAT,1
AAAAAATATCCTTCAG,1
AAAAAATATTAGCGAG,1
AAAAAATTTTTAACGC,1
AAAAACAACTAGAACC,1
AAAAACACAAGTCTTG,1
AAAAACACAATAAAAG,1
AAAAACATGTTAAACA,1
AAAAACCAATGAAACC,1
AAAAACCTCGCACAGT,1
AAAAACTATAAAAGAA,1
AAAAACTCAGAAGCCA,1
AAAAAGAATGACTAGT,1
AAAAAGATATATAGAC,1
AAAAAGCGCGGCCTAA,1
AAAAAGGCAGGCAATA,1
AAAAAGTGACAAAAAA,1
AAAAAGTGAGCCGTTA,1
AAAAAGTGTATGAATC,1
AAAAATACAATCCATA,1
AAAAATAGCATAACTT,1
AAAAATGAAAAAAGTA,1
AAAAATGAAGCGTCGC,1
AAAAATGGATAAATTA,1
AAAAATTATCATAGAT,1
AAAAATTCTCCGCGAA,1
AAAACAATGATGTTTG,1
AAAACACTTCCAAGGA,1
AAAACCAGAATCGTCT,1
AAAACCATACAAAATT,1
AAAACCGCCTCAAAAC,1
AAAACCTAGTACTAGA,1
AAAACCTTACGAATCA,1
AAAACCTTTATTACAA,1
AAAACTAATTAGTTTT,1
AAAACTCATAAAGATC,1
AAAACTCGCGCTCATA,1
AAAACTGAAAACATGA,1
AAAACTTAGACCCACT,1
AAAACTTCATAACAAC,1
AAAACTTCTTAATACC,1
AAAAGAAATAGGGTTC,1
AAAAGAATTTATACAA,1
AAAAGAGAGGATACTA,1
AAAAGATTTTACAGAG,1
AAAAGCAAAACAAAAA,1
AAAAGCAACTACATTT,1
AAAAGCACTAACAACT,1
AAAAGCCCCTGAAAAA,1
AAAAGGGATAAACTAA,1
AAAAGTCTCAGAGAAT,1
AAAAGTGTATGATGCC,1
AAAATAAAACAATAGA,1
AAAATAATGTTCGGCA,1
AAAATACGTATTTAAA,1
AAAATAGAATACAAGT,1
AAAATCATAAACAATT,1
AAAATCCATTGGTTCA,1
AAAATCTTACTAATTA,1
AAAATCTTGAAACCCC,1
AAAATGCAAAAGCTTA,1
AAAATGCATCCGTAGA,1
AAAATGGTCATATCAC,1
AAAATTAATATACTAT,1
AAAATTATCACTAAAA,1
AAAATTCGTTTCAGTG,1
AAAATTTAGGCATAAG,1
AAAATTTCTGATATGG,1
AAACAAGACTTAATAA,1
AAACAATACAGCCAGT,1
AAACACAGCACCAGTA,1
AAACACATAAGAACCA,1
AAACATGGTGATCAAA,1
AAACATGTGAAAAACA,1
AAACATTCAGTGTCCG,1
AAACCAAAGTACACTT,1
AAACCATCTATTACAT,1
AAACCCGCAAACACCA,1
AAACCTCCATAGGCAA,1
AAACCTTAATGTACTT,1
AAACGAACCTCCGACA,1
AAACGATAACGCAACC,1
AAACGCCTAGCTTTGA,1
AAACGCTATATCTCTA,1
AAACGCTCAAATGGAG,1
AAACGCTCTTATATCA,1
AAACGTACATGGACCT,1
AAACGTGTCACACTGA,1
AAACTAGACCGAATCA,1
AAACTATAGCTTGTGC,1
AAACTCAATCATGCGG,1
AAACTGAAGCTGAAAA,1
AAACTTGATTTGCATT,1
AAAGAACCCAATCCTT,1
AAAGAACTGGACACTA,1
AAAGAAGCAGGGTCAG,1
AAAGAAGTCCAAGACT,1
AAAGAATAGGATAAGA,1
AAAGAATGGAAAAGAC,1
AAAGACAGTTTATCGC,1
AAAGAGAATTATTTTT,1
AAAGAGATGATTCGAA,1
AAAGAGGTTAAAATCT,1
AAAGATAGAATGCCCA,1
AAAGATAGATCAGCCT,1
AAAGATATGCACCTGT,1
AAAGCAACATTTCAAG,1
AAAGCAATAAAAAGTA,1
AAAGCACTTCTCATTT,1
AAAGCATTTTCACTTT,1
AAAGCCCCAAAAAAAT,1
AAAGCGCACAGACGTT,1
AAAGCGCATATACGCA,1
AAAGCGTGCCATTATA,1
AAAGCTAAGCATATAG,1
AAAGCTAGGTCCTCGA,1
AAAGCTGAATATATGA,1
AAAGCTGTACCTGTAC,1
AAAGGATTAGGCATAT,1
AAAGGCAAGAGCCGGC,1
AAAGGCCTCGTTTCTC,1
AAAGGGGTGGCACAAG,1
AAAGGTAGAGACTTCA,1
AAAGGTCGATACATAC,1
AAAGTACAGGAGAATT,1
AAAGTACATCTCTCTA,1
AAAGTACCATGTTAAT,1
AAAGTAGATTAGAGTA,1
AAAGTATGGTGCGATC,1
AAAGTCAAACTTATTT,1
AAAGTCACCATCCCTC,1
AAAGTCATGTTTTGAC,1
AAAGTCCCACCAAGCT,1
AAAGTTATCTGACAGA,1
AAAGTTCACACAGATG,1
AAAGTTCGAAGATTCG,1
AAAGTTGAGCAAAGCA,1
AAATAAACATGTACGG,1
AAATAAAGGAAAAGTT,1
AAATAAAGGCTTAAAA,1
AAATAACATCCCGAAG,1
AAATACAAATATTCAA,1
AAATACAAGATCTATC,1
AAATACACCGACCAAT,1
AAATACCCGTCGCCTC,1
AAATACCTATAGGCTA,1
AAATACTGCCCAAACC,1
AAATAGAGACAGTTTC,1
AAATAGCAAATAATTT,1
AAATAGCAATTGGGTA,1
AAATAGCAGCGTTTAA,1
AAATAGCGGATAAGGG,1
AAATATCAACCAACCT,1
AAATATCGGTTATGCG,1
AAATCAATCGAAAGGA,1
AAATCAATGAGTACTT,1
AAATCAGTGTGCTAGT,1
AAATCATAAGTACAGA,1
AAATCATACTCCTTAT,1
AAATCATAGCGGAACG,1
AAATCCAAACGCCACA,1
AAATCTAAATTACTCC,1
AAATCTGCAATAAGTT,1
AAATGAAGTGTATTGG,1
AAATGACACTACGTTG,1
AAATGAGATGAATAAG,1
AAATGAGCCCCTCCCA,1
AAATGAGTCCACATTA,1
AAATGCATTCCGTGTA,1
AAATGCATTCGTGATA,1
AAATGCGAAAAGTTTT,1
AAATGGGTTACAATCC,1
AAATGTACAGTATCTC,1
AAATGTACTTAACCAG,1
AAATGTCAATTCGCAA,1
AAATGTTTTTAGAGTA,1
AAATTAAAGTATATCC,1
AAATTAATTTAAAATC,1
AAATTACGCATAACCA,1
AAATTATAAAGATCGG,1
AAATTATTAAATCGCA,1
AAATTCAATGCTACAG,1
AAATTCACTTCGGACA,1
AAATTCATTTGTCTAT,1
AAATTCCTATGCGATC,1
AAATTCTGTGCGATTA,1
AAATTGTAAAACGAAA,1
AAATTGTGGCATTAAA,1
AAATTTACCATTAAAT,1
AAATTTACTAAACCGG,1
AAATTTCCCGCACAAG,1
AAATTTCGAATCACGT,1
AAATTTCTAAGATTAA,1
AAATTTCTACAGATAC,1
AAATTTCTTTGTAGGA,1
AAATTTTAGGAGCAAT,1
AACAAAAAATTCAACT,1
AACAAAACTGGGAATC,1
AACAAAATAATAAAAA,1
AACAAAGAGCGCGCCC,1
AACAAAGAGTTATAAA,1
AACAAAGTATCCCATT,1
AACAAAGTCTGTGTAT,1
AACAACGATGAGCTTT,1
AACAACTGTAACCCAA,1
AACAACTTAGATACAA,1
AACAACTTGGTACCAC,1
AACAAGACTCGCTCTA,1
AACAAGCATAGATCTG,1
AACAAGTATCACATCC,1
AACAAGTTCCCTTATC,1
AACAATAACTATCAGT,1
AACAATATAAACCTAA,1
AACAATGGAGACAAAT,1
AACAATGTTTACAACT,1
AACAATTATCATTCAA,1
AACAATTATTCACTTC,1
AACAATTCCTTAATCT,1
AACAATTCTAGCGATG,1
AACAATTTCTTTTTCC,1
AACACATTGAATCCTG,1
AACACCAACAAGTTCA,1
AACACCCAATATGGCA,1
AACACCCATTGATAGA,1
AACACCCCTGGGGCTA,1
AACACGAAACGTATAG,1
AACACTAAACATACCC,1
AACACTAAAGTAATCA,1
AACACTCTGCGCCAGG,1
AACACTGAACAAGCCA,1
AACACTGGGATAACTC,1
AACACTTAATATCAGT,1
AACACTTCTTAAGTCC,1
AACAGAACCAAGAAAG,1
AACAGAACGTACAAGA,1
AACAGAATATAACCGA,1
AACAGACCATAGCATA,1
AACAGACCTAAAGTTT,1
AACAGCCTCTCACGGT,1
AACAGGAGTGACGTGG,1
AACAGGTCCAGAAACC,1
AACAGGTTTAAACGAA,1
AACAGTGGCGACAAAC,1
AACATAAACCATATTA,1
AACATAATAACAACAA,1
AACATAATTAAAATTT,1
AACATAGCGATAAGTC,1
AACATATACCAGAACA,1
AACATATTCATAGAGG,1
AACATCGATGAGCTTG,1
AACATCGATTTTCCAG,1
AACATCTGTGATTAAA,1
AACATGATACAAACTC,1
AACATGATGGCTCTCC,1
AACATGCGACGGTGTC,1
AACATTCCCATAGCAA,1
AACATTCCCTAGAGAT,1
AACATTGAAAAAATTA,1
AACCAAACAGCGATAT,1
AACCAAACCGGCAAGG,1
AACCAAAGATGCCTTA,1
AACCAACAGCGACCCA,1
AACCAACATGTAGGCA,1
AACCACCTTTGCGCTC,1
AACCAGTAGCGAAGAA,1
AACCATCTGTTTCAGG,1
AACCATGGACCCTGCG,1
AACCATTCCGAAACAG,1
AACCATTGGTACCATC,1
AACCATTTTTTAGACT,1
AACCCAATCCAAACAA,1
AACCCACTGCGCATCC,1
AACCCAGAGTCACGGT,1
AACCCCGAACCACAAA,1
AACCCCGGAATTGAGA,1
AACCCGCCGCCGTTGC,1
AACCCGGTGGAAAAAA,1
AACCCGTACACTAAAG,1
AACCCTAAGCACTAGA,1
AACCCTCCCACAACAC,1
AACCCTCTTCACCCAT,1
AACCCTGAACAACCGG,1
AACCCTGGTACAACTA,1
AACCCTTAACACAAGA,1
AACCCTTTTACCTTTC,1
AACCGAATGAGAGAAC,1
AACCGAATGCACTGTG,1
AACCGCTGCTGCCCCA,1
AACCGTATATATTATA,1
AACCGTGATTCAAAAA,1
AACCGTGCTAAACATT,1
AACCTACCAAAGACTA,1
AACCTACCCCGTAATC,1
AACCTCAAATATAGCC,1
AACCTCGTAGGAAACC,1
AACCTCGTCCTACTTG,1
AACCTCTAAGTACCGC,1
AACCTCTTAAACATTG,1
AACCTGAAAGGAGAAC,1
AACCTGAATATGACGT,1
AACCTTCTACTAGCCT,1
AACCTTTCACTTCAGT,1
AACGAAAAATGGGATC,1
AACGAATAATGTAACG,1
AACGAATTAACTACAC,1
AACGACTAACGTCAGG,1
AACGAGCAATGTACCA,1
AACGAGCCAATAGGGA,1
AACGATACCGTGTTCA,1
AACGATCTAACAACAA,1
AACGCAATTGATCTAG,1
AACGCACTGTTTAAGC,1
AACGCATAGTTACAGC,1
AACGCGAAAAGTGACC,1
AACGCGAGCAACTATA,1
AACGGAAGCCAAAATA,1
AACGGAGGACCCTCAA,1
AACGGTAACCGAACGG,1
AACGTAACATCCTTTA,1
AACGTACTCTCAAACC,1
AACGTCTGTCTCCAAC,1
AACGTGGGTGGCATAG,1
AACGTTCCTACAGGTG,1
AACTAAATCACACACA,1
AACTAAATCGCCCATG,1
AACTAACACATAATCT,1
AACTAACTGCCTTTTC,1
AACTAAGAGACCAGTC,1
AACTACACCAAAGGCC,1
AACTACAGCCAAAAAT,1
AACTACCAGACAGCAC,1
AACTAGAAAATTCATT,1
AACTAGGATGTTCTAG,1
AACTAGGTCCAATACT,1
AACTAGTTATGCACTA,1
AACTAGTTTTAAATAG,1
AACTATAATCTATACG,1
AACTATAGTTACCGGA,1
AACTCATGGATTTAAT,1
AACTCTCGAGCCTGCG,1
AACTCTTCTAAAATGA,1
AACTCTTGATGGGTAT,1
AACTGCAGATGAATTA,1
AACTGGCCCTGGAAAA,1
AACTGGGAGGACACGA,1
AACTGTAAGTACAGGT,1
AACTGTTAAGTCTTGC,1
AACTTAAACACACAAA,1
AACTTATCGAGCACGG,1
AACTTCGACCATTTGC,1
AACTTCGTGCACGAGG,1
AACTTGATACAATCTC,1
AACTTTTATTTGAAAT,1
AAGAAAACGTTAACTG,1
AAGAAAACTACCGTAA,1
AAGAAAAGTAAAGTTA,1
AAGAAACAAACAGTTT,1
AAGAAACATTTGCAAC,1
AAGAAAGAAGTATAGG,1
AAGAAATATAGCTACC,1
AAGAAATGAGAACTGC,1
AAGAAATTTTACCGGC,1
AAGAACAATACTCCAG,1
AAGAACGGAAAACCTA,1
AAGAACGTTATTCCCT,1
AAGAACTAAGAGTTGT,1
AAGAACTGATGTTAAC,1
AAGAACTTGAGTTAGC,1
AAGAAGTTTCGACAAC,1
AAGAATAAATGCGAGA,1
AAGAATATCTTTTAGA,1
AAGAATCGTATCGGAA,1
AAGAATTTTATCTCGT,1
AAGACAAAAAAAAAAT,1
AAGACCCACGCACAAT,1
AAGACCTCGTGAGTAG,1
AAGACCTGCGTCTAAT,1
AAGACGTCCGTGCTAA,1
AAGACTGTATTGTCAG,1
AAGAGAGCTAAATTAT,1
AAGAGAGGTCGAATTT,1
AAGAGCTCCCACGAGA,1
AAGAGGTTGAGTCGTA,1
AAGAGTCATTAGGTGT,1
AAGATAAGATCAACAG,1
AAGATATTGACATTAT,1
AAGATCACTAAAGAAC,1
AAGATCCATCAGGTCG,1
AAGATGAGAGATTGTA,1
AAGATGCCGATCAGCT,1
AAGATGCTAAAAATTA,1
AAGATTAATATATTCC,1
AAGATTGGGTATGAGA,1
AAGCAAATACATCGTA,1
AAGCAATAACTAGAAT,1
AAGCAATGCCCCACGT,1
AAGCACTATAGCAGGG,1
AAGCACTTACAGAATA,1
AAGCACTTTACAACGA,1
AAGCAGAAGTATACAT,1
AAGCAGATGTCTCAAT,1
AAGCAGCCCTGGGGCA,1
AAGCAGTTTAATACGG,1
AAGCAGTTTATTTCCT,1
AAGCATAATTTGGCCA,1
AAGCATACCTATTAGG,1
AAGCATATGTGGCCTG,1
AAGCATCCACTATCTT,1
AAGCATCCGGATTTTT,1
AAGCATGCGCCCTAGA,1
AAGCCACCAAAAAGTG,1
AAGCCCGTAGAGCTGG,1
AAGCCCTTTTAATACA,1
AAGCCGGATAGAAACA,1
AAGCCGGTGACTAAAT,1
AAGCCTTTATCTTGAG,1
AAGCGAAATAAAGACG,1
AAGCGATAATAGCTGT,1
AAGCGCACTGACCGTT,1
AAGCGGTATATTCAAA,1
AAGCTAGGCTAACCAA,1
AAGCTCAAGTATGCTA,1
AAGCTGCGTCGCGCGT,1
AAGCTGGTGGTGCTCA,1
AAGCTTTAGGGCCACC,1
AAGGAAAAAACCCTCA,1
AAGGAAAAACTTGCCT,1
AAGGAACATTTTAAAT,1
AAGGAATAGAAATTGA,1
AAGGAATCGCCCAAGA,1
AAGGAATGAGCTAGAA,1
AAGGACATAAGACCAA,1
AAGGACTGAAATCCCA,1
AAGGAGGACCCAAAAT,1
AAGGAGGGACAGAATG,1
AAGGCGTCACCAAAGC,1
AAGGGAACACACTATC,1
AAGGGAAGTACATGAA,1
AAGGGAAGTCCCCTAT,1
AAGGGCGGATACCTTT,1
AAGGGGACTAGGGCAA,1
AAGGGTTAAAGTCACA,1
AAGGGTTCCGAAACAG,1
AAGGTTCGCTCTATAT,1
AAGGTTTGGACAGGTG,1
AAGTAAAACTTTACAT,1
AAGTAACTTACTCCAG,1
AAGTAAGTTCCATAGT,1
AAGTAATCAAGTGCAG,1
AAGTACGCATATAACT,1
AAGTAGTAAAATTGCC,1
AAGTAGTGTACCCCAC,1
AAGTATCATTCTAGCA,1
AAGTCCCACTAACTCT,1
AAGTCCCTACTTAAGG,1
AAGTCCCTGGCGAAAA,1
AAGTCTAAATAAAATC,1
AAGTCTAATGTCCCTT,1
AAGTCTCAACAGTTAT,1
AAGTCTCACAAATGAT,1
AAGTCTTAAAACGATC,1
AAGTGAACTAGGCGCT,1
AAGTGACAGTGCCAAT,1
AAGTGCACTATTGCAC,1
AAGTGCGGTGTGCTGT,1
AAGTTTGAATATCACA,1
AAGTTTTCATAAGATT,1
AATAAAAGGCCATCTA,1
AATAAACTATGAAGAT,1
AATAAATAAGCAAAAT,1
AATAAATCAGCTGCAC,1
AATAAATTAACTTATA,1
AATAACACACGCAAAC,1
AATAACCTGTTGTTTA,1
AATAACCTTAAGCCCT,1
AATAACTACACAAACC,1
AATAACTAGACATTAT,1
AATAACTGTAGTAGGA,1
AATAAGAAAAAAACTT,1
AATAAGAATAGAACGT,1
AATAAGAATGCAACAT,1
AATAAGACGAGCTAAA,1
AATAAGTCTCAGGTGC,1
AATAAGTTTAATAACA,1
AATAAGTTTCTACACT,1
AATAATCAAAGGGAAT,1
AATAATCCTACTGTTA,1
AATAATGACCACGGTC,1
AATACACACAGCCCCT,1
AATACACCTAAGAAGA,1
AATACACTCTAGCCAT,1
AATACAGAAACTCCAT,1
AATACAGCCGCATAAT,1
AATACATATTACCCCA,1
AATACCCATGCTAATT,1
AATACCGCCTATATTC,1
AATACGAAAAACATCC,1
AATACGACTCATCCAG,1
AATACGCATAAACCTA,1
AATACTACACACAATC,1
AATACTATATATTGCT,1
AATACTTCCAGAAACA,1
AATAGCAAAGTAGCAT,1
AATAGCAAGCCACCCA,1
AATAGCATTGGGTAGC,1
AATAGCCTAGCCTTAC,1
AATAGCTGTGTTGCAC,1
AATAGGAAGTGACCTC,1
AATAGGTGGTCACAAG,1
AATAGTGTAACTTATA,1
AATAGTTCTCCAGAAC,1
AATATAAATGAGTCGA,1
AATATAAGAGTCGCCC,1
AATATACCTAACTCAA,1
AATATACCTTATAGAA,1
AATATACTAATGATCG,1
AATATATCATATACCC,1
AATATATGGGAGAGTT,1
AATATCATACTTGACC,1
AATATCCCAACGATCC,1
AATATCTAGGATGGTC,1
AATATCTTAGTGAATC,1
AATATGTTTACCCTAC,1
AATATTAACACAGAAC,1
AATATTAAGCTCCTCG,1
AATCAACAATAATGTC,1
AATCAACTACACCTAA,1
AATCAACTGCTTATAT,1
AATCAAGAAAATGCCT,1
AATCAAGATCCAAAAT,1
AATCAATAGAAAACTA,1
AATCAATGTAAGCAAC,1
AATCACGGACTCTACA,1
AATCAGAAGTTAAATG,1
AATCAGTGCCTTCCAT,1
AATCATAGGTGATACC,1
AATCATATATATAACG,1
AATCATCCAAGGGGCC,1
AATCATGCATAATGTA,1
AATCCAGACTCAGATC,1
AATCCCAGAAGACTCT,1
AATCCCGATCCGGTTC,1
AATCCCGGTAAAATAC,1
AATCCCGTCATTCAAT,1
AATCCTGACCAGAATA,1
AATCCTTGATTGTATT,1
AATCGAACCAACTAGT,1
AATCGACGATAGGATT,1
AATCGATCATTAGAAT,1
AATCGCCTTACCGCCC,1
AATCGGACGACCTTAA,1
AATCGTAAGCTGTGAA,1
AATCTAATCGAACAAT,1
AATCTAATTACAAGCC,1
AATCTGAAAGAATGAT,1
AATCTGAACGATAGTA,1
AATCTGCTAGGTACAA,1
AATCTTAACCAAGTCT,1
AATCTTAAGTTTCTAT,1
AATCTTTCATAAGAAG,1
AATGAAATATGGTAGA,1
AATGAAGCCAGAAATC,1
AATGAAGGATATAACC,1
AATGACAACCCACGCC,1
AATGACCAAGAGCAAA,1
AATGACGTAACTTGAT,1
AATGAGAAAGCCACAA,1
AATGAGCATCTAACTA,1
AATGATACCACTGCGC,1
AATGCAGCCATGATCA,1
AATGCAGCGTAATTCT,1
AATGCAGGTGTGAGAT,1
AATGCCCCCGCCTAGT,1
AATGCCGGCCTTTACA,1
AATGCTAACATTTCAC,1
AATGCTCGATAAAGAA,1
AATGGACCTGAAATAC,1
AATGGGAAAAAGATAT,1
AATGGTCTTGCCACCA,1
AATGGTGTTGAGTAGG,1
AATGTAAAGCTTAAGG,1
AATGTCCTAGAATTAA,1
AATGTGAATAAGGCTC,1
AATGTTATTCTAGTTC,1
AATGTTTCGGTTCCCA,1
AATTAAAATTTAAGTC,1
AATTAAAGTGTCGGGT,1
AATTAAATTAAGCTGT,1
AATTAAATTCGGTCGA,1
AATTAACGATTAAAAT,1
AATTAAGGACTGTATG,1
AATTAAGGCAGTAGCC,1
AATTAATACCGTGATT,1
AATTAATTGAGGAGCA,1
AATTACGTATCTTACC,1
AATTACTTCCGATAGT,1
AATTAGGCATTGATAT,1
AATTATAATACGAGAC,1
AATTATCCTACATCTC,1
AATTCAAAATCCACCG,1
AATTCAACTGAATATC,1
AATTCAATTCAAAAAA,1
AATTCAGATTAAAAGT,1
AATTCAGCAAATAAGT,1
AATTCATCACCATGTA,1
AATTCATCATATCCGT,1
AATTCCCAGCCGAATT,1
AATTCCGTACTATAGA,1
AATTCGGGTCATACGA,1
AATTCTAATTTACTGT,1
AATTGACTAGACATTC,1
AATTGCCATAAAATAG,1
AATTGGCATATATACT,1
AATTGTATTATGATAA,1
AATTGTGCATATACAT,1
AATTTAAACTTACCCT,1
AATTTAAAGCACCAAA,1
AATTTAACAAGATGGT,1
AATTTAACTAATTACA,1
AATTTAATTTGGCATT,1
AATTTACCACAGGAGC,1
AATTTAGCTTTTTATA,1
AATTTAGTATATAACT,1
AATTTCAACAATAATG,1
AATTTGAATTTTCTTA,1
AATTTGACTGTGCATC,1
AATTTGAGTAATCATT,1
AATTTTCCCCGGGCCG,1
ACAAAAAAATCTTAGG,1
ACAAAAAATATGAATA,1
ACAAAAAATCACTTAC,1
ACAAAAATCACCTCAA,1
ACAAAACACCATCAGC,1
ACAAAACTTCACTAGA,1
ACAAAAGAACAAATTA,1
ACAAAATTTAAAAACC,1
ACAAACAATAGTTGAA,1
ACAAATCACAAGTGTA,1
ACAAATCCCCAAACGA,1
ACAAATCCGAACCCCA,1
ACAAATGGAAACTACA,1
ACAAATGGAGAAATTG,1
ACAAATTAGGCGAACG,1
ACAACAATGTAGCCTA,1
ACAACACGCCTCAATA,1
ACAACAGATCACCTGG,1
ACAACAGTCATAAAAC,1
ACAACCAACTTTCTAT,1
ACAACCACAGTTTTTA,1
ACAACCCAAATGTGTA,1
ACAACCGAAAGCAGAA,1
ACAACCTTAGCCTTGG,1
ACAACTCAGGTAATAT,1
ACAACTGAAAAAGTAT,1
ACAACTTTACAGAGCT,1
ACAAGAACGATCACAT,1
ACAAGAATACGAGAAT,1
ACAAGCAATGATGACA,1
ACAAGCCCCCAGATGG,1
ACAAGCTTAAATGTAA,1
ACAAGGCAATGACAAC,1
ACAAGGCGGTATTTGT,1
ACAAGGGATATCCCGA,1
ACAAGGTTTATTTATT,1
ACAAGTATGTGTTATG,1
ACAAGTCATACTCATT,1
ACAAGTTTGCCGATTG,1
ACAATAAGAATCTAGT,1
ACAATAATTGGACGTC,1
ACAATACCAATTATTC,1
ACAATACCGGGCCACA,1
ACAATAGGACCAACCG,1
ACAATATCCCACATCT,1
ACAATCACAGACCTCG,1
ACAATCCAACTATTCG,1
ACAATCCATGAATATA,1
ACAATCGGAATCAAGA,1
ACAATCTCTGCAATTA,1
ACAATGCAACTTAAAT,1
ACAATGTAAACTACCT,1
ACAATGTAACCAACAT,1
ACAATTAGTGATTAAC,1
ACAATTATAACAGGAT,1
ACAATTATAAGCAGAA,1
ACACAAAAAAATAATA,1
ACACAAGAAAGCGTTA,1
ACACACAACTAAAAAA,1
ACACACAAGACTAAAT,1
ACACACATACTAAAAG,1
ACACACCACTAGATAC,1
ACACAGTATGTACTCT,1
ACACATACTATGGAAT,1
ACACATAGGAAATGAA,1
ACACATCTTACAAATA,1
ACACATGTCAAAACTG,1
ACACATTAATGGATTG,1
ACACATTTAATGTACT,1
ACACCAAACACAGGGA,1
ACACCACTCCAGTAAT,1
ACACCAGACGATAAAG,1
ACACCAGGGTCTAACA,1
ACACCTCGATGACATG,1
ACACGAACAACTCAGG,1
ACACGCACGTAACTAG,1
ACACGCATCGCAAATC,1
ACACGCCAGAATCTAA,1
ACACGTCTAGATCTTA,1
ACACGTTCAACTTTGT,1
ACACTAAGTTATAAAA,1
ACACTATAAAATGCAG,1
ACACTCCTCACCAAAC,1
ACAGAAGGTAACACCC,1
ACAGACATAATATAGA,1
ACAGACTAGGGTTCCG,1
ACAGAGTACGATAATA,1
ACAGATAAAGACTGAG,1
ACAGATACAAGGTTTG,1
ACAGATAGTCGTAACT,1
ACAGCAGCTAATTCTC,1
ACAGCATATATTGTTA,1
ACAGCCCTACACTTGT,1
ACAGCTTTGCAGCATT,1
ACAGGCAAGAATAGCC,1
ACAGGCGCATAAATGC,1
ACAGGGACCTTGGTAA,1
ACAGGGCAAATTCCTG,1
ACAGGTTAAAGTGGGT,1
ACAGTAATGTCCAAGA,1
ACAGTCCAAGACAAAA,1
ACAGTCCTGACCACCA,1
ACAGTGCGATTGAGAG,1
ACAGTTTTAATCTAAT,1
ACATAAAGACATAACC,1
ACATAAAGCTTGATTC,1
ACATAATCAGGGACTT,1
ACATACCCGCCGAGTG,1
ACATACTATCAGAGCA,1
ACATAGAAGTTACGTA,1
ACATAGACGTAGTGGG,1
ACATAGCAACCCTTTG,1
ACATAGTGCTACTCCT,1
ACATATAGAAGGTGCT,1
ACATCGTGATATTGTC,1
ACATCGTTCAAGCGAT,1
ACATCTCAGCATGTCT,1
ACATCTGAAATGTTTT,1
ACATCTGCAAAACCAT,1
ACATGAAAAACATTGC,1
ACATGAATAGAGAGCA,1
ACATGCCTGGCTATTA,1
ACATGCGTTATTGTAA,1
ACATGCTGTAAATATC,1
ACATGCTTGTATTCCC,1
ACATGGTGGGTAGTAC,1
ACATGTGCACATTGAC,1
ACATTAATAGAAATAT,1
ACATTACAGTTCTAGG,1
ACATTCCCCCGAAGAC,1
ACATTCCTAATCACGA,1
ACATTCTAAAATCATA,1
ACATTTATCATCCATA,1
ACATTTTTGTTTAATG,1
ACCAACATTGTAAAAT,1
ACCAATCCTAGCTCGG,1
ACCAATCGACACCTAA,1
ACCAATGAAGATTTAG,1
ACCAATTGAAATAGGA,1
ACCACAGAGACGCGCA,1
ACCACAGTTAAAGACT,1
ACCACCACGACGTTCA,1
ACCACCAGAAAAACAG,1
ACCACGTCACTAGCCA,1
ACCACTATAATAACTC,1
ACCACTCATCTTATAC,1
ACCACTCTAAGTATAG,1
ACCAGAAAAGGCAAAA,1
ACCAGAACTAGTATGC,1
ACCAGACGGACGCAAA,1
ACCAGCACATATAGGA,1
ACCAGCCCGGACCACG,1
ACCAGGTATCGCAGGG,1
ACCAGTCAGCATTTAG,1
ACCAGTCTCGATGAAT,1
ACCAGTGAGGAGGTAG,1
ACCATAAACTTTTTAG,1
ACCATAATAATTACTC,1
ACCATACCCCTAAAGT,1
ACCATAGTCAGAATCC,1
ACCATGGAACTTCCAA,1
ACCATGGTTGACAACA,1
ACCCAACAAAAAAGAA,1
ACCCAAGGCAAAAACA,1
ACCCAATATGGCATAG,1
ACCCAATCCCTAATTA,1
ACCCAGGACAAACTGG,1
ACCCAGTACGCATCAA,1
ACCCAGTCAGATTGGG,1
ACCCATAACCACAGCC,1
ACCCCACATTTACTAA,1
ACCCCCTGAATCAATA,1
ACCCCTATGCGCGGGG,1
ACCCGAAGGGTGAAAT,1
ACCCGATGAGCATTTA,1
ACCCGCCAGCTCAAGT,1
ACCCGCCTTGCAAATT,1
ACCCTAAATGAATCGT,1
ACCCTACGGGATAAAA,1
ACCCTATTCACAGAGT,1
ACCCTGAAAAGCTTGA,1
ACCCTGGTATATGTTA,1
ACCGAACGGGAACCTA,1
ACCGAACTTAGACAGT,1
ACCGACATTATTTTGA,1
ACCGAGCTACCTTAGT,1
ACCGCACAACACGACC,1
ACCGCTCTTAGGCGCA,1
ACCGGAATAAAAATAT,1
ACCGGCAGATTGCACT,1
ACCGGGCCCTTATGAG,1
ACCGGGTAGTTCACCA,1
ACCGGGTTTGATATGC,1
ACCGTCCTACTCCCAG,1
ACCGTCTAGGTACTTC,1
ACCGTTACTTTCAAAC,1
ACCTAAGCCACTGCCT,1
ACCTAATCAACTACCA,1
ACCTAATTTATTAAAA,1
ACCTACTCGATAGGTT,1
ACCTAGGTAACACTTT,1
ACCTATTGACTGGTAT,1
ACCTCACAACAATAAA,1
ACCTCAGGTATTTTAG,1
ACCTCCATAACTCATC,1
ACCTCCATGAGGCAGA,1
ACCTCTGGTCGGATAT,1
ACCTGATAATCGGTGC,1
ACCTTAATATAATGTT,1
ACCTTACACACTTTTC,1
ACCTTCCAATTATATC,1
ACCTTCCCAAACACCA,1
ACCTTCGATCTTAACC,1
ACCTTTTCGGGCTGAG,1
ACGAAAAATTGTTCAG,1
ACGAAACAACGGTATG,1
ACGAAAGGGCTGATAG,1
ACGAAATAACCCGTTG,1
ACGAACATTCTTCGAA,1
ACGAATCACACCACAC,1
ACGAATCTAATACTTC,1
ACGACAAAATCGACCC,1
ACGACAACAATAATCG,1
ACGACAACACTAGATA,1
ACGACCATATTGAACA,1
ACGACCGGGCTTATCA,1
ACGACGCCGTGTGATC,1
ACGACTGAGTGTTAGT,1
ACGAGAATACATATTC,1
ACGAGCCGATCACGAA,1
ACGAGTACTCAGTATG,1
ACGATTAGACCGTCAG,1
ACGCAACTAGAGCTAT,1
ACGCACTGATACACGG,1
ACGCATAACTTAAAGT,1
ACGCATAGAGGCGCAG,1
ACGCATCAACCACCAG,1
ACGCCGATAAAGTACA,1
ACGCCGTTACATGAAC,1
ACGCCTGACTCAAGCT,1
ACGCTATGTTAACATC,1
ACGGAAATAGTCTACT,1
ACGGAAATCTATAATA,1
ACGGAACAAATATATT,1
ACGGAACCAACGGTTC,1
ACGGAACCTAATCAAA,1
ACGGACAACAAGGGCA,1
ACGGACCACTGACACA,1
ACGGACCTAACAGGGC,1
ACGGACTAACTGCTGC,1
ACGGACTTCACCGAAC,1
ACGGAGACACAAGCAC,1
ACGGATAAGCAACTTC,1
ACGGATCGAGGGTTGA,1
ACGGCGCCGTATCTTG,1
ACGGCGGTATGATAAT,1
ACGGGCAAATCTACCG,1
ACGGTATCGTTTTAAT,1
ACGGTCCTCAGAACTA,1
ACGTAACTTTTTAAGA,1
ACGTAATGTTTTTTCT,1
ACGTACAAGAAGGACG,1
ACGTAGAGAATCGTTC,1
ACGTCCTTTGCCATCA,1
ACGTGAACGGAGATCC,1
ACGTGCCCCCTAAACA,1
ACGTTCAAAAGAATTG,1
ACTAAAACCCAATCAT,1
ACTAAAATAACCCATT,1
ACTAAAATTATGCAAG,1
ACTAAACAGATTCAAA,1
ACTAAACATGAAAAAC,1
ACTAAACCCGGATGTA,1
ACTAAACGGTTAATAT,1
ACTAACCAATCAACCA,1
ACTAACCTACATTCCC,1
ACTAACTCAACAACTG,1
ACTAAGCCTCAATCGC,1
ACTAAGTGACTGAGAA,1
ACTAATGACACAAAGG,1
ACTAATGGGCACAGCA,1
ACTAATTTTGAACATA,1
ACTACAAGACCCAAGC,1
ACTACACTTCTACTCA,1
ACTACATATCAGCCCG,1
ACTACCTATAAACACA,1
ACTACGAACAATACTT,1
ACTACTAACTTTAATG,1
ACTACTCCTAAAACAA,1
ACTAGACGCAATACAT,1
ACTAGATTATAACTGG,1
ACTAGCAAAGCGACTA,1
ACTAGCGAATGTTCGA,1
ACTAGCGATAGTTACA,1
ACTAGGAGTCACGAGC,1
ACTAGGGGATAAGGGA,1
ACTAGTCTATCTTGTG,1
ACTAGTCTTACCTAGG,1
ACTAGTGACGACACAC,1
ACTATAATAATATCTC,1
ACTATATAGCAGTATA,1
ACTATATGGAGTAGCC,1
ACTATATTCAAGGCTA,1
ACTATCACTTTGACCC,1
ACTATCTGCCCAATTG,1
ACTATGAGGTCTCCGG,1
ACTATGTACCATTACC,1
ACTATTGCAACTGATA,1
ACTATTGTATATAACC,1
ACTATTTGGATGAGCA,1
ACTCAACAATAAGTAC,1
ACTCAACCACATCATG,1
ACTCAAGTAGGATTAA,1
ACTCAATATGATCACT,1
ACTCACGGTTACACAT,1
ACTCATTATGTCGCAC,1
ACTCCCAATAACCATT,1
ACTCCCACACTGTGAG,1
ACTCCTCCCTTCCTCA,1
ACTCGAAAGCATCCGT,1
ACTCGATCTCTCCCTC,1
ACTCGATTACATAACA,1
ACTCGTCTATTCCTAG,1
ACTCTACTGAAAATCA,1
ACTCTCGAACCAATAC,1
ACTCTTCAACTAAAAC,1
ACTGAAAAAAAAACAT,1
ACTGAAAAACTAACGT,1
ACTGAATTGTCACAAG,1
ACTGACAAAAACCTAA,1
ACTGACTAACACTGAG,1
ACTGAGTGCCAGTACT,1
ACTGAGTTGCTTTGCC,1
ACTGATGCAGGATGTA,1
ACTGATTAATAGATGC,1
ACTGCACATCCTTGAA,1
ACTGCAGACAATTAGG,1
ACTGCAGTGAAACCTA,1
ACTGCATAACAACAGC,1
ACTGCCGGAATAACTG,1
ACTGGCGAAGAGCATA,1
ACTGGGGTAGTCAGAA,1
ACTGGTAACGGATACA,1
ACTGGTAGGCCTAAAG,1
ACTGTAAAAGAAATCA,1
ACTGTAATGAACCATG,1
ACTGTACTTACTATGA,1
ACTGTATAGAAAGTTC,1
ACTGTATCCTGCATCA,1
ACTGTTTGGGCCTTAC,1
ACTTAAGATATAAAAG,1
ACTTACCAAGCACCAT,1
ACTTACGCAGGTCTTA,1
ACTTAGCACTGGAATA,1
ACTTAGCCCAAATGAC,1
ACTTATATGCTGGTTT,1
ACTTATTTCGAAAAAG,1
ACTTCCAACAGCATAA,1
ACTTCCTTACCTCTTT,1
ACTTGAGGCGCGAAAA,1
ACTTGCAATCAAATGT,1
ACTTTAAAACAAGTTT,1
ACTTTACAATCAACTC,1
ACTTTCCTAATTTTGA,1
ACTTTGCTAGTGCGAG,1
ACTTTGTCCATCAACC,1
ACTTTTCCCACCAGAA,1
AGAAAAAAATAGTGTT,1
AGAAAAACGAACAATA,1
AGAAAACCGAATTAAA,1
AGAAAAGAAGTGTAAA,1
AGAAAAGCCTTTCCTA,1
AGAAAAGTGGTACTGT,1
AGAAACAAAGCTGACA,1
AGAAACACCAAAATAT,1
AGAAACACGCTTGCAA,1
AGAAACCATTAAACCC,1
AGAAACGTGACCTGTA,1
AGAAACTACAAAGATA,1
AGAAACTTGATTCGGA,1
AGAAAGGAAGCTTATC,1
AGAAATATATCGGGAT,1
AGAAATCCCAATCATA,1
AGAAATCCTTCGGAAT,1
AGAAATGCGCTATTAC,1
AGAAATTGACCAACGG,1
AGAAATTTTTATATCA,1
AGAACAACCCCAACGT,1
AGAACACATACATAAC,1
AGAACCAGAAGCTTAA,1
AGAACCTGTGTCATAC,1
AGAACGAAGTGGGCAT,1
AGAACGAGCCAGCCTA,1
AGAACGCATCTAAAAA,1
AGAACGCCAAACTGAA,1
AGAACGGAGCCTGCTT,1
AGAACGTTAGAGATGT,1
AGAACTCCCCAACGCT,1
AGAACTCTGACTTACC,1
AGAAGAAAACAAACAA,1
AGAAGACAAGTATTCC,1
AGAAGATACATGCATC,1
AGAAGGATTTTCACAG,1
AGAAGGGGCCAAGTCG,1
AGAAGTAACGAAAAAC,1
AGAAGTAGAACAAACC,1
AGAATACAAACTTGGC,1
AGAATAGTGGCGGCAG,1
AGAATATCAACCATTG,1
AGAATATTAATGCAAA,1
AGAATCTAATTACAGC,1
AGAATGGTTCCTGAAG,1
AGAATTCATCAGAACA,1
AGAATTCTACAGTGCA,1
AGAATTTAACACTAGA,1
AGAATTTTAAATCTCG,1
AGACAATGTTTAACAA,1
AGACACATGTGCCCCC,1
AGACAGCCAAATCATC,1
AGACATAATTAGCACA,1
AGACATAGGATAAGGT,1
AGACATTTATCGTTCA,1
AGACCAACACAGCCAA,1
AGACCCCACGTTTCCT,1
AGACCCCTTAAATAGC,1
AGACCCTGGTTATACT,1
AGACCGAATACATGTC,1
AGACCGTCTCTCGCCG,1
AGACCGTTCAGCCCCA,1
AGACCTATGAGTAAAA,1
AGACCTGACCTAGTGT,1
AGACGAAGACCCAGGA,1
AGACGGCAAATTTCCG,1
AGACGTACTGTGCTAA,1
AGACTACAATGACATT,1
AGACTCTTCAAAACAA,1
AGACTGAAGCCCCTAA,1
AGACTGTAACAACACG,1
AGACTGTCTAACGTAG,1
AGACTTACCAGAAACG,1
AGAGAAATGTACTACA,1
AGAGAACACGTCAGGA,1
AGAGAACGTGTACGAA,1
AGAGAACTGACAAATG,1
AGAGACACTCGTACAA,1
AGAGACCCGACTTCTT,1
AGAGACCTCATGTCCA,1
AGAGATCACGATACAA,1
AGAGCACCCAAGATAA,1
AGAGCAGACACAGATT,1
AGAGCATAAATAGCTT,1
AGAGCGCGAGCAAACT,1
AGAGCTAAACTCGGAC,1
AGAGGATACCAGACGA,1
AGAGGGCCAGGCACTT,1
AGAGTAAAAACCGCCT,1
AGAGTCAACTAACTCA,1
AGAGTCGAGATTGCAA,1
AGAGTTATTTCCACGT,1
AGATAAAAAATGTGAA,1
AGATAAAAACATCTGC,1
AGATAAATTACAAAAT,1
AGATAAGTATTACAGA,1
AGATACAGCCAAGGAA,1
AGATACGGAACCAATC,1
AGATAGCTTCGGATAG,1
AGATATCGTACTCCTT,1
AGATCACCACCTATTC,1
AGATCACCTTTATTAA,1
AGATCAGATCAGTAAG,1
AGATCCCATACTAATT,1
AGATCCTCCAAGTGTC,1
AGATCGTGGATTTGTA,1
AGATGAAGCGCAAATT,1
AGATGATACATGCTCA,1
AGATGGGAACAGCAAA,1
AGATGGTGAGAATCGT,1
AGATGTTAAACAGACA,1
AGATGTTCGGATCTAT,1
AGATTAAAAGAGAATT,1
AGATTAGATTAAGCTA,1
AGATTATTCCAAACTC,1
AGATTCAAAGTGGACC,1
AGATTCAGTTCGCGAA,1
AGATTCTCTGTTGTAT,1
AGATTGATGATCATAA,1
AGATTTAAGTGAACTA,1
AGATTTCTAGGTAACG,1
AGCAAATTATAAGTAC,1
AGCAACGAAATCTTAA,1
AGCAAGGCATCCGCGA,1
AGCACACTAAATATAT,1
AGCACCTTTTATACCA,1
AGCACTAAAAGAGTAA,1
AGCACTAAGTTACCTT,1
AGCACTATACTGTAAA,1
AGCACTGCCAATAAAT,1
AGCAGACAACCAGGAT,1
AGCAGATACGAATTTA,1
AGCAGCATATTCGTAA,1
AGCAGCATTCCAATTA,1
AGCAGGTCGCTGTGGT,1
AGCAGTGTGCTACAGA,1
AGCAGTTAACCATTAA,1
AGCATAAGCATTCAAA,1
AGCATACATTTTAAAT,1
AGCATATAGACAACAC,1
AGCATATGATCTAAAA,1
AGCATATTGATGATCA,1
AGCATGAAAAATCAAG,1
AGCATGAGCATAATCC,1
AGCATTAATTAACGAT,1
AGCATTCATCACAACT,1
AGCCAATACAGCCTGC,1
AGCCACCTTCTATAAA,1
AGCCAGGAATCCAACT,1
AGCCATACCCGCGGGC,1
AGCCATAGGTTCATAC,1
AGCCATCAGGCTCATC,1
AGCCATGTAACCTTAA,1
AGCCCAACAAACAAAA,1
AGCCCACAGCACCCGA,1
AGCCCACAGTTATCCC,1
AGCCCTACGAACTATT,1
AGCCCTGAAAGACATG,1
AGCCGATTCAGGCGCT,1
AGCCGCACATTCACTC,1
AGCCGGAATAACTTGT,1
AGCCGTAGAGCTCCCC,1
AGCCTAAAAACATTAT,1
AGCCTAATTGGTTAAA,1
AGCCTATGATTTGTGT,1
AGCCTTGTTGTCTAAA,1
AGCGACACAAACGACA,1
AGCGATATAGCTGAAA,1
AGCGATATGAATTTAC,1
AGCGATCCATCTAATC,1
AGCGATCGAAATAAAC,1
AGCGCAGCTACCAGAG,1
AGCGCGAATAAGTGTT,1
AGCGCGGTGTCGACGC,1
AGCGCTATATGATAAA,1
AGCGGAAAATTAAACC,1
AGCGGCTCGAAAGACC,1
AGCGTAGCCTCACAGC,1
AGCGTATTTGCACATT,1
AGCGTTCGACCACACA,1
AGCTAAAAGATAGATA,1
AGCTAAACCCAGGTAA,1
AGCTAACCCCCCATTA,1
AGCTAATAGTATAATA,1
AGCTACTTAGGTTTAA,1
AGCTAGAACGGCTTGC,1
AGCTAGAGCTCCCTAT,1
AGCTATGAATCTGAGA,1
AGCTATTCGGAAGTAT,1
AGCTATTGAGAGATAT,1
AGCTCAAGGTTTCACT,1
AGCTCATACTCCCCAA,1
AGCTCGTAAGTACACC,1
AGCTGACGCTTTAGCC,1
AGCTGATAATATCCCA,1
AGCTGATAGTCTTAAT,1
AGCTGATCCCTCCCGC,1
AGCTGCACCGCATGAG,1
AGCTGCTAACAGACAC,1
AGCTGGTACACCTTAC,1
AGCTGTCTTCGTGACC,1
AGCTGTGATCAGTACC,1
AGCTTAACGCTGTCAC,1
AGCTTAATACTATGCG,1
AGCTTAATCAGGGATC,1
AGCTTACTAACACAAT,1
AGCTTATATCGATGAG,1
AGCTTCAAGAGGTCAC,1
AGCTTCGGTCATATCT,1
AGCTTGATCTCTAATC,1
AGCTTTAAGCACGGAG,1
AGGAAAAATACGAAAA,1
AGGAAAAATCTCTACA,1
AGGAAAATCGTACTGT,1
AGGAAACGAATCTAAG,1
AGGAAACTAGAATCTT,1
AGGAAAGCTCTAACAT,1
AGGAAATAGATAATGA,1
AGGAACAATGTCTCAA,1
AGGAACCCCAGCTTCT,1
AGGAACTGCCTATAGT,1
AGGAAGAAACACCCAT,1
AGGAAGAAACACTGAT,1
AGGAATAAAATGAACC,1
AGGAATTTGAAGCAAA,1
AGGACAATAAGTCAGA,1
AGGACAGTTTTCATTT,1
AGGACCAAGTTAAAAA,1
AGGACCCGGTTCAGTA,1
AGGACGATACCGACAG,1
AGGACTAGATAATTGG,1
AGGAGACTCTCCTCTT,1
AGGAGCTACAGATACG,1
AGGATACATCCCTCGT,1
AGGATAGCTAACTACA,1
AGGATCAGAGCATTAA,1
AGGATCGACAGAACGC,1
AGGATTATGACTACTT,1
AGGATTCTCATAATGC,1
AGGCAAGGCAGCTCAC,1
AGGCAATCATAGTTAC,1
AGGCATCTGAAAGATA,1
AGGCCAAAGCTAGAGC,1
AGGCCATTATAAATCA,1
AGGCCTCTGTCACCAC,1
AGGCGCAGAAGTTTTA,1
AGGCGCCATAATGAGT,1
AGGCGTCTGAGGCGGT,1
AGGCGTTGTTAATGTG,1
AGGCTACTACCTGGCA,1
AGGCTAGAATACTCGA,1
AGGGAACAGCAAAACT,1
AGGGATCCAATCGCCG,1
AGGGATTCAAGCATTG,1
AGGGATTCATATGTGT,1
AGGGGCTTCAATCAGC,1
AGGGGTATCGCGTGAA,1
AGGGTAAAATTCTCAA,1
AGGGTACGCAGAACAG,1
AGGTACAGTTTAGTAC,1
AGGTAGCTAAAACCCA,1
AGGTAGTACTTAGGTT,1
AGGTATAAATACAATT,1
AGGTATTGGCTGTAAG,1
AGGTCAGGCACTATCA,1
AGGTCCTATTCCACTG,1
AGGTCGAAATTCGGAG,1
AGGTCGATATTGCTTG,1
AGGTGCTATATTACGG,1
AGGTGGTAAACTAAAA,1
AGGTTCCCTACATGCA,1
AGGTTCGCTAATGGAA,1
AGGTTCTAATCTATCA,1
AGGTTGGCAATTGGTA,1
AGGTTTACTAAAGGGT,1
AGTAAAGAAAATTAAA,1
AGTAAAGAAACTACCC,1
AGTAACATGTAACCGA,1
AGTAACCCACGTAAGT,1
AGTAACTCTCTTCAAG,1
AGTAAGAACAGAAGCT,1
AGTAATAAAGAAACCA,1
AGTAATCAACCCGCAG,1
AGTAATCCCGCGCCAT,1
AGTAATGTAAGTAACC,1
AGTAATGTGTACTGTC,1
AGTAATTCTTAACTCG,1
AGTACACATTAGGTCC,1
AGTACAGACAATAATA,1
AGTACATGATCTTTAA,1
AGTACGTAGCTGGAAT,1
AGTACTAATAGACAAA,1
AGTACTTAGTCAGAGC,1
AGTAGAAGCGGGAACT,1
AGTAGCCCCTCTGAGC,1
AGTAGCGTTAGCAACA,1
AGTAGTTCTAAGAATA,1
AGTATAATATAGATAA,1
AGTATACTGGTTAGAA,1
AGTATATCATATCCCT,1
AGTATATCCATTGACA,1
AGTATCACATTGAGTT,1
AGTATGAAAAGGTAAT,1
AGTATGCCCTTTCACG,1
AGTATTAAGCGAGTGT,1
AGTATTGCTCTTTAAG,1
AGTATTTGGGTATAAC,1
AGTCAAAACATCAAGA,1
AGTCACCACGATAACA,1
AGTCACTCAGGATAAG,1
AGTCAGTAAGAAAATG,1
AGTCCAAATCCAAATT,1
AGTCCAACCAGTGGAC,1
AGTCCAATTTCATAAG,1
AGTCCACCGATGGTAT,1
AGTCCACCTATCCAGC,1
AGTCCCGAAAAACAGA,1
AGTCGATCTAGATTTG,1
AGTCGCATTGCGACGC,1
AGTCGGAAATGGTCTA,1
AGTCGGTCTTACCTTA,1
AGTCTAAAGACCTACA,1
AGTCTAAATCATCAAA,1
AGTCTAACGTAACAGG,1
AGTCTATAGCATAGAA,1
AGTCTGAATATGCATC,1
AGTCTGTAAATAATTA,1
AGTCTTACCCACCCAG,1
AGTCTTTCAGTTATAA,1
AGTGAAACAGTATCTT,1
AGTGAAATCCCGGGAT,1
AGTGACAACGCCCCGT,1
AGTGACCATAATCTCC,1
AGTGACCTGGCTGATG,1
AGTGAGAAAACAGTTA,1
AGTGAGAACAGCTAGA,1
AGTGAGATATAATCAT,1
AGTGATAACCATAGAG,1
AGTGCATAAACTATAA,1
AGTGCCTAAAGCATAA,1
AGTGCGAAGTTAGCGG,1
AGTGCGAGGATATTGT,1
AGTGGAAATGTAACTA,1
AGTGGAGGGGTATAAA,1
AGTGGCTTCACCGATT,1
AGTGGGAATATCTCAC,1
AGTGGGCATACTATAA,1
AGTGTATGTAACAAAA,1
AGTGTCACCGTAACTT,1
AGTGTCTAAGGCGCAA,1
AGTGTTCTTCCGTTGT,1
AGTTACAGGAACAAAC,1
AGTTAGATACATGTTT,1
AGTTCGCGTATGTTAC,1
AGTTCGTGTTCAGTAT,1
AGTTCTGTATCAAGTA,1
AGTTGATAGACCTTAT,1
AGTTGCAGACCTGACA,1
AGTTTACAGACCTACC,1
AGTTTATATTAGTGAA,1
AGTTTATCTCTAATAG,1
AGTTTCAAAGGTCAAC,1
ATAAAAAAGCGAATGT,1
ATAAAAACTATAACAG,1
ATAAAAAGCATCAAAA,1
ATAAAACAACACCCGT,1
ATAAAACATCTAAACC,1
ATAAAACGTAGGAAGA,1
ATAAAAGAGCGCCAGG,1
ATAAAAGTTGTCAAGA,1
ATAAAATGACACATTC,1
ATAAACAACTAAGGTA,1
ATAAACAATACACAGA,1
ATAAACCGACACTTTG,1
ATAAACCGCTACCACC,1
ATAAACCTACAAAATA,1
ATAAAGAAGAATATAG,1
ATAAAGATAAAGTCGA,1
ATAAAGCACCTTGCAT,1
ATAAATAACCTATGAG,1
ATAAATACCATAAAAC,1
ATAAATAGATTGCAGA,1
ATAAATAGTGAGATTA,1
ATAAATCTGACTTTAA,1
ATAAATGCTAAACATA,1
ATAAATTCCAAAAAGG,1
ATAAATTGAAATTACG,1
ATAACAAGTAGGCCAT,1
ATAACAAGTTGTATTA,1
ATAACAATGGAGCCCA,1
ATAACACCATTTAGCT,1
ATAACATAGAGTAACT,1
ATAACATCTCAATATT,1
ATAACCCGAAAGCAAT,1
ATAACCTGGTGTTATT,1
ATAACGTAACTTCCCA,1
ATAACGTGACACATAT,1
ATAACTACTGCCAGAA,1
ATAACTGAGCGAGTTG,1
ATAACTGTTGTCCCTA,1
ATAAGAAAATTTACAC,1
ATAAGACACTAAAGCA,1
ATAAGAGCTAAACTAT,1
ATAAGCCAATACCCAG,1
ATAAGGACTAAAAGAG,1
ATAAGTAGACCCTATA,1
ATAAGTCAACCGTACT,1
ATAAGTTATGGAGCCT,1
ATAAGTTTTGAACTCT,1
ATAATACCGGTAAAAC,1
ATAATACGCGATATCC,1
ATAATAGAACCTAAAA,1
ATAATCAAAAAATATC,1
ATAATCAATAGTATAC,1
ATAATTAACAACAGCT,1
ATAATTCTGTGCTACG,1
ATAATTTTAACCGTAT,1
ATACAACTAAGGGCAA,1
ATACAACTAGTTAATC,1
ATACAATCTCACTACA,1
ATACACAGCTAGACAC,1
ATACAGTGTATCCCAA,1
ATACATAATTGACCAA,1
ATACCACAATTCGCTC,1
ATACCACGTATACCCC,1
ATACCAGGAAATACCA,1
ATACCCCTAACCGTCC,1
ATACCGGAACTCTACT,1
ATACCTCAACGGAACT,1
ATACCTGGGTATCAGG,1
ATACCTTTGAATTAGT,1
ATACGACGAGCCAAAA,1
ATACGATACCTGATCA,1
ATACGCCCCCCGTTTT,1
ATACGGAACTAAATAA,1
ATACGGCGTGCATAAG,1
ATACGTAAAGATCTTT,1
ATACGTGCTTTAAATG,1
ATACGTTAAATCGAAA,1
ATACTATACGGTTACC,1
ATACTATTTAAGGCTT,1
ATACTATTTGAATTAC,1
ATACTCATTCAATACT,1
ATACTCCAGACAATGT,1
ATACTGGACTGAGGTG,1
ATACTTAATTTTATTG,1
ATACTTTAATCCAAGT,1
ATACTTTTGCTATACT,1
ATAGAATAAGGACTTG,1
ATAGACTAACCTTAAT,1
ATAGACTATCTCACAA,1
ATAGAGGAGGGGACTA,1
ATAGATCATAGTTCAA,1
ATAGATCGAAATTCCG,1
ATAGCAACCGGCAATG,1
ATAGCAAGAGCCAAAG,1
ATAGCAAGGCATACGT,1
ATAGCAATCAAATAGA,1
ATAGCACCTGAATATA,1
ATAGCATCGCTATTAA,1
ATAGCCACTCCTGGAC,1
ATAGCCACTCTTGGTC,1
ATAGCGGTGCTTCCCG,1
ATAGCTACAGCACAGC,1
ATAGCTCCGACCCGGC,1
ATAGGCGAAATCCCTT,1
ATAGGCGCGTGACCTG,1
ATAGGCTTATATAATT,1
ATAGGGGTCTACTCCA,1
ATAGGTTCCGCACAGT,1
ATAGTAACTTTTGATT,1
ATAGTAGTCTAATGAC,1
ATAGTATAGGAGAATA,1
ATAGTCAAACACAGCC,1
ATAGTGACTTCCTAGA,1
ATAGTGTCCAAGGAAA,1
ATAGTTAACTAACCCC,1
ATAGTTCAACGAACCT,1
ATAGTTTTTACGGCTT,1
ATATAAATGTGATCCA,1
ATATAACACATCGCAA,1
ATATAACATCCGGTCT,1
ATATAAGACGCCGATA,1
ATATAAGGGACTCCAT,1
ATATAAGGTTCAGTTA,1
ATATAATACACCGAGC,1
ATATACACAGATAAAA,1
ATATACACCGGCGAGC,1
ATATACAGATTCCTAT,1
ATATACCAGCCAAAGG,1
ATATACCGCAATACAT,1
ATATACCGCTTAACTG,1
ATATACGGCAGTACGT,1
ATATAGAAGTAGTAAG,1
ATATAGAATAAATAAT,1
ATATAGACGTATGATA,1
ATATAGCGGGACGGAC,1
ATATAGGATAACACAA,1
ATATATAAAACCATGA,1
ATATATAATAATCTAA,1
ATATATACAGATTTAA,1
ATATATACAGGATCTA,1
ATATATTACTCTAATT,1
ATATATTGGACTTAGC,1
ATATCCCACCGATCTC,1
ATATCCCCGTAGCTCG,1
ATATCGACTTGGATAA,1
ATATCGGAAAAAATAC,1
ATATCTATGTACCAGT,1
ATATCTTTAGTACAGG,1
ATATGAACTACGACCC,1
ATATGCACCACGCTCA,1
ATATGCCCACTACTTT,1
ATATGCCCGGAGAATC,1
ATATGGCACCAACAAG,1
ATATGTAAAAGACCAA,1
ATATGTCTTAACCAGG,1
ATATTAAAGGCTGGCC,1
ATATTAACACTTTTTG,1
ATATTACCCATTGTTG,1
ATATTATCACCATTGC,1
ATATTATCAGGAAATA,1
ATATTCAAAGGTATTA,1
ATATTCAAATAAGTAA,1
ATATTCATATAGTCCC,1
ATATTCCAGCCTGGAC,1
ATATTGAGCATGGTTA,1
ATATTGGTGAAGCAAC,1
ATATTTACATAATAAT,1
ATATTTTCTAGAACCT,1
ATCAAAAAATGCCTCA,1
ATCAAAATCATAGATA,1
ATCAAACAAGATAGTC,1
ATCAAACCCGCATCTT,1
ATCAAATATATTACGA,1
ATCAACAACTACTGCT,1
ATCAACCCTAATAAAC,1
ATCAACCGGAAGTGAA,1
ATCAACTCAGCACAGG,1
ATCAACTTCATCGCAA,1
ATCAATAAAGAAACAA,1
ATCAATCCATAATAAT,1
ATCAATGAATAGAGGA,1
ATCAATGTAAGACTAG,1
ATCAATGTCAATATTG,1
ATCAATGTTTCAAATG,1
ATCACACAATGCGATT,1
ATCACAGCTCAAGCAC,1
ATCACATATTAATAGA,1
ATCACATCATTTCATC,1
ATCACATGGCGATTAG,1
ATCACCTAAAAATACT,1
ATCACGCATGCCAGCC,1
ATCACGCCGTCACAAT,1
ATCACGGACATTCAAA,1
ATCACTGGTGAAGCAA,1
ATCAGCAAAACGACCG,1
ATCAGCATTTGTACAC,1
ATCAGGAATAAAAGTG,1
ATCAGGCAAATATACG,1
ATCAGGTGTGTCGCCC,1
ATCAGGTTTTTGATAT,1
ATCAGTGTTATATGGA,1
ATCAGTTAACCCAATT,1
ATCATACCTCACTATC,1
ATCATATCCACACACG,1
ATCATATGTTAATATT,1
ATCATCATAGGTTTAA,1
ATCATCTAAAAGCCTA,1
ATCATGACTATTGGAC,1
ATCATGTGCTTAACCT,1
ATCATTAAATAACGTG,1
ATCCAAAATTATGGTA,1
ATCCAAACAAAAAGTG,1
ATCCAAGGCCATGCGG,1
ATCCAATATAAGTCAC,1
ATCCACAAGCTAAAAC,1
ATCCACCAAAACTCTA,1
ATCCACGAAATCAGTC,1
ATCCAGGAACCAGCAG,1
ATCCATTGGATGATAT,1
ATCCCCAGTAACATCC,1
ATCCCCCATTAAATAT,1
ATCCCGACCCCTCAAT,1
ATCCCTCCAGATCAAC,1
ATCCCTGAACAGGAAA,1
ATCCGAAACTGGGAGC,1
ATCCGATACCAAATTA,1
ATCCGGCTACATCGTA,1
ATCCTAAACAATACAG,1
ATCCTAAGCACTCTGT,1
ATCCTCAGTGGCTGAG,1
ATCCTGATTAGACAAG,1
ATCCTGGATATTAAAC,1
ATCCTTTTGAAAGGAG,1
ATCGAAAAACATTTAC,1
ATCGAAACCGAGCCCC,1
ATCGAAATAGGTGATG,1
ATCGACGAGATTCCAA,1
ATCGAGGTCTATGTAG,1
ATCGAGTAGCCGCTAG,1
ATCGATTCACAGAATA,1
ATCGCCCATTTAACCT,1
ATCGCCTAATTAGTTT,1
ATCGGCGCATTCTTAT,1
ATCGGTATCAATCACT,1
ATCGTGTTTCTTGTAT,1
ATCGTTAGCCACATAC,1
ATCGTTTACCACACAC,1
ATCGTTTTATGATAAA,1
ATCTAAAATGCATGTA,1
ATCTAAATATATTAAT,1
ATCTAATGACTTGCGA,1
ATCTACCATAAATACC,1
ATCTAGAAAAGATACA,1
ATCTAGCATCCATGAA,1
ATCTAGCCTCACTTAA,1
ATCTAGTAATCAAAAA,1
ATCTATAAATCAAGAT,1
ATCTATAATAACGCAC,1
ATCTATAGAAGCAAAA,1
ATCTATCACCTCTGTG,1
ATCTATGACGGGACTC,1
ATCTCCATACGCCCGG,1
ATCTCGATGTTACAAA,1
ATCTCGCCTGACCTAC,1
ATCTCTCTTTTCGTCG,1
ATCTGACAGGAATGTT,1
ATCTGAGTGACTACGT,1
ATCTGCCACCGGTGAA,1
ATCTGCTTGATAAACT,1
ATCTGTTAATAGACAA,1
ATCTTCCAGAAATAAA,1
ATCTTTGGGCTTACTT,1
ATGAAAAAAACAATAA,1
ATGAAAAAGAATTCGG,1
ATGAAAAGACATATTT,1
ATGAAACGCCGATCTC,1
ATGAAAGAAGCTCTGC,1
ATGAAATATAACAGAT,1
ATGAAATGACTTTCAA,1
ATGAAATGTCGGTCTG,1
ATGAACCCCGGCAAAA,1
ATGAACTATAAGTCCC,1
ATGAAGTCTAGTACTC,1
ATGAAGTGATTTATAC,1
ATGAATATGTAGGGGC,1
ATGAATGCTCTACACG,1
ATGACATAAATTGCAA,1
ATGACCACTCTCCAAG,1
ATGACCCAGCTAAGAA,1
ATGACTAGCTATCAGG,1
ATGACTAGTACCTAGG,1
ATGACTATAGATAGGG,1
ATGAGAAAGAAAGACT,1
ATGAGACCGATTAGAG,1
ATGAGATCAGTATTTT,1
ATGAGCCCTACTCCAA,1
ATGAGCGGGATCAAAG,1
ATGAGGCCCATGGCTA,1
ATGAGGCTGGAAATTT,1
ATGAGTACTCACAGTA,1
ATGAGTATGCTTATAT,1
ATGATACATATCCTGA,1
ATGATACGAGCCTTGT,1
ATGATAGTATATAGAT,1
ATGATCAAATAACCAT,1
ATGATCATCTAACAAG,1
ATGATCCTAGACTTGT,1
ATGATGACCCATCATA,1
ATGATTGGCTAATATC,1
ATGCAAAACTTGACGA,1
ATGCAATTACGGGTAA,1
ATGCAGACAAAACGCA,1
ATGCATATGACCCCTT,1
ATGCATTAGTACAACA,1
ATGCATTGTATACACC,1
ATGCCCAAGTGCGAAT,1
ATGCCCCTGATAGTAC,1
ATGCCTCAAATTTCTA,1
ATGCTAGCGAGATCGA,1
ATGCTATGCGTCGAAG,1
ATGCTGTAGATTTTGG,1
ATGGAAACAAATAACC,1
ATGGAACTAAACCAGA,1
ATGGACATAGCATTAA,1
ATGGAGGGCACTGCGC,1
ATGGATTGCCCAAACC,1
ATGGCAAGCACGCCCC,1
ATGGCACCCAATGTAG,1
ATGGCAGAGGACATTG,1
ATGGCGTATTTCGCAG,1
ATGGCTTGAAGCACAT,1
ATGGGATCCGACGCAG,1
ATGGGATGCTTATTTA,1
ATGGGCTATCTCACAG,1
ATGGTAACCCCAAAAT,1
ATGGTATACGTCACAT,1
ATGGTTCTCACGTGAG,1
ATGGTTTACGACACAG,1
ATGTACGTACACTAAT,1
ATGTACTTCATATTGG,1
ATGTATAAATCAAGTC,1
ATGTATAGCAAATGAG,1
ATGTATTTGTATAATA,1
ATGTCACTAAAAAATA,1
ATGTCCACAATTTAAA,1
ATGTCCGGCAAAAGTC,1
ATGTCTTTATGTCTAA,1
ATGTGACACAATCGAG,1
ATGTGACACCAGGCTT,1
ATGTGATAAATGGGAT,1
ATGTGATATACTTTTC,1
ATGTTACCACGCCAGC,1
ATGTTATTGTATACGA,1
ATGTTATTTGTGCGCA,1
ATGTTCATGTAAAAAA,1
ATGTTCGCATCGCAAA,1
ATGTTCGTAAGGCGAA,1
ATGTTCTCGGCAGAAA,1
ATTAAAAGTGGAAAGG,1
ATTAAAATAATAGGGC,1
ATTAAAGACCCAATGC,1
ATTAAAGAGAAGGCAC,1
ATTAAAGTAAGAAAAC,1
ATTAAAGTATGTCCTA,1
ATTAAATAGGTCCGAA,1
ATTAACCATGAGGCTA,1
ATTAACCTAATTTTAC,1
ATTAACGTACACAGCC,1
ATTAAGAGCATCGCCT,1
ATTAAGCAATAAATCC,1
ATTAAGTAAGATGCGC,1
ATTAATAAAAAATTCC,1
ATTAATATGACCTCGT,1
ATTACAAGACTGCTCC,1
ATTACAAGTACTGGTG,1
ATTACCACACATGCAG,1
ATTACCAGATCCACGC,1
ATTACCCATGGACATC,1
ATTACCGCACCAACGA,1
ATTACCTAATGAACAG,1
ATTACTACAGCACCTA,1
ATTACTGTGGATCCAA,1
ATTACTTAAATCTAAT,1
ATTACTTGCTCTGTAC,1
ATTAGAAAGATACAAA,1
ATTAGACATCTAATTG,1
ATTAGAGTTAAGCTAA,1
ATTAGGTCAATAGGGA,1
ATTAGGTCCAATAAAT,1
ATTATAATACACCTGA,1
ATTATATATAACAACA,1
ATTATCGATTTAACGC,1
ATTATCGTTGGCATCG,1
ATTATGAACACATAAC,1
ATTATGCGTTCAATCA,1
ATTATGTTCGTATCCC,1
ATTATTAAAGTAATGA,1
ATTCAACAACAAGGTT,1
ATTCAAGTATAAGTCA,1
ATTCACTCACCAACAG,1
ATTCAGCGACTTACAA,1
ATTCAGGGCTAGGAAA,1
ATTCAGTATCTTGGGC,1
ATTCAGTTTGCGACAT,1
ATTCATAATGAGCTTC,1
ATTCCAAGATTTCTAC,1
ATTCCCCCGAGATTCT,1
ATTCCGAGGACTCTTC,1
ATTCCGGACACAAATA,1
ATTCGAAATTACTCAA,1
ATTCGACAGGATTAAG,1
ATTCGAGGGGCGGTAT,1
ATTCGCAGTTTTAGAA,1
ATTCGCATATCATTAA,1
ATTCGGCCTACATCAT,1
ATTCGGGGATGGAGCT,1
ATTCGTACAATCATGA,1
ATTCTAAATTAATGAA,1
ATTCTAACAAGCACGC,1
ATTCTAACTAAATCAA,1
ATTCTATCTAAGACGT,1
ATTCTCAAAAATGTAC,1
ATTCTGTCGCTACGAT,1
ATTCTTAATCTTTATG,1
ATTCTTTAAACACTTA,1
ATTGAAACACAATGAA,1
ATTGAAACACGCACGA,1
ATTGAAAGAGCCTAAT,1
ATTGACACAAATCATA,1
ATTGAGATTGCTCACT,1
ATTGAGCAATGAACAA,1
ATTGAGTCACCAAAAA,1
ATTGAGTGCCCTACTG,1
ATTGAGTTCTGTCTCC,1
ATTGCCACTCGCACGT,1
ATTGCCAGAAGATCGA,1
ATTGCTCGATAACACA,1
ATTGCTTAATCTGAAA,1
ATTGGAACTGTAAGAA,1
ATTGGCACCTCACGCC,1
ATTGGCCCATATTATA,1
ATTGGTATCAAGTGCG,1
ATTGGTGAAACATATT,1
ATTGTCTGAGTGTACA,1
ATTGTCTTACATGCTA,1
ATTGTTTACTATACTG,1
ATTTAAAAGCCGCGAT,1
ATTTAACAATGATAAT,1
ATTTAAGAGCAAATCC,1
ATTTAAGTACATTCCC,1
ATTTAAGTACCTTGAA,1
ATTTAATCACACGCGA,1
ATTTAATTAAGCGATC,1
ATTTACATGTTGATCT,1
ATTTACTGACTACTGA,1
ATTTAGATCATGAAAC,1
ATTTATAACAAGTTGT,1
ATTTATTCCAAAACAA,1
ATTTCCTACAAGTAAT,1
ATTTCCTGATAAAAAA,1
ATTTCTAGTATTATCT,1
ATTTCTAGTCAAAACC,1
ATTTCTCACCACGCCA,1
ATTTGAACTAGACAAG,1
ATTTGACGAATTTTTT,1
ATTTGCTACAGAATAC,1
ATTTGGAAGGGCAGGA,1
ATTTGTAAATCACTCA,1
ATTTGTCTGAAGAGCT,1
ATTTGTGCCGAAAGTG,1
ATTTGTGGACCTAGTA,1
ATTTGTTAAAGCTATT,1
ATTTTAACCCGATTCA,1
ATTTTACATCGTGTCT,1
ATTTTATATGGTATGA,1
ATTTTCAAAGCATAGC,1
ATTTTCAGAGAGTGGG,1
ATTTTCCCGGTTTCCA,1
ATTTTCCTAAATACAC,1
ATTTTCTCTTGTACCA,1
ATTTTGGGTATATCTC,1
CAAAAAAACTTTTCAT,1
CAAAAAACTCAGTAAA,1
CAAAAACAAACAGACC,1
CAAAAACGGTAGAGAA,1
CAAAAAGAATATATGT,1
CAAAAATTTCTACACC,1
CAAAACCAATGAGGAC,1
CAAAACGGTTCGAGCA,1
CAAAACTACATGAGAA,1
CAAAACTGATACACTA,1
CAAAAGAAAAACGCCT,1
CAAAATCGGAAGTTTA,1
CAAAATTAATAACCAA,1
CAAAATTTGGTCATAG,1
CAAACACCGGGTTCTA,1
CAAACACCTTGTCATT,1
CAAACAGCATTGCGTT,1
CAAACAGTATACCCCT,1
CAAACCTGGGTAGTCT,1
CAAACTACAGACAGAA,1
CAAACTCAAAAAAAAC,1
CAAACTCAAGCTTGAA,1
CAAAGAAGCCTTGCCC,1
CAAAGAGGCGCAGATA,1
CAAAGATAGCTGTATA,1
CAAAGATCTCGGAGGT,1
CAAAGCAAAACCCAAC,1
CAAAGGCGTGAAACAA,1
CAAAGGCTATTCGCTG,1
CAAAGTTAGCTTATAC,1
CAAATAACTAGGTCGA,1
CAAATAGAAATGTCGG,1
CAAATCAAATAATTAT,1
CAAATCATATGCACGG,1
CAAATTTATATTATAT,1
CAAATTTCCTGTTCGC,1
CAAATTTCTTAACTTC,1
CAACAAAGCACTCGTC,1
CAACAACTCTCACAGA,1
CAACAAGCGGAAAGTA,1
CAACAAGTCTACCGTA,1
CAACAATAAAATCCCC,1
CAACACATTATGCTAA,1
CAACACCTCTCATTGG,1
CAACACTTAGAAAACA,1
CAACACTTTCGTGGGC,1
CAACAGAAATGCCATA,1
CAACAGCAAAGAACAG,1
CAACATAAGTAGTCCA,1
CAACATATTATCTGAC,1
CAACATGGAAATAGTG,1
CAACATGTACTCCAAA,1
CAACCAACAGGGCATC,1
CAACCACGGCATAGTG,1
CAACCCACAGGCATTC,1
CAACCGGAGTTAGGAG,1
CAACCTCACCGAAGAC,1
CAACCTGGATCGCATA,1
CAACGACGAGATACAA,1
CAACTAAAGTACGCGA,1
CAACTCATCTGCCAAA,1
CAACTCCAACACCGCG,1
CAACTCTAATCACCAC,1
CAACTGCATAAGATTT,1
CAACTTAGGAATTGAG,1
CAACTTAGGCCGATAA,1
CAACTTTAAGCTTCGC,1
CAACTTTAGAACAGAA,1
CAAGAAACATCCGACG,1
CAAGAAATAGTTACAA,1
CAAGAATACATGGGTT,1
CAAGACAAAAGAAAAT,1
CAAGACGAGATTAGAT,1
CAAGACTGGAACACCG,1
CAAGATTTTAAAAAGC,1
CAAGCAAACACGACAA,1
CAAGCCTTGCCCCTGT,1
CAAGCTAAATATCCTC,1
CAAGCTCAACGATATT,1
CAAGCTCCTTTTCACG,1
CAAGGCAATTGTACCT,1
CAAGGCACTTTCTTTG,1
CAAGGGCACAATGAAC,1
CAAGGTACACCAGAGA,1
CAAGTACGGATCTTAG,1
CAAGTAGGTATCAATT,1
CAAGTGGTTAGATGTA,1
CAAGTTTAAGCCACAG,1
CAATAAAGGACGGAAT,1
CAATAACAAAGTTTTT,1
CAATAAGTAACAACAA,1
CAATAATCTATTGATT,1
CAATACCAGAACAATC,1
CAATAGAGGCTATAAA,1
CAATAGTATACACCGG,1
CAATAGTTAGCAGTTT,1
CAATATAAGTCTAGGT,1
CAATATCCAGAAACCT,1
CAATATGCATGTGCCT,1
CAATCACCCCAAATTG,1
CAATCGTGGCAGCCGC,1
CAATGAATTCATGCAC,1
CAATGCGAAGTGAGAC,1
CAATGCGCTTAGTCTC,1
CAATGGCAAGTTAACC,1
CAATGTTATTCACGGG,1
CAATTAAGCTAAACAA,1
CAATTAGAGAAAAAAA,1
CAATTCATATAAATAA,1
CAATTCCAACTTTATT,1
CAATTCCTATCGATAA,1
CAATTCTGGTATCATT,1
CAATTGAATATGAAGC,1
CAATTGCCCATGGAAC,1
CAATTGTGTATTCCAT,1
CAATTTGATAAGATTA,1
CAATTTTAGGCTTACG,1
CACAAAATAAGGAAGG,1
CACAAAATTCTTTTAC,1
CACAACAAGAACACAC,1
CACAACCATATCATAA,1
CACAACGTAATAATGG,1
CACAAGACAAGTAGAC,1
CACAATAATCCCTACC,1
CACAATCAGCCAACAC,1
CACAATCAGGCGGGAA,1
CACAATTAATGGCATA,1
CACAATTATTTCTGAA,1
CACAATTGATCCAGCA,1
CACACAGTAGTCATAA,1
CACACCCCAGCATTCG,1
CACACCCCTACGCCTG,1
CACACCGCACAGACAA,1
CACACGTACAACAGAA,1
CACACGTATGACTTAA,1
CACACTACTTCCCATC,1
CACACTAGAGTTCAAC,1
CACACTCATATATATC,1
CACACTTAGCACCCAT,1
CACAGGGTTAAATAAT,1
CACAGGTTTCTTGACC,1
CACATCCATCAACCGC,1
CACATGGTAGAGAAGC,1
CACATTATAACTTTGA,1
CACCAAGGAAATCATA,1
CACCACATGTCTGAGC,1
CACCACGAAAGCCTAA,1
CACCAGAGACAAATAG,1
CACCATTCTGCAGCGC,1
CACCCAAACTATAGCA,1
CACCCATAACATTCTA,1
CACCCATCCCAAAATG,1
CACCCCTATCCGCAGA,1
CACCCTAACATAACAC,1
CACCCTATAAAACCAA,1
CACCCTTCGATTCCTA,1
CACCCTTTCGAAGACA,1
CACCGAATAATTATGC,1
CACCGAGAACTCTGAA,1
CACCGATTGTATTGAA,1
CACCGCGAACGCCGAC,1
CACCGGATATCCCAAA,1
CACCGTACCTGAAATC,1
CACCTATTAAATATTC,1
CACCTCACCGATGAAA,1
CACCTCTTCAGATTTA,1
CACCTGAGTTACCGGA,1
CACCTTAATTCCCCTA,1
CACGAACAATGGAATA,1
CACGACACACATACAA,1
CACGACCCAATGATAA,1
CACGCAAGGTGATACA,1
CACGCCCCTATTGGAC,1
CACGCGTACCTTCAGA,1
CACGCTTAAATGTTGA,1
CACGTAGTTCCTTAAT,1
CACGTCAATTTAGTCA,1
CACGTCACAGTATATT,1
CACGTCCTTGCGTCCA,1
CACTAACGAATAGTAA,1
CACTAACTCTATACAC,1
CACTAACTGCCCCAGG,1
CACTATTCGAAATTGT,1
CACTCAACGTATGCAG,1
CACTCACAATAGGACT,1
CACTCCACTAGTAAAT,1
CACTCGTAGAAGTAAG,1
CACTGATCCTAAAACG,1
CACTGTAATGCAAGGG,1
CACTGTCATCAGATGA,1
CACTGTTATATTTAAG,1
CACTTAAAGAACACGT,1
CACTTCACACTCACAA,1
CACTTCATCTTATAGT,1
CACTTTGCATAACCAT,1
CACTTTTCCGATGCCG,1
CACTTTTCTGAGGAGA,1
CAGAAAATTCTCCTAT,1
CAGAAAGTAGCGATTA,1
CAGAAATAGAAACAGA,1
CAGAACGAAGTATATT,1
CAGAACTAAGCATAAC,1
CAGAAGCTGATAAACA,1
CAGAAGGGAAGGTACA,1
CAGACAACCTTTAAAA,1
CAGACAACGTATTTTG,1
CAGAGAAGCTACAATT,1
CAGAGCAGGACCTGTT,1
CAGAGCTAAATGGCGC,1
CAGAGTCTGCCCACCG,1
CAGAGTCTGGTCTATG,1
CAGATACGTAATAACA,1
CAGATAGCGAACGCAG,1
CAGATAGGCGTAAATA,1
CAGATATCTTCGTATA,1
CAGATGTGAAGCGTAC,1
CAGATTAGACCGCGTA,1
CAGCAACATAATCCGT,1
CAGCAATTCACCGTTG,1
CAGCAGTAGAACGAAC,1
CAGCCACAGACTGTTA,1
CAGCCCCCCATACATA,1
CAGCCGAGACGAATAA,1
CAGCCTAACTTTCCAC,1
CAGCGATCGACGTTAC,1
CAGCGTCCCTAACGTA,1
CAGCGTCCTAATCAGA,1
CAGCTACGCATACTTC,1
CAGCTATAGCTAAAAT,1
CAGGAAAACATAATCG,1
CAGGAAGACAGTGTCC,1
CAGGATCAAGGGCGAC,1
CAGGATTTTCAAACCT,1
CAGGCGAAAACATATG,1
CAGGCGATGACAATTA,1
CAGGCTCGCGGTTAAT,1
CAGGGACGTGCCCTAT,1
CAGGGCGCTCCTCCAT,1
CAGGGGGCAATTCCTA,1
CAGGTAAAGATAAAAT,1
CAGGTAATAGATATAT,1
CAGGTAGCACAGCAAA,1
CAGTAAAACGAATTAA,1
CAGTAAAATTCCCCTC,1
CAGTAAGATGCTATAA,1
CAGTAATAACGAATCT,1
CAGTAGTGCGGAAGCA,1
CAGTATCTATATACCC,1
CAGTATCTTAGTGTAA,1
CAGTATTAGAAACTAA,1
CAGTCAATGCCAAAAT,1
CAGTCGTCCCTACACC,1
CAGTCTAACTGCTAAA,1
CAGTGGTTTCACCAAG,1
CAGTTACATGGACGAA,1
CAGTTCAGTTAAAGTT,1
CAGTTCCGGTATTCTG,1
CAGTTGTCAATATATC,1
CAGTTTATCACGAGCA,1
CATAAAACTCTTGTGT,1
CATAAAATACAGGGTA,1
CATAAACATCCTCCAC,1
CATAAATATTCGCTCA,1
CATAAATGAATAATTG,1
CATAACACAGACAGGA,1
CATAACGACCGGTCCA,1
CATAACTTTCCAATAC,1
CATAAGTACACCATTT,1
CATAAGTCTTGTCCTA,1
CATAAGTTACAGTTAT,1
CATAATGCAGTAAACA,1
CATAATGTAAACCCCT,1
CATACAATTAACTTAA,1
CATACAGCATTGTCAA,1
CATACATCAAAACAAT,1
CATACCAATACGAGAC,1
CATACCCAATTCATTA,1
CATACCCTCCGGAGAC,1
CATACCGAATGTTATC,1
CATACCTTGCAAACAA,1
CATACGAAAATTGAAA,1
CATACGGATAACACAT,1
CATAGACAAAAATACT,1
CATAGACCAGCAGCAA,1
CATAGATGTAATAATC,1
CATAGCAACACGCGCA,1
CATAGCTACTGCCCCT,1
CATAGCTTTGACCTAC,1
CATAGGACGTTAATTG,1
CATAGGATAAATACAA,1
CATAGTACTGTGGGGA,1
CATATACCCCGGTACT,1
CATATATAATAGGGAT,1
CATATATTTAAGCTCG,1
CATATCGAAGCCCGCC,1
CATATCTATACTCTCA,1
CATATTACTCACCGCA,1
CATATTTAAAATGTAA,1
CATCAAAGCTCCGTTT,1
CATCACACTTGCTTCT,1
CATCACTCATAAATAT,1
CATCACTCCCGATGTT,1
CATCAGATTAAAGCCC,1
CATCATACTACCTGAG,1
CATCATAGCTGTTAAT,1
CATCATCTTAGATCGG,1
CATCATGCTGTTTCAA,1
CATCCAATAAGCTACA,1
CATCCATACCCTATAA,1
CATCCCTCCATCAGTA,1
CATCCTCACCATCCGT,1
CATCCTTAAATGAAAC,1
CATCGAAAACGCACGA,1
CATCGGAAACAATATG,1
CATCTAACTGATCCCC,1
CATCTAGACCGAAACA,1
CATCTAGCAAGCAAAC,1
CATCTAGGGTAACAGG,1
CATCTATTTAAAGAAC,1
CATCTCGATCTATAAA,1
CATCTCTGGACACTTT,1
CATGAGACGTAAAAAA,1
CATGATATTATAACAT,1
CATGATCACTTTATTA,1
CATGATCGCTGGTATA,1
CATGATTCACTAAATA,1
CATGCAAAAAGCTCTC,1
CATGCACATACAGACC,1
CATGCATCTAGAACGG,1
CATGCATTTTTTACCA,1
CATGCGCAGCTTGCTG,1
CATGCTCATGTGATAA,1
CATGCTTCCGTGACCA,1
CATGGATAACGAATCT,1
CATGGTAGGGTCTTGT,1
CATGGTATCCGTACAG,1
CATGGTTATTAAGTGA,1
CATGTACAAATCCAGT,1
CATGTCTCCTACAAGC,1
CATGTTTGCTAACACA,1
CATTAAACCCTCTCTA,1
CATTAAAGAGTCTATG,1
CATTAACGCCTCGCCA,1
CATTACCACTTAATTC,1
CATTACCGAAATAAAC,1
CATTATGGACTTCTAT,1
CATTCAAGTTCAATAT,1
CATTCACAATAAGAAC,1
CATTCCCTCCCTAATC,1
CATTCGATGTAGTACA,1
CATTCGCTAATACACA,1
CATTCTTGTGCCATGA,1
CATTGAACATTGCCTT,1
CATTGAGCAAACATAA,1
CATTGAGTAAGATACA,1
CATTGGACTGATAGCT,1
CATTGTCTCCATCAAA,1
CATTTAATGTGTAAAG,1
CATTTACAACAATCCC,1
CATTTCAACAATCCCC,1
CATTTCTGAATGACCT,1
CATTTGTTCATACATC,1
CATTTTCTATCACAAA,1
CCAAAAAACGCAAATT,1
CCAAAAAGGGGCGAAT,1
CCAAAACTTCAAAACA,1
CCAAAATGGAGACTGA,1
CCAAAATGGCCTAGTC,1
CCAAACCATTGACACT,1
CCAAACTCACCATATA,1
CCAAACTTAAAAATTA,1
CCAAACTTTCGTATCC,1
CCAAAGTTTTCACAAG,1
CCAAATATGATTTCCG,1
CCAAATTCGAACGCAT,1
CCAACATACACACGAT,1
CCAACCATTTGAAAAA,1
CCAACCCGATATCTTA,1
CCAACGTATATAAGAG,1
CCAACTGACTAGACGT,1
CCAACTGCCTCTCATA,1
CCAAGAAGAAAACCAA,1
CCAAGAGGCCACTACC,1
CCAAGCCGACTTTTAG,1
CCAAGTCAACAACAGC,1
CCAATAACATATTGAA,1
CCAATAGTGCACGAGA,1
CCAATATCCACTGCCC,1
CCAATCAACTTACAAT,1
CCAATCAGCAACAATC,1
CCAATCTGCAATTCTT,1
CCAATGGGATAAATTT,1
CCAATTAAGAGAAAGA,1
CCAATTACAGTACACA,1
CCAATTCTGAATCCGT,1
CCACAAAATCCTAAAC,1
CCACAAAGCCGCACTC,1
CCACAACACACTTAAC,1
CCACACACACAACCAA,1
CCACACCACCTGTCAA,1
CCACAGGTCACCCACC,1
CCACATGAATCATTCC,1
CCACATGACGATATAA,1
CCACCCCGAAAAAAAA,1
CCACCGACGATGCCCC,1
CCACGCGAGAGTCTCA,1
CCACGTCCTCTCGGGT,1
CCACGTTCAATACCTA,1
CCACTGAAAAGCATGC,1
CCACTGTACTTATGCC,1
CCAGAAACTCTATAAG,1
CCAGAATACTGATTCC,1
CCAGAATTACCGCATT,1
CCAGAATTACCGTCAT,1
CCAGACACTTCAATGG,1
CCAGACTGTTCTATGC,1
CCAGATATTTCTAAAA,1
CCAGCACGACACACAC,1
CCAGCGGAAACCTCTA,1
CCAGCTTTACTGTGTT,1
CCAGGAAATAGACCAA,1
CCAGGACGAAAATATG,1
CCAGGAGAAGGACCTT,1
CCAGGCACGCCTAGCC,1
CCAGGCTTAACACAAT,1
CCAGGTGGATCCCATA,1
CCAGTAAACCTCCTAT,1
CCAGTTATTGACACAA,1
CCATAAACTTGGCCAT,1
CCATAAGCCCCCAGTG,1
CCATAATATACCAATG,1
CCATAATTTGTCAAAC,1
CCATACAACTAGGAGT,1
CCATACCATACGCCAT,1
CCATACTCTAACAAGA,1
CCATACTTAATCCCTA,1
CCATATAAAGTTCACC,1
CCATATACTCGCCGGC,1
CCATATTGTAAATTAA,1
CCATCACTGTAGCTAA,1
CCATCATAAAATTCCT,1
CCATCATGGATAACTA,1
CCATCCCATATCAGGT,1
CCATCTCAACGTCAGG,1
CCATCTTATAACAGTC,1
CCATGGATCACATGCT,1
CCATTATCAAAAGCTG,1
CCATTCGTTACTACAT,1
CCATTGACCAAAAATC,1
CCATTTATTTTATTAA,1
CCATTTGGAACATATA,1
CCCAAAAGAGACGCGG,1
CCCAACAAAGAAACCG,1
CCCAATAATGCTTCTC,1
CCCACACTCCCATGAA,1
CCCACCACAGACGACC,1
CCCACCTGTTGTGTTA,1
CCCACGAATGTAAAGC,1
CCCACTAAGGTATACA,1
CCCAGGAAACTCAGTA,1
CCCAGGAATTACTACA,1
CCCAGGCGAGCGCCAA,1
CCCAGTCTAAACAACA,1
CCCATAACAATATTAA,1
CCCATACACTAAGAAT,1
CCCATGCCCCACCCTC,1
CCCATTCTAAGCCCCG,1
CCCATTGAAGAGTTGT,1
CCCCACACGACGCAAG,1
CCCCAGTAAGTGCTTA,1
CCCCATGTAAGCGCAA,1
CCCCATTTATCGCATA,1
CCCCCGATGTTGATGT,1
CCCCGACCACCCTGTA,1
CCCCGAGCAACTTTAA,1
CCCCGCATCCAAGTAA,1
CCCCGTAAAGATAATA,1
CCCCTCCCTATTAATC,1
CCCCTGAATACCGTAG,1
CCCCTGATGAAAATAA,1
CCCGAAAAAGAAACAT,1
CCCGAAAGTAAAAACA,1
CCCGACGGACAGTTAT,1
CCCGAGCGCTATAGCT,1
CCCGAGTATGAATCGG,1
CCCGCAATCCGTAAGA,1
CCCGCGCCGTATTCCT,1
CCCGCTAGTTACCGGT,1
CCCGCTTTTCCCTCAT,1
CCCGTATGACTAAACA,1
CCCGTGCGATCGAGGT,1
CCCGTTACTACATCTA,1
CCCTAAAAATTTCACA,1
CCCTAAATGACCAGAA,1
CCCTAATAACCTAAAA,1
CCCTAATTCCAGCGCC,1
CCCTACGTTTTAACAT,1
CCCTACTTTCAAACAA,1
CCCTAGCACTATCTGA,1
CCCTAGGACCCAAGAT,1
CCCTAGTCCTTATAAG,1
CCCTCACGACCAGGCG,1
CCCTCCGAATACAAAA,1
CCCTGATACATTTGAC,1
CCCTGCAAGTTAATCC,1
CCCTGGCAAAACTCTC,1
CCCTTACTAATAGGGG,1
CCCTTATGCTATCAAA,1
CCCTTCCGTCTGATTT,1
CCGAACCACTACAGCA,1
CCGAACTTCAATCCAT,1
CCGAATTTCTGATTTC,1
CCGACAATACAAATGT,1
CCGACCAATAAAAAGG,1
CCGACTCGCTATCTAT,1
CCGAGGATACATCTTA,1
CCGATACCTCTACTGA,1
CCGCAAATCCATGACT,1
CCGCAAGTTTCATTTA,1
CCGCACAGCCAACACC,1
CCGCAGATACCGTTAA,1
CCGCAGGGCTAGAAAT,1
CCGCAGGTTAGAAAGT,1
CCGCATAAGAACTCGG,1
CCGCATAGGCAACAAA,1
CCGCTAATTAACTGGA,1
CCGCTCTCTCCGCCTC,1
CCGCTTAAATAGTACT,1
CCGGACCAGCATTAAG,1
CCGGACCCATGACATA,1
CCGGACCGTCATTGTA,1
CCGGAGCTAAATTAAA,1
CCGGGAACCCCCTCAA,1
CCGGTATCTGGGTGTC,1
CCGTAATAATCGCACC,1
CCGTAATACTCTTATC,1
CCGTACACACTTTGCA,1
CCGTAGCTTAAAGAAG,1
CCGTATATTAATGTCA,1
CCGTCCCCATCTACCT,1
CCGTGAGCGAAGAACG,1
CCGTTCTACGCGCTAC,1
CCGTTGCACAGTATGG,1
CCGTTGCTCAGCAGAC,1
CCTAAACTATCCTGAG,1
CCTAAATCACATCTAT,1
CCTAAGCCCAATACGC,1
CCTAAGGTTATTTACA,1
CCTAATTCTCCAGACT,1
CCTACCATACGTTAAC,1
CCTACGATCACATGAG,1
CCTAGATATTCTTTGA,1
CCTAGCCAATGTACGA,1
CCTAGTACACACTTAG,1
CCTAGTCGGTTTCATA,1
CCTATCCTCCTCATTA,1
CCTATTAAGCGCCCCT,1
CCTATTAATTCGGCCG,1
CCTATTCGTCTTAGAC,1
CCTCACAAAACACGCA,1
CCTCACATGTTACGTA,1
CCTCATACGGCTCTGT,1
CCTCATCAAATCGAAG,1
CCTCCGCGTCCCGTCT,1
CCTCCTACACATATCA,1
CCTCCTGAGACTCTAA,1
CCTCTACGCACCCTGG,1
CCTCTTCCTTGGATAG,1
CCTGACCGAATCAAAT,1
CCTGCGAAAGTATTCC,1
CCTGCTACCCGCTCCT,1
CCTGGATGGCAGACTA,1
CCTGGCATTGGGCAGG,1
CCTGGGTTCGCTAGTT,1
CCTGGGTTGCATCGCA,1
CCTGTAATCTATGGAC,1
CCTGTACAGTACCAAT,1
CCTTAAAAAGGAGGCA,1
CCTTAACGAACACCAC,1
CCTTACTTAAAATAGC,1
CCTTAGGGGCACCTGC,1
CCTTATACTTCCCCCT,1
CCTTCGGGTAATATGA,1
CCTTCTAAAATAATTA,1
CCTTCTACTTGGTCTG,1
CCTTGACTGGGGCCAA,1
CCTTGAGATTAATCAA,1
CCTTGATGGATATTAA,1
CCTTTAATAAGTGGAA,1
CCTTTACTTGTCCCTC,1
CCTTTTCTACCGATTA,1
CCTTTTTATACTGATT,1
CGAAAAAAAACGCTAT,1
CGAAAAAATGTAAAAC,1
CGAAAAACTTAGAGCC,1
CGAAAATATGATGAAT,1
CGAAAGATGCCCTATC,1
CGAAATCACACGCGTA,1
CGAAATTCGCAAGACA,1
CGAACAGAATGAGGAG,1
CGAACAGCAAGCGTTC,1
CGAACTACATACACGA,1
CGAAGAACCCTTTAGT,1
CGAAGAACTTGCCAGA,1
CGAAGAGAAAGACCTC,1
CGAAGGATATGCCTCA,1
CGAAGTACCATAGTCA,1
CGAAGTCTAAAGAATC,1
CGAAGTTCTGTACCAG,1
CGAAGTTTCAACGAAT,1
CGAATAACGATTACGC,1
CGAATAGAACCCAACT,1
CGAATAGTATGGAGGG,1
CGAATAGTCGAACACT,1
CGAATATAGTATAGAC,1
CGAATATGACTTGGCA,1
CGAATTATGTTTAGTT,1
CGAATTATTTAGAACC,1
CGAATTCGTATACTCC,1
CGAATTGCGTGCCTCC,1
CGAATTTCGCCCTCAT,1
CGACAAAAGTGAATTA,1
CGACAAGAGACACTAG,1
CGACCAAACCTGCTGC,1
CGACCAGTACCAAAAA,1
CGACCCATTAGCTAAC,1
CGACCTATGCCCTTCA,1
CGACCTGAATGAGTTT,1
CGACGAAGATAGAGTA,1
CGACGAAGTTAAGCGC,1
CGACGAGGCCACACAC,1
CGACTACATTCCAAGA,1
CGACTCACGCCATGTA,1
CGACTCAGCTTGTAAC,1
CGACTTAATAGAAATA,1
CGACTTTGCGAAAAGT,1
CGAGAACCGGCGAAAG,1
CGAGAGAACCTTGTAA,1
CGAGAGTACCCGTATC,1
CGAGAGTTGTAACCAC,1
CGAGATATTTAACAAT,1
CGAGCACAGAAATTTC,1
CGAGCAGTACTAACCG,1
CGAGCATACTTAAAGA,1
CGAGCATAGGATTAGA,1
CGAGGATTACGGACTT,1
CGAGTAACTAGCACGT,1
CGAGTAAGTCATTGAA,1
CGAGTCAAACTAATAG,1
CGAGTTCACTTACTAT,1
CGAGTTGAAATCTCAC,1
CGATAAACAAAAGATT,1
CGATAATGAGAAGGTT,1
CGATACGATGGCTTTT,1
CGATATGAAATAAAGG,1
CGATCCAAACTGAGTT,1
CGATCCAAATTCGATC,1
CGATCGACTAATTGTA,1
CGATGTAAGTTAGCCA,1
CGATTAATACAATCGA,1
CGATTAGACCTAACAA,1
CGATTATGATGTACCC,1
CGATTGAATAATATCA,1
CGATTGATATAATACG,1
CGATTGCGATTTTAAC,1
CGATTTTAATCCTAAG,1
CGCAAAAGGCTGCAGA,1
CGCAATGCGATAAGAC,1
CGCAATTCGGATTAAT,1
CGCACTCAAGAGCCAA,1
CGCATACCAGCCATAG,1
CGCATCGCAATGAAGT,1
CGCCAAAAATAGGGGG,1
CGCCAATATTGATAGT,1
CGCCAGGTATGCAATA,1
CGCCCAAAGGCCGATT,1
CGCCCGCATTCATAAC,1
CGCCCTCTTCCTCCAT,1
CGCCGAGATATGACAA,1
CGCCTCCATTATCTCA,1
CGCCTGGACTCGATAA,1
CGCCTGTCTCGGTGAA,1
CGCCTTATCACTTAAA,1
CGCGACTACTCATAGA,1
CGCGCAATACTTAGAT,1
CGCGCTTCGCCCATGC,1
CGCGGAAACTAACGCG,1
CGCGGAGCTGCTCAAA,1
CGCGGTAAAAAGATCT,1
CGCGTCTAGTCGACGT,1
CGCTATATAAGAAACA,1
CGCTCATGACTACAAA,1
CGCTCTAAGAAACGCA,1
CGCTGACATCTATAGT,1
CGCTGCTATCTCGATC,1
CGCTGTATCGTAACAC,1
CGCTTAAAGAGTGTAT,1
CGCTTAAGGGCATACT,1
CGCTTACAATCACAGA,1
CGCTTTGCTATGGAAC,1
CGGAAATCGGGCACGG,1
CGGAACCGTAGGGGTC,1
CGGAATGCGCAATATA,1
CGGAGTCCGTCATGCC,1
CGGATATGCTCATGGA,1
CGGATCAGTGCAGAAC,1
CGGCACATATTACAAG,1
CGGCCATGATTATTAA,1
CGGCGTGGTTTGATGT,1
CGGCTAAAGACCTGGC,1
CGGCTTGGAAAAGTGT,1
CGGGAGAATGGTATGA,1
CGGGAGCACAACATGT,1
CGGGCTTAAGAAAAGA,1
CGGGGACCCATAAAGA,1
CGGGGTCAACACAGTG,1
CGGTAGACAACGACTA,1
CGGTAGTAGTTAGATT,1
CGTAAACTAATCATAC,1
CGTAACGACTAATGAA,1
CGTAAGCCATCTAGAA,1
CGTAAGTCAAGCATTG,1
CGTAATAATTGGCCCC,1
CGTAATCAAGCTTACA,1
CGTAGAATCCAGGCAA,1
CGTAGACCAGTACGCA,1
CGTAGATGTGTGGAGA,1
CGTAGCCATTGTAATA,1
CGTATACAATCCTCAT,1
CGTATTTTCAGTCTGG,1
CGTCAAAAATATTCAC,1
CGTCAATAAAACAAAA,1
CGTCAGGCCAAATCAA,1
CGTCAGTCCGATGTAG,1
CGTCATTAGGGCACAT,1
CGTCCCACCGCAAACA,1
CGTCCGCAAGTCTAAT,1
CGTCGCAACCTGTATC,1
CGTCGTTGGCCATGCG,1
CGTCTACAACATGTAT,1
CGTCTCACATACACAA,1
CGTCTCCGAAGCTTCC,1
CGTCTGTTAAAGCTTC,1
CGTGTCACCCAATCAA,1
CGTGTGGATATATAGC,1
CGTGTGTACCCCTTAT,1
CGTTAAAACGGCTTTT,1
CGTTAAACAGCACTTA,1
CGTTACACTAACCAAC,1
CGTTAGTCTCTTAAGT,1
CGTTATACTACTCTAT,1
CGTTATATTTAAGATA,1
CGTTATGGCTGGGAGG,1
CGTTATGTATATTTGC,1
CGTTCATATTACATGG,1
CGTTCTAGTCATTGAG,1
CGTTGATACGCTTAAC,1
CGTTGCCATTGATACC,1
CGTTTACAAATAAGCT,1
CGTTTCAATTCTACAG,1
CGTTTCATATTACCAG,1
CGTTTGTAACTAAAAA,1
CGTTTTAAATTTCCAT,1
CGTTTTATTTTTTTGC,1
CTAAAATATAAACGCA,1
CTAAAATGAGGGATTA,1
CTAAAATGGATGCTCC,1
CTAAACAGACTAAGTT,1
CTAAACATAGTATGCT,1
CTAAACGCAAAGTGCA,1
CTAAACGTATCACAAA,1
CTAAACTACTGCTTAT,1
CTAAAGCCATACAGCG,1
CTAAAGTTGCGCTCAA,1
CTAAATAACACACCAA,1
CTAAATCCATACAATT,1
CTAAATCTTCAAACAA,1
CTAAATTTTAGACAAA,1
CTAACAAATATAACAT,1
CTAACAAGTATCTATA,1
CTAACCAGCCGCCACC,1
CTAACCTTGATCCCAC,1
CTAACGTAAGGGTGCG,1
CTAACTTCTAAACACA,1
CTAAGAGACCGTACGA,1
CTAAGAGAGATATACA,1
CTAAGCTCACATGATT,1
CTAAGTAAACCAAACA,1
CTAATACGTAAATATA,1
CTAATACTTAATGAGC,1
CTAATAGCGAGATACT,1
CTAATAGGCAAGTCTA,1
CTAATCAAAATCTGTC,1
CTAATCCGCACACAAC,1
CTAATCTGCAAAAATC,1
CTAATGCAGGACATAA,1
CTAATGCCTGTGCGCC,1
CTAATGCCTTTAACCC,1
CTAATTAATTGGTCGA,1
CTAATTATCAAAACGT,1
CTAATTCATTGTTTCC,1
CTAATTGAAGATACAA,1
CTAATTTCCAACTACG,1
CTACAAGATATAACAG,1
CTACACGCTGTATAGC,1
CTACATACGAACAGAT,1
CTACCAAAACAAAAGA,1
CTACCAATGTATGCCT,1
CTACCACCTATCAGAG,1
CTACCACTCGGAGAAG,1
CTACCATTAGCAGCCT,1
CTACCCAACGGAATCG,1
CTACCTGTTTTCCTCT,1
CTACCTTAGGTCTTGA,1
CTACGAACATAACGTG,1
CTACGCGGACTCGATG,1
CTACGGATTGACCATG,1
CTACGTGCCAATACCA,1
CTACTCAATAACATAG,1
CTACTCAGGCAGATTT,1
CTACTCATAACATAAG,1
CTACTCCTACACCCGA,1
CTACTGCACAATTGTC,1
CTACTTTAAATAACCA,1
CTAGAAAGTGCCTAAA,1
CTAGAATTGCCCACAT,1
CTAGACACCAGTTACC,1
CTAGAGACAAGTGCAC,1
CTAGAGCTCGTTCGAT,1
CTAGATAATTCAGCAA,1
CTAGCAAAATAATAGC,1
CTAGCCTCTAGCAAAA,1
CTAGCTCTTAATGCAA,1
CTAGGGAGTTAGCACT,1
CTAGGGTAAGTATATA,1
CTAGGTCGGCCTTATT,1
CTAGGTGGACTTATTA,1
CTAGTAAAGATCTAAT,1
CTAGTAACCAACGAAT,1
CTAGTATACATAAAGA,1
CTAGTCGCATATCCGC,1
CTAGTCTACATCCAAA,1
CTAGTCTAGCCCGGTC,1
CTAGTGTGTTCACCAC,1
CTATAACAAATAAAAC,1
CTATACATAGGCCTGA,1
CTATACGACCGTGTCC,1
CTATACTACTCGAGCA,1
CTATATGTAATTTGAA,1
CTATCAAACACTTCCT,1
CTATCCAAACCCCTAC,1
CTATCCATCTTTATTC,1
CTATCCATTCAAATAA,1
CTATCCGAGACCAGTA,1
CTATCCTGGAGAGTAT,1
CTATCGAGGTCGCGAA,1
CTATCTAGGCATCCGT,1
CTATGAGAATAATATC,1
CTATGCCAACCTATTA,1
CTATGCCTAGGACTTA,1
CTATGGCCCAAAGGAC,1
CTATGGTCATGTTTAA,1
CTATGTAAAAAAGGCA,1
CTATGTTTATCAATAT,1
CTATTACCAATGCAAA,1
CTATTAGTACCGATAT,1
CTATTCACATATTGAT,1
CTATTGATTCTTGGTA,1
CTATTGCCGTAGTCCC,1
CTATTGGCATTGGATT,1
CTATTTAACACCCGTG,1
CTATTTTATAAAATCA,1
CTATTTTTTACAAATC,1
CTCAACGTGGCAGGTA,1
CTCAACTCATTAACCC,1
CTCAATCCAAAAAATT,1
CTCACAGAAAGCTATT,1
CTCAGAGAACACATTA,1
CTCAGCATGCCTAGTA,1
CTCATAAGTAAAATGA,1
CTCATAATAGTTTAAC,1
CTCATCAGTGGTCTTA,1
CTCATCGAGCAAAGAA,1
CTCATCGCATCTCTCT,1
CTCCAACCATCTTTCA,1
CTCCAGAAAGTTGCAC,1
CTCCCACGCAACTGTA,1
CTCCCAGGACAGTAAC,1
CTCCCATTAAAGGACA,1
CTCCCCAAATAAGTCT,1
CTCCCGACCATATTTA,1
CTCCCTATCGAAATAA,1
CTCCGAATCTACAAAG,1
CTCCGACCAAATAATA,1
CTCCGACCGATATGAC,1
CTCCTTACCGTGAGGA,1
CTCGAAAATACAAAAG,1
CTCGAAGGCGCATAAG,1
CTCGAAGGTAATACAG,1
CTCGACCTCGTTTAGC,1
CTCGATTTAATAACCT,1
CTCGCGATACCATGTA,1
CTCGCTAAATGTCTCA,1
CTCGGGGCACATATTC,1
CTCGTACAATCGTTTA,1
CTCGTATGATCGAAAC,1
CTCGTCAATTATACAC,1
CTCGTGACCTATATAC,1
CTCGTGATGAAGTAAG,1
CTCGTTAAGCACGCCT,1
CTCTAAAACAATTAGA,1
CTCTACCAAGTATTAG,1
CTCTACCCATTGTAAA,1
CTCTACCTCTATCGCC,1
CTCTACGGGCCAGAAG,1
CTCTAGAATATCTACT,1
CTCTAGGCACTTATTA,1
CTCTATCTACCTATAA,1
CTCTCCAAAACGTGAA,1
CTCTCCAGAAATTCCG,1
CTCTGAGTCACAAGTG,1
CTCTGCTAGTGCATAA,1
CTCTGTCGCTTGACTG,1
CTCTTAAAAGGTATGT,1
CTCTTATAAGTTATTA,1
CTCTTGAATGGGCAAA,1
CTCTTGATCATCTCAG,1
CTCTTGGAACAAACAC,1
CTGAAACAGAAATTTG,1
CTGAAACGACAATATT,1
CTGAACTACGAAATGT,1
CTGAATCTAGCGAGCC,1
CTGACAAAGACTATAC,1
CTGACAATTAAATAGA,1
CTGACCATATCCAGAA,1
CTGACCCGACCAGAAT,1
CTGACCCGTCGTACCA,1
CTGACTTTGAACTATA,1
CTGAGAACGCCCAGAC,1
CTGAGTCAATTCATTG,1
CTGATAACTAAGACCA,1
CTGATCCCAAACACAT,1
CTGATCCCTATTGTCC,1
CTGATTCAATATATAG,1
CTGCATAACAGCTGTT,1
CTGCCATTTTTCCTCC,1
CTGCCCCTAATCATTA,1
CTGCCGCTTCCAACAG,1
CTGCCTTATATCGCAG,1
CTGCGATACACACGTT,1
CTGCTGGGGCTCGCAC,1
CTGCTTCCACACGTGA,1
CTGGAAGAGGTCGGAT,1
CTGGAGTGTCGGTGTC,1
CTGGGATTAAAATTTC,1
CTGGGGGCCCGCTTAA,1
CTGGTACAACAGCTCA,1
CTGGTGCAGGATAACC,1
CTGGTTAATGCACTAT,1
CTGGTTCGATACAACA,1
CTGTCCAGATTAAGTC,1
CTGTCCCTCTCCGCTT,1
CTGTCGATAATAACCC,1
CTGTCTTCCTTGTTAG,1
CTGTGCACGAGCCTCA,1
CTGTGGAATGGTAATT,1
CTTAAAAAAGAACAGA,1
CTTAAAAACTTTGAAA,1
CTTAAAGTGTGGATCC,1
CTTAAATAATATTGGG,1
CTTAAATAATTTAACA,1
CTTAAATTCAAAGCCC,1
CTTAACTTAAAATCTT,1
CTTAAGTCGTGAAAAA,1
CTTAATCAACGAGAAT,1
CTTAATCCTACATACA,1
CTTACAAAACTCCCTT,1
CTTACCTCCGTCCTCA,1
CTTACGATGGAACGAA,1
CTTACGCTAATAATGG,1
CTTACTCCGCTCCCTT,1
CTTAGCAAAGTGCAAT,1
CTTAGCGTCACAAGCT,1
CTTAGCTCTATGAGAC,1
CTTATAAACTTCCAAA,1
CTTATACGACACACGT,1
CTTATCAGAGAATAAC,1
CTTATCCGAGTAGCTA,1
CTTATGGCACTAGTAA,1
CTTATTAATCTGCAAG,1
CTTCAAAGCACAAATC,1
CTTCAATTTTCTGGTT,1
CTTCCACCCTCCGGTT,1
CTTCCACGTGTTAATT,1
CTTCGCAGACTAAAAT,1
CTTCGTCCACCAGCAC,1
CTTCTCCTTATAGCCT,1
CTTCTGCACATTCTCC,1
CTTGAAACCTTAAGAC,1
CTTGAAAGTACTAGCT,1
CTTGAACTAGTTACAA,1
CTTGAATACCGAATTT,1
CTTGAATCATTTAGGT,1
CTTGACATTCACTCGG,1
CTTGACCAATTCGGTC,1
CTTGATAAGGGTGAGT,1
CTTGATTCAATTGAAC,1
CTTGATTGAAAACTTT,1
CTTGCCCACACAAGAT,1
CTTGCTCGTTGCATTG,1
CTTGGAGAATATAGAA,1
CTTGGCATCTGGCGGA,1
CTTGGCCACTTTCAAG,1
CTTGGCTCACTGCAAT,1
CTTGGTACGCCTACAA,1
CTTGGTACGCTAGTTG,1
CTTGTAATACCTAGTA,1
CTTTACCATTTGCTCA,1
CTTTATCAGCTCCATA,1
CTTTATGCAACCTAAG,1
CTTTCACAAACACCCA,1
CTTTCATCCTATATCG,1
CTTTGGACTAATTTTG,1
CTTTGTAAAAACTATG,1
CTTTGTCCCTTATACA,1
CTTTGTTTTCGCCCAA,1
CTTTTAAAAGAGAATA,1
CTTTTAGAGCATCCCG,1
CTTTTATAATCCGCGC,1
CTTTTATCTCTCAAAA,1
CTTTTCAGATCCTATC,1
CTTTTTCCGATTCCGA,1
GAAAAAACAATGGTTT,1
GAAAAACGGACGGCAG,1
GAAAAAGTGTTATATT,1
GAAAAAGTTCAAAGAA,1
GAAAAATACGTGTATA,1
GAAAAATCCAAACCTT,1
GAAAAATGGATGCAAT,1
GAAAAATTAGAAGTAA,1
GAAAAATTCCATCAAA,1
GAAAAATTTGATCATA,1
GAAAACAAAGGAAGAA,1
GAAAACCGAGTTAGGC,1
GAAAACTAGAACGATA,1
GAAAAGAGCACTACCA,1
GAAAAGCAATAAATTC,1
GAAAATCAGCAATCGC,1
GAAAATGATCCAAATT,1
GAAAATTACGCGCCCT,1
GAAACAAAGTGAACAC,1
GAAACAATTTTACTGC,1
GAAACACTAGATTCCA,1
GAAACATATTTAATCC,1
GAAACATCCTTGAAGA,1
GAAACCCTAGCAATAG,1
GAAACCGTCAAAGTAT,1
GAAACCTAAAGACGTG,1
GAAACTAAATAAGGAC,1
GAAACTAACTCCCGAT,1
GAAACTACTGCATTAC,1
GAAACTATAGACGCAA,1
GAAACTTGCGTGTTAC,1
GAAAGACACAGGTGAC,1
GAAAGACTCGGGAATG,1
GAAAGATAACCTTAAA,1
GAAAGATAATTCATTT,1
GAAAGCATGCACGCCG,1
GAAAGGATTAGCACCA,1
GAAAGTACAACATGAA,1
GAAAGTATAAACTATT,1
GAAATAAAATAAAGAA,1
GAAATAAACAAGTCAC,1
GAAATACGCTATACCG,1
GAAATAGAAACCATAA,1
GAAATAGGAGAGCTGT,1
GAAATATACTCTCAGT,1
GAAATATATCGATATG,1
GAAATATCCATAAAGA,1
GAAATATTTTGACACC,1
GAAATCATAAATGCCC,1
GAAATCTCTGAACCAT,1
GAAATCTTGAATCAAC,1
GAAATGCAAGATGAAA,1
GAAATGTTGAGCTACT,1
GAAATTACTACCATTA,1
GAAATTATCTGAAATG,1
GAAATTGCCACTAAAC,1
GAACAACCCATACATC,1
GAACAAGCGTAGTAGC,1
GAACAAGTTTGGCAAC,1
GAACAATCCATAAAGC,1
GAACACATGGTTGGGG,1
GAACACCGTTAAACAT,1
GAACACTGTTTTACTA,1
GAACACTTCTGACTAA,1
GAACAGCCTTCTTTCT,1
GAACAGCGGTTAATGA,1
GAACAGTCAAGTCAGA,1
GAACATCTCGAAGAGC,1
GAACCAGAAAACCTAC,1
GAACCCTAACAAGATA,1
GAACCGCAACTCACTT,1
GAACGAATCTCAAATC,1
GAACGCACCGTTAAAA,1
GAACGCTTAACCACCA,1
GAACGTAGAAAAGAAA,1
GAACTAAAGGTGCGCG,1
GAACTACTTTCTCTTC,1
GAACTATAGATACCAA,1
GAACTCACACAAATAA,1
GAACTGATGGCTACTT,1
GAACTGGTGTACCATG,1
GAAGAAACACTCCACC,1
GAAGAAGAAGGCAAAA,1
GAAGAAGCTCCAATAA,1
GAAGAAGGGTCAAAAC,1
GAAGAATCACTTGTCA,1
GAAGATACTATATATG,1
GAAGCATTGAGGCCAT,1
GAAGCTGATCATAACG,1
GAAGCTGGCGATCAAC,1
GAAGGACTACTGGACA,1
GAAGGATTTGATCCCA,1
GAAGGTAGACACAGGG,1
GAAGTAAAGATAAAAT,1
GAAGTACAAATGTCCC,1
GAAGTATGTCCGATCC,1
GAAGTCTAATAAGTGG,1
GAAGTGAAGGCTACGA,1
GAAGTGGCACCGCAAC,1
GAATAAACGCATCACA,1
GAATAACCTTGCTAAA,1
GAATAATGGGTTAGAA,1
GAATACATCTACAATA,1
GAATACTATGCAAACT,1
GAATAGGAAGGCAAAG,1
GAATAGGATTTGGCGA,1
GAATAGTGAGCGAAAA,1
GAATAGTTAGAAACAA,1
GAATATGCAATACATG,1
GAATATTCAACAATGC,1
GAATCACCCGATATAT,1
GAATCATTACAGGATT,1
GAATCCAGGTTAACGG,1
GAATCCTAACCCCAGA,1
GAATCCTAGACAAGTC,1
GAATCGACCCCCACAT,1
GAATCTACATCATTAA,1
GAATGACAACACAATA,1
GAATGCTTTGATTATT,1
GAATGTAACAGAAATT,1
GAATTACATTCGGTAC,1
GAATTACTAAAAGGTC,1
GAATTCCGAGGTAATA,1
GAATTCCTGATACACA,1
GAATTGACACGAAATC,1
GAATTGCACATCCTTC,1
GAATTGGGGGTAATCA,1
GAATTGTTTCTACTGT,1
GAATTTAATAAGTACA,1
GACAAAAACCCAAGAC,1
GACAAATAAAGGCAGA,1
GACAAATATTTCTTGA,1
GACAACAAGAATTTAA,1
GACAACCCTGCATGCG,1
GACAACCTTATGGCAC,1
GACAACGATAATGTTA,1
GACAAGACTTGATAAA,1
GACAAGCCTATAATAC,1
GACAATAACCACCAAG,1
GACAATCAATCTAGCT,1
GACAATGGTGTCAACC,1
GACAATGTCCTACCAG,1
GACAATTGTCATGTTA,1
GACACAACGGTCCCGA,1
GACACAGCAAAGCGGG,1
GACACCACCAATAAGC,1
GACACCATAAGAGAGC,1
GACACCGCAACAAAGC,1
GACACTAATTAAACAC,1
GACAGAACAATGAAAA,1
GACAGAACCCGAGGAC,1
GACAGAAGACACATCT,1
GACAGACGACGTACAT,1
GACAGCCTAGTGACTT,1
GACAGGACCAATAGTT,1
GACAGTAAAGAACAAC,1
GACAGTAAATAGTCCA,1
GACAGTGATAACTTTC,1
GACATAACTCAGCCCC,1
GACATATTACTATACG,1
GACATCGACCTGCCCC,1
GACATGCTCACACTGA,1
GACATTATGAACGTAC,1
GACATTTAATGGAAAA,1
GACCACACTAGTTACC,1
GACCACGCATAATCTT,1
GACCAGCAACAATGCG,1
GACCATAGACATTATA,1
GACCATTGTGAAAAAC,1
GACCCAATTTTGCATA,1
GACCCACCATTTGGTG,1
GACCCAGAAATCGAAG,1
GACCCTAAGTACGAGC,1
GACCCTCTGGCGTCAA,1
GACCGATGATTGCTCA,1
GACCTAAAAACATGTG,1
GACCTATCGTCCTGGG,1
GACGAATAACCTTCTA,1
GACGAGAACTTTTGCA,1
GACGAGACGAAAACTT,1
GACGAGGACAATACTT,1
GACGATTCAAAGCATA,1
GACGCAATGCACATTA,1
GACGCATAGCCCATGA,1
GACGCATGAATTAGAA,1
GACGCATTATCGAGAA,1
GACGCCCTGTGCCCAA,1
GACGCCTAGGTTTAAT,1
GACGCTTAAAACATGT,1
GACGCTTTTAACACAC,1
GACGGACGTAGAGGAC,1
GACGGCTCCCATTCAA,1
GACGGTTACGGTCTTC,1
GACGTAAAATAGTGTA,1
GACGTAATAGTAATTC,1
GACGTACACGCAACAA,1
GACGTACTATTCAAAC,1
GACTAAACATACTCAA,1
GACTAGAGCATACGTC,1
GACTAGTGCAAGTAGA,1
GACTATTATGATCACA,1
GACTCAGTCCGGAAGA,1
GACTCCCATATGCCCA,1
GACTCGCCCAGCATGC,1
GACTCTCAGTCTTCTA,1
GACTGCTTCTAACACG,1
GACTGGAGGTGTCATT,1
GACTTAATTCGAAATC,1
GACTTATACCCAGGAG,1
GACTTTCGCGATCCCT,1
GAGAAACCACGGGTGT,1
GAGAAACTTGCAGAAG,1
GAGAAATATCAGACGA,1
GAGAAGAACATATCAA,1
GAGAATCCCATAGTGC,1
GAGAATGAACCTTTAC,1
GAGAATTGGACATTTA,1
GAGAATTTCCAAATGG,1
GAGAATTTCGAGAGTA,1
GAGACCAATCCCTCAA,1
GAGACCGAAATATCAG,1
GAGACTAAAGGCCAAA,1
GAGACTGCGGGATCCG,1
GAGACTTAACGGCTCC,1
GAGAGCGTTAAAACGC,1
GAGAGCTAAAACTATA,1
GAGAGGTTAATGTGTG,1
GAGATATCGATAAAGA,1
GAGATATGTCAAGACT,1
GAGATCTATAACTACA,1
GAGATGCAAAGTAGAG,1
GAGATGCGAATCTCAA,1
GAGCAAAAAGGAATAA,1
GAGCAATTCTATATGT,1
GAGCACAGTAAGATAG,1
GAGCACCCTTTGTAGA,1
GAGCAGAGAGTACGGA,1
GAGCCAACTTAATTGA,1
GAGCCATAAATGAAAT,1
GAGCCCTCAGTCACAA,1
GAGCCGAGAGGGACGA,1
GAGCGACGCCTACGTC,1
GAGCGCCAGAACAGAC,1
GAGCTTGATGAGAACG,1
GAGGAAAAGTCGAGTA,1
GAGGAACCGATCAGAC,1
GAGGAGTGTCGTCTGA,1
GAGGCCGTTACTTGAA,1
GAGTAAAACCTAACAC,1
GAGTAATCAAGTGATG,1
GAGTAATCCAGTCGAG,1
GAGTACCACAAGTCGG,1
GAGTAGTGTAATACCA,1
GAGTATCCGAGTACCC,1
GAGTATGTCATGGCAC,1
GAGTATTTCCTTATGC,1
GAGTCAAGACGAATGT,1
GAGTCAGTACAATTAT,1
GAGTCGCGACAGTGAG,1
GAGTGAATTTAGCGCA,1
GAGTGACACTTAAACA,1
GAGTTACTCCGATGAA,1
GAGTTAGGTCGCAGTT,1
GAGTTGCAGCACTAGC,1
GAGTTTACAAAACCAA,1
GAGTTTATTAAATCTA,1
GATAAAAACTGTCGCA,1
GATAAAAGGGCAGTAG,1
GATAAAATCCGAAAGA,1
GATAAACCCTTAGGAA,1
GATAACGGCATGAAGA,1
GATAATAACCAGACCC,1
GATAATAGCCAAAGAC,1
GATAATGTAAGTGGAG,1
GATAATGTGCAGTTCC,1
GATAATGTTAAAGAAT,1
GATACAACAAATGGAC,1
GATACACATGGCCTTG,1
GATACATAATAGGCCT,1
GATACATTAAACCTAA,1
GATACATTTAAGGACC,1
GATACCCAGAATCCAA,1
GATACCTGCACGAAAA,1
GATACGAGCAATATAC,1
GATACTGGACACAATG,1
GATACTGGTGAAAGTG,1
GATACTTTCTCCTGTT,1
GATAGACATATTCCCT,1
GATAGACTGGCTTTTA,1
GATAGATGCATATTAA,1
GATAGGAAAATTTATT,1
GATAGTGAATAGACAG,1
GATAGTGTTCAGACTT,1
GATATAAAAATTTACC,1
GATATCAAGACGATAC,1
GATATGGCTGAAAAGC,1
GATATTATGAATCCGT,1
GATATTATTGAGGATT,1
GATCAACAAATTCCAC,1
GATCAACATCATACAA,1
GATCACTAGGACAGTA,1
GATCAGATAAAAGCCA,1
GATCAGGATTCCACTA,1
GATCATGGTTATAAAA,1
GATCCAGTAAAAAAAA,1
GATCCATTACATACTT,1
GATCCATTACCCCAGT,1
GATCCCTCAACTGCCT,1
GATCCTTAGGATAGAG,1
GATCGCAATGAATTTC,1
GATCGCGACTTTTTAC,1
GATCTATAACGAAGTC,1
GATCTATATTCCCAAA,1
GATCTCACTTGCGATA,1
GATCTCGCCAACAGGC,1
GATCTGACGCTAACTA,1
GATCTTTTAAAACTCA,1
GATGAAAAACTGAAAC,1
GATGAAACCGGCTTGG,1
GATGAACTCGTGAGGT,1
GATGAGTGCAGTTTCT,1
GATGATCCCGCTCAGG,1
GATGATGATTCTTATT,1
GATGCTATTAGGTAAA,1
GATGGATCCAAGAATG,1
GATGGGGTCGTACTAG,1
GATGGTCAAACCAGGA,1
GATGTATAAGTCACGA,1
GATGTCTCTTACAATA,1
GATGTTATACACTTCC,1
GATTAAAGGTAAAGTC,1
GATTAATTACCTATTG,1
GATTACATATACACTA,1
GATTAGGTACTGGAAA,1
GATTATATAGGTAGCG,1
GATTATGTATATAGAG,1
GATTCAAATAGAAGCC,1
GATTCAAGCAGTACGA,1
GATTCCACGTCCCGCA,1
GATTCGTGATATGTGT,1
GATTCTTTGGCCGCTA,1
GATTGAAGAGAATTTC,1
GATTTCTTCCTCCTCT,1
GCAAAATACACCAGGT,1
GCAAACAATATAAGAG,1
GCAAATATAATCAACG,1
GCAACATGCTTGAATA,1
GCAACTGTACATGTGG,1
GCAAGAAAACTAAATT,1
GCAAGAAATCTTAAAG,1
GCAAGAAGCAGGTAGG,1
GCAAGAGAATGTACCA,1
GCAAGATCCAACGCAA,1
GCAAGCTGATTTTAAA,1
GCAAGGGCCACCTATT,1
GCAATATCGATCTATA,1
GCAATCCACCTGGTTA,1
GCAATGCTAGTGAATA,1
GCAATTATACATGAAA,1
GCAATTTAGCAGACAT,1
GCACAAGTTAAAGTAT,1
GCACACACCCCAGAGA,1
GCACATACTAGATATA,1
GCACATCCAGAAATAA,1
GCACCGATAAAGAATA,1
GCACCGCCAGGACGGT,1
GCACCGTCTGGGTTTA,1
GCACGTACCACGTACT,1
GCACGTGGTCTTGCAA,1
GCACTAATACGTTCAC,1
GCACTATATGAGAAGA,1
GCACTATATGCCATAA,1
GCACTCGGATGTTCCC,1
GCACTTAATACCGATC,1
GCACTTCTGCTGTTAG,1
GCACTTGGATTTCAAC,1
GCAGACTCCATATTTA,1
GCAGAGAGTCCTTCCA,1
GCAGATCCGACATGTT,1
GCAGCCAAAATACATG,1
GCAGCCACAATTCACG,1
GCAGGCACAGCCTGCG,1
GCAGGCTCGCACCTCT,1
GCAGTAAGGTAGTTTG,1
GCAGTATATAAAAATA,1
GCAGTTTAAACCGACC,1
GCATAACAACGAAGAA,1
GCATAATAGGATATGA,1
GCATACCTTTTCTCAT,1
GCATAGAATTCAAAGC,1
GCATAGTAATTACACT,1
GCATATGAGTAAACTT,1
GCATCATGGGATACAC,1
GCATCATGTTATCAAA,1
GCATCTACACATGCCG,1
GCATCTCTATATATTC,1
GCATGATTATGACAGA,1
GCATTAGCTATCGGAC,1
GCATTCGCCTGTTGAT,1
GCATTTCAATCATAGA,1
GCATTTTACTTCATCC,1
GCCAAAAACACCTATA,1
GCCAAAAACTTGATAT,1
GCCAAAAATCAGACAA,1
GCCAAAACCTTAAGTC,1
GCCAAAGGCGAAGCAA,1
GCCAAATACAGGCAAG,1
GCCAATAAGCCACGTA,1
GCCAATCAATCCAACA,1
GCCAATGATCTATGAA,1
GCCACACCGTGCTAAC,1
GCCACGAAAGCAAGTT,1
GCCACTGAAAAGAAAC,1
GCCAGAATAGGACAAC,1
GCCAGCATCAATCCGA,1
GCCAGTCCTAAGTACA,1
GCCATTCCTGACGTAT,1
GCCCAATAATATACCA,1
GCCCACAAAACACAAG,1
GCCCACGAAACAAGGG,1
GCCCATACACCCGGAG,1
GCCCATCAACATAACG,1
GCCCCACTTGAGCGTT,1
GCCCCTAGTGATAAAA,1
GCCCGGAGTCCTATGC,1
GCCCTAATACGCATAA,1
GCCCTAGTTCCCGTTA,1
GCCCTGTATTGCCTTA,1
GCCCTGTTAAGGATGA,1
GCCGAAATATTGCGAT,1
GCCGACGACGCCCGTC,1
GCCGAGAATCAACTTG,1
GCCGCACGCCATAAAA,1
GCCGCAGACGAGACAA,1
GCCGCGCTATAATAGA,1
GCCGGTGCCGTTGGAA,1
GCCGTACAAAAGTGTA,1
GCCGTGTCAAAAACTT,1
GCCTAACAGAACCTAC,1
GCCTAAGAAATTAAAC,1
GCCTACCATTTCAATG,1
GCCTCTCGGAATCAAG,1
GCCTGGCCTAATGGAA,1
GCCTGTGATCAACGAA,1
GCCTGTTCACTATTAA,1
GCCTTATAGGGCACTT,1
GCCTTGATAGAATACC,1
GCGAATGTTATTGATT,1
GCGAGAAAAGACCCAG,1
GCGAGCGAATAAATAA,1
GCGAGTCGAAACAGAA,1
GCGATCAAAGTTCATC,1
GCGCAACCCCCTGGAC,1
GCGCAAGACGACGCCT,1
GCGCCATCTATAGGAC,1
GCGCCGAATAATACAA,1
GCGCCGTTGAATCACC,1
GCGCCTGTGCAGTATA,1
GCGCTAAAGACCATAC,1
GCGCTCGGTAGTGTTC,1
GCGCTTTTGAGTTATA,1
GCGGAACACTCTGGTA,1
GCGGACATTCCCTATC,1
GCGGATAACTTCTGGT,1
GCGGATCGACCAACAC,1
GCGGATGTTGTTTCTA,1
GCGGATTGACATGGCA,1
GCGGTAGATAAAACAA,1
GCGTAAAAAATAACGA,1
GCGTAAATTTTGATGG,1
GCGTACAACAGTGTCT,1
GCGTATTCTTCTCTAT,1
GCGTCATAATAACCAC,1
GCGTCCTAGATAATTA,1
GCGTCGCAAAAGTGAA,1
GCGTTATATATTCAAT,1
GCTAAATACGACTAAG,1
GCTAAATTCATCACAT,1
GCTAACAAGACAGTTT,1
GCTAACAGAAGGGGAA,1
GCTAACTGCCCCTGAA,1
GCTAACTTGGAGAAAG,1
GCTAATCAGAGCAAGA,1
GCTAATGTAACGATGG,1
GCTACAGTAGCGGTTT,1
GCTAGCCTCAAGGTCA,1
GCTAGCTCTTATTTAA,1
GCTATATTCTGAGGGT,1
GCTATCTAACCGCATC,1
GCTATGGTGCAGGATG,1
GCTATTGTTCGTCTTA,1
GCTATTTGTGACTATA,1
GCTCAGAAGTTGAACA,1
GCTCCCCCCAATACCG,1
GCTCCGACACGCGGAG,1
GCTCGACTTAATGCTA,1
GCTCGCAAAATGATCA,1
GCTCTAAGTTATAAAA,1
GCTCTCGCAACGGGAA,1
GCTCTTACATATTCTA,1
GCTCTTTTTAACGCAT,1
GCTGCATAGAGCTCGA,1
GCTGTACAGAGAACCC,1
GCTGTACCAACTAAAC,1
GCTGTCCCTAATGACC,1
GCTGTGAACTCTTCAA,1
GCTTAACACGCAATAT,1
GCTTACCGGCATTTAC,1
GCTTACTGGTAAAACT,1
GCTTATTTAACCAACC,1
GCTTCAAAAGAAATCG,1
GCTTCATATTAACAAA,1
GCTTGACTAATGCCTA,1
GCTTTCCTAGTAAAAC,1
GCTTTTCAATGACAAT,1
GGAAAACAGTCCGCAC,1
GGAAACATCACAATCC,1
GGAAACCAGCGTCGAA,1
GGAAACGCCGTGGATG,1
GGAAATCATGCATATA,1
GGAAATCCGTACGGTT,1
GGAAATTGAGAAGCCG,1
GGAACGCCCAAGGTGT,1
GGAACGGATGTACATA,1
GGAAGACGTAATCGTA,1
GGAAGAGTACTATGAT,1
GGAAGCGCCTTCTTCA,1
GGAAGTAAATGCGAAG,1
GGAAGTATGAAAAGAC,1
GGAAGTGCCAGCCAAA,1
GGAAGTTCCCGGGTAG,1
GGAATACACGGGGCTA,1
GGAATCCTAACAAATC,1
GGAATCGAAATAGCTA,1
GGAATGAAACACCAAT,1
GGAATGAACAGAGTTT,1
GGAATTGCACGCATAA,1
GGAATTTTCTCAAAAC,1
GGACAGACCAAAAGGT,1
GGACATTCCTGGTCCT,1
GGACATTTGAAATTCT,1
GGACCAATGGTCACGT,1
GGACCCCAAAAGAACA,1
GGACCCCATGAACCGG,1
GGACCCTTGTCCGATT,1
GGACCGTGCCGTCACG,1
GGACCTAATAGGTATA,1
GGACGCGTTCAATTTA,1
GGACTAAGCATACTGA,1
GGACTATTCATATTAT,1
GGACTCGCGACTCAAA,1
GGACTCGCTGAGATGA,1
GGACTTATCGATACTG,1
GGACTTTCAAATGATT,1
GGAGAAAGTTAATCCA,1
GGAGAATTAGAACATC,1
GGAGACAAGTGAAACG,1
GGAGACTAATGGATTG,1
GGAGATAGAACTTAGT,1
GGAGCATTGATACGTC,1
GGAGCCAGTCATAATT,1
GGAGCCTATGACTACA,1
GGAGGCCTAAGGATTA,1
GGAGTGAACGAAGACG,1
GGAGTGACACAAATTA,1
GGATAACTCAATAACC,1
GGATACAATAACCATC,1
GGATACACGATTAATA,1
GGATACGCAATGACGG,1
GGATAGGAATAACTTC,1
GGATATGATTCATAAA,1
GGATATTTGTAGTGTA,1
GGATCACAATCTGAGC,1
GGATCATTGATTATAA,1
GGATCTAAAAGAAACA,1
GGATCTAGCCAAGTGA,1
GGATGACAATGCCCTC,1
GGATGCACTTTAACAT,1
GGATGCTACTAGCAAG,1
GGATGGAATTCTTGCG,1
GGATGTGCCCTCAATA,1
GGATTGTACCACGAGG,1
GGATTTCGATCTAAGA,1
GGCAAATTTTACTCAT,1
GGCAAGGACAAGTGCC,1
GGCAAGGGTACTGTAA,1
GGCAATCTGAAATTAA,1
GGCACAACGGGGAAGC,1
GGCACACTGTTGTTAT,1
GGCACAGGACATCTGT,1
GGCACCATTAGCATGG,1
GGCACTTATTTGAGCC,1
GGCAGAATAACTCCTT,1
GGCAGAGTCCAAGTAC,1
GGCAGTCCTGACGCTG,1
GGCAGTTGTTCTTCGC,1
GGCATGGCCTGACAAA,1
GGCCCAGGTATCAAGA,1
GGCCCCAACTTTTGCT,1
GGCCCTACAAAACTTT,1
GGCCGAACTACATAGG,1
GGCCGAATATACAATG,1
GGCCGTAAAGCGGAAA,1
GGCCTAAACACTACCT,1
GGCCTGTTTAAAAAAA,1
GGCGACGGAAGTAACC,1
GGCGACTTCCCTCTAT,1
GGCGCGGTATGAAATA,1
GGCGCTAATAGGGATA,1
GGCGTATAGTAACGTA,1
GGCTACTTGACAAAAC,1
GGCTGTGTACCGATCA,1
GGCTGTTGTCACTGCT,1
GGCTTAATTCTGGGGT,1
GGCTTGTTTCTCTCAA,1
GGCTTTATACAGATGA,1
GGGAAAGTGACAGCAT,1
GGGAACATACTGATTA,1
GGGAACCAGGCCCAAG,1
GGGAACTGGCTGAAGG,1
GGGAACTTAAATACTA,1
GGGAAGGCCTATTGAA,1
GGGACAATGTGAGGCA,1
GGGACACCATAGTATA,1
GGGAGATCCACATACA,1
GGGAGTAGCATCAGAA,1
GGGCAACACTCCTTCA,1
GGGCCACCCTCATATT,1
GGGCCGTTCCGATTAG,1
GGGCGTTTTTCATATT,1
GGGCTTGTAATAAGAA,1
GGGGAGAAAGACATGT,1
GGGGGATGAGACTGTA,1
GGGGTCGAAATATATT,1
GGGTCATCATTTAGGC,1
GGGTCCACAGATGAAT,1
GGGTCCTGTGAAATTC,1
GGGTGAATAAAGCAAA,1
GGGTGGATGGGTAAAA,1
GGGTTCAGAATACAAC,1
GGGTTTCATTCATCAA,1
GGGTTTGTTACTAATG,1
GGGTTTTCCATACACA,1
GGTAAAGAAGATAGTC,1
GGTAACAAATCGAATT,1
GGTAACCTTCAGCATC,1
GGTAATAACATTAATA,1
GGTAATAAGAACCTCT,1
GGTAATGGTGTCAGAC,1
GGTAATTTAAGACAAA,1
GGTACAAAACTCCCCC,1
GGTACAATATGACCGT,1
GGTACCACACATTATC,1
GGTACCCAATATCTGG,1
GGTACCCAGAGCGATA,1
GGTACGTTCGGTCTTA,1
GGTAGAACGCAAGTAC,1
GGTAGCTGCCCGATTT,1
GGTATACCGAACACAG,1
GGTATGCTAATGCAAA,1
GGTATTACTAAGGTAT,1
GGTATTCCGATTAAAC,1
GGTATTGCTCAATCAA,1
GGTCAAAATGAGGATG,1
GGTCAATGACATGCCG,1
GGTCACTCTCATACCT,1
GGTCAGCCGGCCGGCT,1
GGTCAGTTAGTAATTA,1
GGTCATCTTACATTAG,1
GGTCCTTGCTTCCCGC,1
GGTCTATCAAAGGCAC,1
GGTCTGACGCATAGAC,1
GGTCTTACATTCGAGT,1
GGTGAACTTGTGGTAC,1
GGTGACGTGTCTTGAA,1
GGTGACTAGACTGTTT,1
GGTGATGCATAATAAG,1
GGTGGACCATCCATTC,1
GGTGTGACTTAGTTTC,1
GGTTAACAATGAAATC,1
GGTTATTAAAAGCTTC,1
GGTTCGAGGGGAAAGT,1
GGTTCGGCAAGAGAGC,1
GGTTGAGCCGATAAGG,1
GGTTGGAATGCTTGAA,1
GGTTTGGAGTACACAA,1
GTAAAAGAAACCAATA,1
GTAAAAGAACAGTTAT,1
GTAAACAGTCCGAAGT,1
GTAAACATAACCCCCT,1
GTAAACTTAAAAAAGA,1
GTAAACTTAGGAACGT,1
GTAAAGAGAAATGTTG,1
GTAAAGGACGTCACAA,1
GTAAAGTTTTTTACTG,1
GTAAATCCCACGAATT,1
GTAAATTCAGACAATA,1
GTAACAAGACCATCAG,1
GTAACACGATATACCG,1
GTAACATCGTTCACAT,1
GTAACCATAAGCACCC,1
GTAACCGTTCTTATAC,1
GTAACGGATATTGCTT,1
GTAAGAGTGGAGAGTT,1
GTAAGATCTCACGGGA,1
GTAAGCCAAAAGTCAC,1
GTAAGGGAATCTCTCT,1
GTAAGTGAAGTAATAA,1
GTAATATTACCATCTA,1
GTAATCTCTTATTACA,1
GTAATTCACGAACACT,1
GTAATTCGCATAGTAT,1
GTACAACCTTAACACA,1
GTACACACTTCCTCTT,1
GTACACAGACGATAAA,1
GTACACCAAGATAAAC,1
GTACAGTATACACCTA,1
GTACATTCTAGAACAT,1
GTACCACTACACAGTG,1
GTACCACTATCTATTA,1
GTACCATCCCACTCGA,1
GTACCATCCGCAGGCA,1
GTACCCAAACAGTGTT,1
GTACCCCTCCTGTGCT,1
GTACCTAAGTGCATAT,1
GTACCTTGCTAAATGA,1
GTACGAACGAGCATAT,1
GTACGCGAAATACTAC,1
GTACGCGACAAACCTT,1
GTACTCTACCCATTTA,1
GTACTGAAATTATCTG,1
GTACTTAACCTCACGG,1
GTAGAAACAGAGTTTA,1
GTAGAAACTATTAAAG,1
GTAGAAGTGTCGACCA,1
GTAGACGATAGCTCTA,1
GTAGACTCTCTCGTGC,1
GTAGAGTTAAGGCGAC,1
GTAGATATTCTTTAAT,1
GTAGCACACAAAACAT,1
GTAGCACCGTGCAGAC,1
GTAGCACTCCTAAAGT,1
GTAGCCAACATATAGA,1
GTAGCTGAGCGAAATT,1
GTAGGCTTGACCCATA,1
GTAGGTTAACACAGCA,1
GTAGTAACTACTCATT,1
GTAGTACCATAAGAAC,1
GTAGTAGTGTGCTGAC,1
GTATAAATCCCTCACC,1
GTATACCAATTTCCAC,1
GTATACTGAAAATCGA,1
GTATATGTGTCTTAAT,1
GTATATGTTTACAACA,1
GTATCATCGAAGAAAC,1
GTATCCGACCAATCAA,1
GTATCCTACCTAGATA,1
GTATCTACAATGCCAT,1
GTATGCAGAATAAAAA,1
GTATGTAGACCAGTCG,1
GTATTAGACTACCCCG,1
GTATTATGAAGGAATT,1
GTATTATTCTAAGACA,1
GTATTGACCTTTTGTT,1
GTATTGCCGAATGCAA,1
GTATTGGTGCGCGATC,1
GTCAAAACCACGGAAC,1
GTCAAAATAAACATTA,1
GTCAAATACCGGCGAC,1
GTCAACCATTGCGGTC,1
GTCAATCGGTACGACC,1
GTCACAGTTGAACAGC,1
GTCACAGTTGTTTGAA,1
GTCACATACTGCAAAC,1
GTCACCAAAAAGGCCA,1
GTCACCCAGTACGCTA,1
GTCACGATGCAATAAA,1
GTCACGGATAGCGAAC,1
GTCAGAATCATACAGC,1
GTCAGCAGAAGCCTAT,1
GTCAGGAAGCACTATA,1
GTCAGGACAGCGACGC,1
GTCATAAAAGGGAACT,1
GTCATACAAGACCAAC,1
GTCATAGACCATAATC,1
GTCATGAACAAAACCC,1
GTCATTATGTAGACTG,1
GTCCAACGATACTTCG,1
GTCCATTACTGTAGAT,1
GTCCCTATAATGTTGG,1
GTCCGCCATAAAGAAT,1
GTCCGCGGCATTACCT,1
GTCCGCTAAACTACGT,1
GTCCGTACAGTCGAAT,1
GTCCGTACTACTACAA,1
GTCCTAAAGAATAGAG,1
GTCCTAAGAAATAAAT,1
GTCCTTCATTGGGCAA,1
GTCGATCATGAGAAAT,1
GTCGCATATAATGGTA,1
GTCGCCTCAGTAAGAG,1
GTCGCTCTACTTAGGA,1
GTCGGACGATTGGTAT,1
GTCGTAATGCAATCCA,1
GTCGTTAGCCAATGTT,1
GTCTAAAAACAAATTA,1
GTCTAAAACACTAACT,1
GTCTAAATGAACGGGC,1
GTCTAACACCGGAAGG,1
GTCTATTGGAGCATCA,1
GTCTCAGATCGAATGG,1
GTCTCATCTCTCTATT,1
GTCTCCCCTCTAAACC,1
GTCTGCTATATCCGAG,1
GTCTGGTAACCAAACC,1
GTCTTGTTAATGAAGC,1
GTGAAACCCATCGTTG,1
GTGAAACCTGATATGC,1
GTGAAAGAATCCAATA,1
GTGAACAATCCAAAAA,1
GTGAAGTAATCAACGG,1
GTGACACCGATAAATG,1
GTGACAGAGAACGAAT,1
GTGACCATAGTAAACA,1
GTGACCTCGATTCTAA,1
GTGACTACCCGGCCAT,1
GTGAGACGTCGGTAGA,1
GTGAGATTTGCTAAGC,1
GTGAGCTCCCATACTT,1
GTGAGGTTCGTTCCTT,1
GTGATAGATAAGTCAA,1
GTGATAGTCAGATTAG,1
GTGATCAGCCTTGCAA,1
GTGATTAGTAATAACA,1
GTGCACACCTAAGGTT,1
GTGCACTATGTAGATT,1
GTGCATGAACATTACC,1
GTGCCAAAAGACTTAG,1
GTGCCTGGCGCAACAC,1
GTGCGATCAGTGAGCG,1
GTGCGCGTAATCTAAA,1
GTGCGGGCGGTGATAG,1
GTGGAACGTATAAAAA,1
GTGGAATACCTCCTCC,1
GTGGACAAAGAACCAG,1
GTGGACTACACAATAG,1
GTGGCCAAGGGCACAA,1
GTGGCGTCAAACCGTG,1
GTGGGAATTTAATGGT,1
GTGGGGCCCACGCTAC,1
GTGGGGCTCGTTCCTG,1
GTGGGTGATCGCTAGA,1
GTGTAAACTAATGTCC,1
GTGTACGCAAGCTGAA,1
GTGTACTGAGCGTACC,1
GTGTCAGATCTGAAAC,1
GTGTCCGTTAAGGAGA,1
GTGTCTACAAATAACT,1
GTGTGTATAAACACAC,1
GTGTTATTTAATGTGA,1
GTGTTTAATAATCAAT,1
GTGTTTTTCAAATATT,1
GTTAAAACAGAACGCA,1
GTTAAAATTACACCCT,1
GTTAAACCATTACACC,1
GTTAAATGGCACACAG,1
GTTAAATTAAATTCAA,1
GTTAAGTTAAATCGAA,1
GTTAATACAACATACA,1
GTTAATCAGCTCTGAG,1
GTTAATCAGTGGCTAC,1
GTTAATCCACACTTAA,1
GTTAATGCTCAATGTA,1
GTTACAAGAAATGTCA,1
GTTACACGGGGGCAAA,1
GTTACGTTCAAGGCCT,1
GTTACTTCCCTTCCCA,1
GTTAGCAAAACTGTTC,1
GTTAGTTATTTTTCTC,1
GTTAGTTCGATAGAGC,1
GTTATAAAGAATGTAT,1
GTTATAACGCCCTAAA,1
GTTATAAGAAATAGAG,1
GTTATATCAATTCGCG,1
GTTATATCCCGAACTC,1
GTTATCAGGGACGCGA,1
GTTATCTGCAATAGTT,1
GTTATTTAAGCGTCAT,1
GTTCAATATAGATGGG,1
GTTCATAATCTAATTG,1
GTTCATAGTAAGGCAT,1
GTTCCAGCACGATCGT,1
GTTCGACATCATATAC,1
GTTCGATTAAAAGATG,1
GTTCGCTGCTGGATGA,1
GTTCTACAAATGAGCC,1
GTTCTCCAAGATAAGT,1
GTTCTCGGAAGTAGGA,1
GTTCTGAGTAAGACAC,1
GTTCTTGAACGTATAC,1
GTTGATCTCACGATCA,1
GTTGCATCTACATGCC,1
GTTGCCCTACAACACA,1
GTTGCTCCGTAATAAT,1
GTTGGAAATTAACCTC,1
GTTGGACCTTTTCCCA,1
GTTGTGTTATGTCACG,1
GTTGTTGAGATACTGC,1
GTTTAACTTCCTATAA,1
GTTTACTACACACCCA,1
GTTTAGAACTGACTAC,1
GTTTAGCCAAGAATCC,1
GTTTATGTCCAAGCAC,1
GTTTCAATAGGCTACC,1
GTTTCCTCAATAAACG,1
GTTTCGACGAATCATT,1
GTTTGCCCGGACATAC,1
GTTTGCTTCCCTCAAC,1
GTTTGTATCATAGTCT,1
GTTTGTCGAACAACAC,1
GTTTTACGTTGCTTAC,1
TAAAAAAAAGCCGGAA,1
TAAAAAAATATAATAT,1
TAAAAAAATCTAACAC,1
TAAAAAAATTTGACAC,1
TAAAAAACCTACGGAA,1
TAAAAACGCGTGTTAG,1
TAAAAAGCCACGTTTT,1
TAAAAAGGAGTTAGAT,1
TAAAAAGTGATGCAAA,1
TAAAAATAACATTATA,1
TAAAAATGATGTGCCT,1
TAAAAATTACAAGTGA,1
TAAAAATTGCGAGCTC,1
TAAAAATTGGTTCGAT,1
TAAAACGAATTTAAAA,1
TAAAACTTTAAATTGG,1
TAAAAGATACACTTAA,1
TAAAAGGTGCACATGA,1
TAAAATAACATTTCAT,1
TAAAATAAGGTTAATT,1
TAAAATATTAAAAAAC,1
TAAAATGACAAAAAGG,1
TAAAATTCCCATCATA,1
TAAAATTGCTGACGAA,1
TAAAATTTGACGAAGG,1
TAAACAAAATGAAAGT,1
TAAACAAGAAGCAGCG,1
TAAACAAGAATTAACA,1
TAAACAGAAGATAAAC,1
TAAACCAATCCATAAC,1
TAAACCGTGTGGTATC,1
TAAACGAAGCACTCGA,1
TAAACTCCGAATGGGA,1
TAAAGAAGGACAAACA,1
TAAAGATCAGAAGAAT,1
TAAAGGGAGCACAGAG,1
TAAAGGGATAATAAAG,1
TAAAGGTACCTTGTTA,1
TAAAGGTTACTAACCC,1
TAAAGTCTCTCGGATA,1
TAAAGTGGTAAGAAGA,1
TAAAGTTACCGAACCT,1
TAAATAAAGAAGAACC,1
TAAATAACAAGTTAAG,1
TAAATAACGCTCAAAG,1
TAAATACAACCAAACA,1
TAAATACACAACACAA,1
TAAATACCCAATAAAG,1
TAAATACCTTATACCA,1
TAAATAGAAGGCATTA,1
TAAATAGAGTTACTTG,1
TAAATATATAGCTAAT,1
TAAATCACCACAACCA,1
TAAATGCTATGAGAAC,1
TAAATGGTATAATGTA,1
TAAATTAGGTTATATG,1
TAAATTATGAACTCCC,1
TAAATTGCCCGGCACG,1
TAAATTGTTAGTAAGT,1
TAACAAGCATTGGACG,1
TAACAATTAATTAATA,1
TAACACATATAATAAA,1
TAACACTAACAATATA,1
TAACAGAGACCGCTAA,1
TAACAGCATGAAGCTC,1
TAACATTCTGGCTCCA,1
TAACCATATGTTGAGC,1
TAACCATTACTGCTGG,1
TAACCCCACTATCACT,1
TAACCCGGATTGACTC,1
TAACCCTTTAGTCGTG,1
TAACCTTCAATTCTCT,1
TAACGAGCCTTATTCA,1
TAACGCCTGCGAACAA,1
TAACGGACTAGCAATA,1
TAACGTATTCTTATAT,1
TAACGTCATGACACGA,1
TAACGTGCAAAGCCAT,1
TAACTAAAACATGAGT,1
TAACTACGCCGAAATT,1
TAACTACGTCTGAACC,1
TAACTACTTACAGACG,1
TAACTATTTACCGAGT,1
TAACTCAAGTCGTAAT,1
TAACTCGCAACATTAA,1
TAACTCTGAGTCAGCA,1
TAACTGAACCAATGAT,1
TAACTGTTAAAAACGA,1
TAACTTAACAAGGGTC,1
TAAGACAATCTCAAAT,1
TAAGAGAGGTCAATGA,1
TAAGAGTATATATTAT,1
TAAGATATCCCGAAAG,1
TAAGATGAGGTATCAC,1
TAAGATGCGAACTGAA,1
TAAGATGTTACGCAAT,1
TAAGCAGTGTCATATT,1
TAAGCGAGCGCTCCAA,1
TAAGCGAGGCTTCATA,1
TAAGCGCAAAAAGCGC,1
TAAGCTAATCTAGGTT,1
TAAGCTCTTTTCTAAA,1
TAAGCTTGGACGTAGG,1
TAAGGACTAAGCCACC,1
TAAGGATAGTCGAACA,1
TAAGGATCATCCACAC,1
TAAGGCGAGAGGATAC,1
TAAGGCGGCACGGTTT,1
TAAGGCTTGACACGCG,1
TAAGGGCCGATTGAAC,1
TAAGGTTAGAGGTTAT,1
TAAGTAGTGCTCACCT,1
TAAGTATTACCTCAAT,1
TAAGTATTTTTTGAAC,1
TAAGTCGCAGGCACCA,1
TAAGTCTGGAGTTGCG,1
TAAGTGAATAGCTCCA,1
TAAGTGTACGCCACAA,1
TAAGTTCAAGATGAAG,1
TAAGTTGCTATGGAAA,1
TAAGTTGTGAGGGTTC,1
TAATAACCTCCTAACT,1
TAATAAGTTACTATTT,1
TAATAATCATCAATAA,1
TAATACAATGGGGCTT,1
TAATACATGGCAAAGC,1
TAATACTTCACACAAT,1
TAATAGATATTGATTC,1
TAATAGCTTTTTGTAG,1
TAATAGGTAGCCCATC,1
TAATATCAGGTCAAGT,1
TAATATCATTAGTCTT,1
TAATATCGATTAACAT,1
TAATATTTCACGTCGG,1
TAATCAATAAAATGCG,1
TAATCAGACGTAGATA,1
TAATCAGCCATACAAT,1
TAATCATAATACTAAT,1
TAATCCACTAATACAC,1
TAATCGAAACGAACCT,1
TAATCGGTGTTTCTAC,1
TAATCGTTAACCGTAA,1
TAATCGTTTTCACCCA,1
TAATCTACAAGCCTGA,1
TAATCTCAAAGCCAAA,1
TAATGACCTGAGCACC,1
TAATGACGCTAAGAAT,1
TAATGCTTAACTATAA,1
TAATGCTTCTATATAA,1
TAATGGGATCTGGGGT,1
TAATGGGCCAACCCAT,1
TAATGGGCTCAGCTAA,1
TAATGTCTAGCACTAG,1
TAATTAAAATACAAAG,1
TAATTAAGCCAAATCA,1
TAATTAAGTCACATCG,1
TAATTACCCGAATCCA,1
TAATTACGGCCCAATG,1
TAATTATACAACAGGC,1
TAATTATGGCGTTATA,1
TAATTCATCGGAATTT,1
TAATTCCGAAGTCAAA,1
TAATTCCTAACTTGAT,1
TAATTCGAATACAAAA,1
TAATTCTATCCTAGAC,1
TAATTCTTGCTCACCC,1
TAATTGTATAATAGTA,1
TAATTTTTGTTCACTT,1
TACAAAAAAGACATAC,1
TACAACCCTCATATAC,1
TACAACCTGACGAAGA,1
TACAAGAAATGCTTTG,1
TACAAGATAACAAGTA,1
TACAATAATCATGACC,1
TACAATCTTACATGTT,1
TACACACTGGCATAAT,1
TACACAGAAAAAACTA,1
TACACATTCTGCTCTG,1
TACACCTAAATTGAAA,1
TACACGCCCTATGCCC,1
TACACTCATAATGATT,1
TACAGAAATACATATG,1
TACAGAAATAGACAAG,1
TACAGACCAGTGTACA,1
TACAGACTAGGGAGAA,1
TACAGAGTCATAATGC,1
TACAGATACAGCTCTC,1
TACAGATCTACAAACG,1
TACAGTAAATTAATTT,1
TACATAGAAGGGTTTA,1
TACATAGGAAACAACA,1
TACATGAGGTGATACC,1
TACATGATAGATGTCT,1
TACATGGCTATCTCTA,1
TACATTTATCCATGCG,1
TACCAAAATGGTACAA,1
TACCAAAGAACTGCGG,1
TACCAATGAAAAATAC,1
TACCCCGTCTAAACAA,1
TACCCGTGATGTAACA,1
TACCCTCCGGAATCCA,1
TACCGAACGGTTAAAA,1
TACCGAAGTATAGTAC,1
TACCGAGCCTAGCCCT,1
TACCGAGCTGCCCGAC,1
TACCGAGGTAAAACTT,1
TACCGATAGGCTAGAA,1
TACCGCAATGCAGTAG,1
TACCGCATAACCAAAT,1
TACCGGTTTAGAAGAT,1
TACCGTCGTAGTAGTT,1
TACCGTTGGACCACCA,1
TACCGTTTGTACTTAT,1
TACCTAATACTGCTAG,1
TACCTAATCCAACAAT,1
TACCTGTAATTCACCT,1
TACGAAGAAACTATAT,1
TACGAATAAATTCACT,1
TACGAGAGAATGTCAA,1
TACGATACAAAACCAA,1
TACGATATCACCGACG,1
TACGATGTATAACAAC,1
TACGCAGAAATATCTA,1
TACGCCACAAAACATG,1
TACGCCACACCAATAG,1
TACGCCTCAATACCTT,1
TACGCTAATCTTATAT,1
TACGGCTATCCTCTTT,1
TACGTAGCAAGAACCC,1
TACGTCTTCTGTCGGA,1
TACGTGGACAAACAAC,1
TACTAAATATACCACC,1
TACTAAGAATTTTTAC,1
TACTAGATACACTAAG,1
TACTAGCATATTTAGA,1
TACTATCATGTACTGC,1
TACTCAAAGACATAAA,1
TACTCAGAATAGTCCA,1
TACTCATGATCAATCT,1
TACTCCAGATTGTTCG,1
TACTCCTACTTGACGC,1
TACTCGATGCTATGCC,1
TACTCTAAAAGGTATA,1
TACTCTACATCAATGT,1
TACTCTTAAGTGAAAG,1
TACTGATTTGCTTGAG,1
TACTGCAAATTATGGG,1
TACTGGACATCCACAA,1
TACTGTTATAAAAATC,1
TACTTAAAACAAATAC,1
TACTTACGGTGGACAC,1
TACTTATAAGAGAGCA,1
TACTTTTAGGGCATCA,1
TAGAACATTTGCACCT,1
TAGAAGTCCTGATATT,1
TAGACAATTGAGATGA,1
TAGACATAGCATCTTG,1
TAGACCAAGAATCACA,1
TAGACCACATAACAAT,1
TAGACCGTACCCACCA,1
TAGACTAGCCTCCGCT,1
TAGAGAAAAGCTGCCT,1
TAGAGAAATTACACCA,1
TAGAGAATTCACTATC,1
TAGAGCGCGATATGAG,1
TAGAGCTAATGTGAGG,1
TAGAGGGTACTTAAAA,1
TAGAGTCACCCAGATA,1
TAGATACCAAATTCCC,1
TAGATACTCGCTAGGA,1
TAGATAGCGGTGTAGA,1
TAGATCTACTTAAAAA,1
TAGATGGCAAACAATT,1
TAGATTAGTTGTTAAA,1
TAGCAACGAGCCCCTA,1
TAGCAAGACTATTAAT,1
TAGCAATAGTCCTCAA,1
TAGCAATCAAGATTAA,1
TAGCACAATTCGAACA,1
TAGCAGGTAGATAAGG,1
TAGCATTCAATCCCAT,1
TAGCCCAAAGACATCG,1
TAGCCCTATGTTAATA,1
TAGCCTGGTATCGTCT,1
TAGCGAAGCTATAGAC,1
TAGCGAGCTCGAACTA,1
TAGCGCGATAGCTTAG,1
TAGCGGTAAGCACCCA,1
TAGCGTATCCCTCCTA,1
TAGCTACACCTGACTC,1
TAGCTGAACCATTGAG,1
TAGCTTAACAAAGATC,1
TAGGAAGATACGGTTC,1
TAGGAATGGGATGTTG,1
TAGGACCTAATTGACA,1
TAGGACTTACATTCAA,1
TAGGATAACGTATAGG,1
TAGGATCATGATACGT,1
TAGGCAAAACGATCCT,1
TAGGCAAGAGAACCAC,1
TAGGCCTCTAGCAATC,1
TAGGCTAGACTACCAG,1
TAGGCTTCAATATGAC,1
TAGGGCAGAAAGGTAA,1
TAGGGGAGATAGATAC,1
TAGGTACACAGCTTTT,1
TAGGTCAAAACATATT,1
TAGGTCCATACCAAAT,1
TAGGTTAGACCCAGCA,1
TAGGTTTAATGGCAAT,1
TAGTACCAAATCAGTT,1
TAGTAGCGTACAAGAG,1
TAGTAGGATATGAGCA,1
TAGTATAACCGTTTAA,1
TAGTATATCAGTCCGC,1
TAGTATATTACATCTA,1
TAGTATGCTATAGAAC,1
TAGTATTAGAGTGTCT,1
TAGTCAAGGCTCGCCT,1
TAGTCAGGTAGCTAAT,1
TAGTCGTAGGTAGAAG,1
TAGTCTATAAAGAGGA,1
TAGTGCCCACTTCCGT,1
TAGTGGACACGTGTCA,1
TAGTGTTGGTTCCTCA,1
TAGTTAATGGATTGTG,1
TAGTTACCCGAAGTTA,1
TAGTTATAAAAAGGTG,1
TAGTTGTTTGAGCAAA,1
TAGTTTAAATTCACCC,1
TAGTTTTTTAATAGAC,1
TATAACAGTAGATAGA,1
TATAACCAACCTTAAC,1
TATAACGGTTCCAAGT,1
TATAAGCTGTCTTCAA,1
TATAAGGAAACGTCAT,1
TATAAGGCAAGATAAC,1
TATAATAATCGTTAGT,1
TATAATACCGCAATAC,1
TATAATGTCGTTATAC,1
TATACATGAAAGGTAT,1
TATACCATATGGATTT,1
TATACCTCTTCTCAAA,1
TATACTAGAGATATGC,1
TATAGACTCAATCCAC,1
TATAGCAAAGCTACAT,1
TATAGCTAATGGACAC,1
TATAGTATGGAACCCC,1
TATAGTGATATAAGTG,1
TATATAAAACGACAAT,1
TATATAATCTTCTTTT,1
TATATACGGACCCCAA,1
TATATAGAAAACATGA,1
TATATAGGAAACGTTC,1
TATATATACCCCTCAA,1
TATATGACCATGAACC,1
TATATGAGAGATTCGA,1
TATATGTAAAGCCAAA,1
TATATGTTGATCTCAC,1
TATATTCACAATTAGC,1
TATATTTAGCGTGTAA,1
TATCAATTAAATTTCG,1
TATCACAGACAAGCTT,1
TATCACTTGAATACTC,1
TATCAGACAGCCTCCT,1
TATCAGCCCACACTAA,1
TATCATAAACAACTCA,1
TATCATCAAGTACCCC,1
TATCCACAAAATTAGA,1
TATCCACCGTGAAGAG,1
TATCCAGTATAAAATC,1
TATCCCTAATTAAAGA,1
TATCCGATGTGAATTA,1
TATCCTTTATTCAGAC,1
TATCGACCCCATCACA,1
TATCGAGTATAGAAGT,1
TATCGCTGAGGACGGC,1
TATCGGTAGTCTTGGA,1
TATCTCCATTAAAGAG,1
TATCTCTAATTGCTAA,1
TATCTGGGTGGCCTAA,1
TATCTGTAATTCGATG,1
TATCTTCTAAACTATC,1
TATGAAACCGAGAGAG,1
TATGAACACCAAGATA,1
TATGAAGTAGATGCTG,1
TATGATAGTGAAAATA,1
TATGCCCCAGATACAA,1
TATGCGCATTCTAAAA,1
TATGCGGTGCCTAATC,1
TATGCTGAAATGGAAC,1
TATGCTTAAAGCTCAC,1
TATGCTTATCCTACCA,1
TATGGACACAAAAGTA,1
TATGGACTAGGACAAC,1
TATGTGATTGAATTTC,1
TATGTTAACCGTACCG,1
TATTAAAACATTTTGC,1
TATTAAACAATGCTAA,1
TATTAATATTGAAGAA,1
TATTAATCATGTGTCG,1
TATTACATCCACAACA,1
TATTAGAGATGATGAA,1
TATTAGCTGCCTGAAA,1
TATTCATTAATTCAAC,1
TATTCGAAAAATTTTA,1
TATTCGTTGTTAGCCA,1
TATTCTCTAACCGTAC,1
TATTGAAAGCTGAAAA,1
TATTGGGCTTGGAGTA,1
TATTGGGGAGCCAGAA,1
TATTGTTAATAGGGGC,1
TATTTAATGACATACT,1
TATTTACATCACATAC,1
TATTTACGCAAGCTCC,1
TATTTATGACTAAAAA,1
TATTTCTGAGTCCACA,1
TATTTCTTCTGGTTCA,1
TATTTTATCACAGAAG,1
TATTTTATGCAACAAT,1
TCAAAAAAGGAAAAGA,1
TCAAAAACCGTGAATT,1
TCAAAAACCTTAGACC,1
TCAAAAACGATCATAA,1
TCAAAACAATTCTTAT,1
TCAAAAGCAGAAATTA,1
TCAAACCTGCTCACAT,1
TCAAAGCTTGTGACAG,1
TCAAAGGTTTACTGTG,1
TCAAATAACGTAGAAA,1
TCAAATCGTTCGAAAT,1
TCAAATCTATAGAGCC,1
TCAAATTGGTAATGCA,1
TCAACAGATAAGACAA,1
TCAACCGAGGACTTTG,1
TCAACGTGAAACTTAT,1
TCAACTAATAATCTAT,1
TCAAGCGAGTTCTCAA,1
TCAAGGCACCTTTCTG,1
TCAAGTTGATAACTCA,1
TCAAGTTGTAGTACTG,1
TCAATACCAATCCAGA,1
TCAATAGAATCGTGGA,1
TCAATAGGGAGAGTTA,1
TCAATCCCATTGTACG,1
TCAATCTAAGCTTAAA,1
TCAATCTTCAATACTA,1
TCAATGAGACTATGGC,1
TCAATGAGATGAAAGT,1
TCAATTCAACCCCAAC,1
TCAATTTTCCAGCGCC,1
TCACAAATCACATTAG,1
TCACAAATCATCAACC,1
TCACAACTGACTGTAA,1
TCACAAGTTGTGCTTT,1
TCACACTAGTTCCTAG,1
TCACAGACAAGGCTCT,1
TCACATCCAGGTTATC,1
TCACATTCATTAACAG,1
TCACCAAGTCTACTTT,1
TCACCACCCCGTCGAA,1
TCACCCGTGGCGAAGC,1
TCACCTGGTGGAGGGG,1
TCACGAACGGGACGAC,1
TCACGACGTTTTCCTG,1
TCACGAGGCACGATCA,1
TCACGATCTGACTTGA,1
TCACTAAAGTTAACAA,1
TCACTACCCCATGAGT,1
TCACTCAGGAACCGGG,1
TCACTCGAGCTTGAGC,1
TCACTGATTCCAAACT,1
TCACTGCCCGCTACGC,1
TCACTGTATGTAGTAC,1
TCACTTGTCAGCCGCA,1
TCAGAACTCACTCACA,1
TCAGAATGAGAGATAA,1
TCAGAGGCATAACACA,1
TCAGATATTGATAGCG,1
TCAGATTCAAAAGGTA,1
TCAGCACCACAAACGG,1
TCAGCAGAGGTACGAT,1
TCAGCATTGGAAGACA,1
TCAGCCAAATTCGTAT,1
TCAGCGAAGACACACT,1
TCAGGCGTACGACGAA,1
TCAGGTGTTCGAGGTT,1
TCAGTACCCCCCATAA,1
TCAGTCGTGTTAACAG,1
TCAGTTGCATTGAACA,1
TCATAAAAATCTAAAG,1
TCATAACATACCGCAT,1
TCATACATCTGGTATA,1
TCATACTGACAGTGAC,1
TCATAGCAATCATAAC,1
TCATAGGTAAAACGAT,1
TCATATCGCAGCATTG,1
TCATATCTTACAAAAC,1
TCATATTAGCAGTGAG,1
TCATCACCCGAGCTTG,1
TCATCAGGTTGTTAAC,1
TCATCATAACACAAGA,1
TCATCCAACTCCCAAA,1
TCATCCGTTCTGGTAA,1
TCATCTGGTAACACAT,1
TCATGATCCGATGAGG,1
TCATGATTGACACAGT,1
TCATGATTTCCGTGAA,1
TCATGTTTACATTATA,1
TCATTAGTCCCGAACC,1
TCATTATAAAACCGCC,1
TCATTATAATCCATGT,1
TCATTCATTTTAATTG,1
TCATTTTACAGATGAC,1
TCCAAATCAGTCACAT,1
TCCAACCCTCGTGTTA,1
TCCAACGTACTTAGGC,1
TCCAACGTGTAAAGAT,1
TCCAACTATATCACCC,1
TCCAACTGTTCAATAG,1
TCCAATAAAAAAAGAC,1
TCCAATAAATGAAAAC,1
TCCAATAGCACCAGCA,1
TCCAATGATAAAACTG,1
TCCAATTTACTTATTA,1
TCCAATTTCATGTTGC,1
TCCACAACTGAACTTG,1
TCCACACGTGACTAGA,1
TCCACACTTCCGCGGA,1
TCCACCAAAAACTATA,1
TCCACGATAGGATGTG,1
TCCACTGATAAACTCA,1
TCCACTTAAAATGAAC,1
TCCAGATTTCCAATAG,1
TCCAGTACTGGGATGA,1
TCCATACTAGATTTAC,1
TCCATATCGGAAACAC,1
TCCATGACAGAATACA,1
TCCATGGAACACGAGT,1
TCCATGTTACACCAAA,1
TCCATTCCTAAAAAAC,1
TCCCACAAAAAGTATG,1
TCCCACGCATAAGACA,1
TCCCACTCATAATCTC,1
TCCCAGAAATCTAAAA,1
TCCCATCCTTATGTTG,1
TCCCCAGTCTATATTC,1
TCCCCGACCTCGATCT,1
TCCCCGGCAGCTACAG,1
TCCCCTCACTCAAAAA,1
TCCCGAACTGCCGTTT,1
TCCCTCAGAACAAGGG,1
TCCCTTGTTAAATGTG,1
TCCGAATAACAATCAA,1
TCCGACAAACATCGCT,1
TCCGACACCAAATCCA,1
TCCGACTATATTCAAT,1
TCCGAGACGAGAGCAT,1
TCCGAGTACCTAAACA,1
TCCGCAAATAAGTCGA,1
TCCGCATAATACTTCA,1
TCCGCGCTAACAAGAA,1
TCCGCTACGTCTCAGA,1
TCCGTAAAATGATAAT,1
TCCGTATGTACTAGGT,1
TCCGTCTATCCTAATT,1
TCCGTTATCGAGAGTA,1
TCCTAAAATAGGAGTA,1
TCCTAACTCTAATCCT,1
TCCTAAGTCACCTCAA,1
TCCTACACGAGGCCGA,1
TCCTACTCGACCAATT,1
TCCTATGCTAAATACT,1
TCCTCTACCTCCACCT,1
TCCTCTGTTTAAACAA,1
TCCTGAAAAGACATAC,1
TCCTGCGTCATGGGGA,1
TCCTGGCCAAAAACGT,1
TCCTGGCCAGAATTGT,1
TCCTGTGGACTCACAT,1
TCCTTAAACCAACACT,1
TCCTTACGTAAAATAT,1
TCCTTGCAAATTAACA,1
TCCTTGTTTTATAGTT,1
TCCTTTATTGCGAAAT,1
TCCTTTTAAACAAACA,1
TCGAAACACACCGGAA,1
TCGAAATCCAACTTCG,1
TCGAATACTCTCTCCC,1
TCGACAAACAGTCTCA,1
TCGACAGAATACCAAC,1
TCGACATCATTTCTAC,1
TCGACCATATGATCCC,1
TCGACCATCCATACTG,1
TCGAGAATTTGCAACG,1
TCGAGCAAACATCATA,1
TCGATCACTCGCATGA,1
TCGCAAACAGGATAAC,1
TCGCACCTTCATTCAA,1
TCGCATACAGGCGAAC,1
TCGCATCCTTACATTA,1
TCGCATGGAAAGCCCC,1
TCGCCCACTCGGACCT,1
TCGCCTGAAGGTCCTC,1
TCGCCTTCCACCCCAA,1
TCGCGCCTAATGAGTT,1
TCGCGCGTGATACGTA,1
TCGCTAACACGAAGAT,1
TCGCTATTACTTTAGA,1
TCGGAACGAGAAGGTC,1
TCGGAATAGTTAGAAA,1
TCGGAATATTCATGCG,1
TCGGACTAATCTTCAA,1
TCGGGGCCTGAATCGG,1
TCGGTAATCAGCGAAG,1
TCGGTCCACCTGTATA,1
TCGGTCTCTGGAAAAA,1
TCGGTTGGTAGTTCAT,1
TCGTACATGAACACCA,1
TCGTACTTCAGAATTG,1
TCGTAGAACACAAAGC,1
TCGTAGGAGTACAACT,1
TCGTCATAACTTATAG,1
TCTAAAGGTATACGGT,1
TCTAAATATCTGTAAC,1
TCTAACCAAAGACGCC,1
TCTAACCTCAACTAAT,1
TCTAACGTGATCAAGT,1
TCTAAGACCATATGGC,1
TCTAAGTATGCTAAAT,1
TCTAATCTATGCGATA,1
TCTAATTTCTAATAAT,1
TCTACAAGTTAAGTTC,1
TCTACATCGTATTATA,1
TCTACGATAACGTGAC,1
TCTACTCAAATCTCTC,1
TCTAGACGAAACACGT,1
TCTAGTTAAGAGGGAG,1
TCTAGTTATCCAAAAT,1
TCTATAGCCCTGAAAA,1
TCTATGTTTTTACTGT,1
TCTATTAGTACACAAG,1
TCTCAAGATACCCATC,1
TCTCAATATAATCAAA,1
TCTCACAAACGAGGAA,1
TCTCACAGTTATATAA,1
TCTCAGGCTCTCATGT,1
TCTCATAACAGCGCCA,1
TCTCATCTCAGGCACA,1
TCTCATGCGAAGTCAG,1
TCTCCACCTCATCCTT,1
TCTCGAAGGCGGTAAC,1
TCTCGCTCAGGAATTC,1
TCTCGGGAGACTCTCA,1
TCTCGTGAGATCTAAA,1
TCTCGTTACTTGAAAA,1
TCTGAAGTAGTTAATA,1
TCTGAGGATAATAGTA,1
TCTGAGTCGTCTGCAC,1
TCTGAGTGCTAATGGA,1
TCTGCAAAAAACAATA,1
TCTGCAGGAATTGAGC,1
TCTGCCTCTTTCTTAC,1
TCTGCGTAAGAATATA,1
TCTGCTTAATTGGTAC,1
TCTGGCTCGATACGTT,1
TCTGGTAGTTCAGAGA,1
TCTGTTAACTAACGAA,1
TCTTAAATGCCCTCCT,1
TCTTAATAGTTCCAAC,1
TCTTACAAATTAGAGT,1
TCTTATAAAAACCGCA,1
TCTTCAAAAATCCATG,1
TCTTCCAAACCTACTT,1
TCTTGCATCCAGTAGT,1
TCTTGCCCCACTACTG,1
TCTTGGTATAAAAATT,1
TCTTTTTCCGATTGAG,1
TGAAAAAACAATATAA,1
TGAAAAAAGACTTTTC,1
TGAAAACCACTCCCAC,1
TGAAAACTTTCAAAAA,1
TGAAAAGTACCCCGCA,1
TGAAAATGAAAGACAC,1
TGAAACATTACTGAGA,1
TGAAACCAAATCTGTC,1
TGAAACCAGATTAATT,1
TGAAACGAATCTTGAC,1
TGAAACGACAGGCCAG,1
TGAAAGAGAAACAAGT,1
TGAAAGATGCACACTA,1
TGAAAGATGTGCTTGT,1
TGAAAGCAGATATCAC,1
TGAAAGCCAGCGAAAT,1
TGAAAGCCATGTGCGG,1
TGAAATCTGAATGTAC,1
TGAACACTCTTAAATC,1
TGAACATAATGGGACA,1
TGAACATATCACCGAC,1
TGAACGAAATTTTCAT,1
TGAACGGAAATCTGTA,1
TGAACTAAAAAAGTTC,1
TGAACTCAACATGAAC,1
TGAACTGAATGCATTG,1
TGAACTTTCTCTTACG,1
TGAAGAAGTGCTCACA,1
TGAAGCTAGGTACACT,1
TGAAGGAGGTCTAGAA,1
TGAAGTAATAATGAAT,1
TGAAGTCAAAAAAAAC,1
TGAATACTACCTGGCT,1
TGAATATTTCCCGGAG,1
TGAATATTTCCGATAG,1
TGAATCAAAGCAAGCA,1
TGAATCACTAATAGTA,1
TGAATCAGTAAGATGA,1
TGAATGAGCACAACTC,1
TGAATGATCCCTACTT,1
TGAATGGACAATGTAG,1
TGAATTAAGACTACAA,1
TGAATTAAGTAGCAGA,1
TGACAAAAGCCATGAA,1
TGACAAAGACAGCCGC,1
TGACAACAACATTTTA,1
TGACAAGACAAGAAAG,1
TGACAATCAATATATT,1
TGACAATTTTCTAGTG,1
TGACACTAGCAGAATT,1
TGACATAATAACTGAA,1
TGACATTAGACTCCGC,1
TGACATTCTAATCTAG,1
TGACCACACAACCGAT,1
TGACCACGTACCAGTC,1
TGACCGACAATCTATT,1
TGACCTGAATAGGGTA,1
TGACGAACGAGATTTG,1
TGACGCCATAGCACTC,1
TGACGGCCTAATTGAG,1
TGACTACATAGGCCAC,1
TGACTCCGTTTATAAG,1
TGACTCGAAGTTGAAG,1
TGACTCTAGCTTAGAG,1
TGACTGAAGGAATTAA,1
TGACTGTCAGTTTTCG,1
TGACTTCCGAGGTAGG,1
TGAGAATCTCCAACAA,1
TGAGAATCTTATATGT,1
TGAGCATCACTGATAC,1
TGAGCATGTGATTATA,1
TGAGCCGAAAACATTA,1
TGAGCGCGGCCGCAGC,1
TGAGCGTATTTTCTTG,1
TGAGCTCAACTATAGT,1
TGAGTAACGGGACATC,1
TGAGTATCTAAGGAGT,1
TGAGTCAAATAACGTA,1
TGAGTCCAAAGACAAT,1
TGAGTGTACGCTTGCC,1
TGAGTTTAATCTATGG,1
TGAGTTTCAAGCGTAG,1
TGATAAAGCACAAAAA,1
TGATACAAAAATCTTA,1
TGATACCGTAGTAAAA,1
TGATACGCTAAACGCT,1
TGATAGCGTTCGGGTG,1
TGATAGTAACTATATT,1
TGATATATAGGCCCGA,1
TGATCAAACAATTACT,1
TGATCAAACACCGCTC,1
TGATCAGGACAATAGC,1
TGATCCACCAAGATCT,1
TGATCCTAGGATCGAT,1
TGATGAACATGTCGCC,1
TGATGAGGTATACCCG,1
TGATGCACTTGGTTAT,1
TGATGCGTGAATGATT,1
TGATGGCACAGGAGAC,1
TGATGTACTGATGGCG,1
TGATTAAGAGTCTAGG,1
TGATTAGCATAGTAAC,1
TGATTCCTACGTCCTA,1
TGATTCTATGGGTATG,1
TGATTGCCAGTACAAA,1
TGATTTCACCTGTACC,1
TGCAAACGATCTAGCG,1
TGCAAATTTTGATAAG,1
TGCAACATATAATACA,1
TGCAACGCGTCCCACT,1
TGCAACTATAGAAGCT,1
TGCAATAGTCATGATT,1
TGCACAAAACTTAGAA,1
TGCACAATCATATACT,1
TGCACCCTATGCAGCA,1
TGCAGAACACTCATTA,1
TGCAGAGTAGACTGTA,1
TGCAGCCGGCAAAACC,1
TGCAGCGAATCGAAAA,1
TGCAGGATAACCACAT,1
TGCAGTGCTCCGCGAT,1
TGCATAACAATAAGAC,1
TGCATACCTATAAGAT,1
TGCATCAATGAGCTAA,1
TGCCAAAAGTCCCATA,1
TGCCAATAAACAAAAT,1
TGCCAATAAACTTATA,1
TGCCACGCGATCCCAA,1
TGCCCCATAAAAGCAT,1
TGCCCGATGTACGTAG,1
TGCCCGCACAACTCTT,1
TGCCCTGTTAGAACCA,1
TGCCCTTAAGTTAGCG,1
TGCCGATTCATGACAC,1
TGCCGTACTGGCGGTC,1
TGCCTATCATTGCCGC,1
TGCCTGGCCCATTTGA,1
TGCCTTAAGAGGGTTC,1
TGCCTTCCCCCCATGG,1
TGCGAAATTGAGGCAA,1
TGCGACAACTTATAAC,1
TGCGACACATATCACG,1
TGCGATAACCCTTTCC,1
TGCGCAAGCCAAAAAA,1
TGCGCAGAGGAAGAAC,1
TGCGCCGGAGAGAACA,1
TGCGCTAAAAGGCTCT,1
TGCGGAAAAACAACAG,1
TGCGGATAAATAGGAC,1
TGCGTATGATTGCCCG,1
TGCGTGGACACATTAA,1
TGCGTTAGTGCGTAAC,1
TGCTAACAAGCTGCAG,1
TGCTAATCTAGTACGA,1
TGCTACAAGCGTCAAG,1
TGCTAGTCACCAGATC,1
TGCTCACCTAGATTAG,1
TGCTCAGCATAGCTCG,1
TGCTCCCCGTAGACTA,1
TGCTCCTCCTTCTTAG,1
TGCTCGATTCAATTAT,1
TGCTCTAAAAGTATCG,1
TGCTTCTCTCATCGGA,1
TGCTTGTCTTGTATAG,1
TGCTTTTAAACGCTTG,1
TGGAACCACGTAGCTT,1
TGGAACGATAATACAC,1
TGGAATACAATCATAG,1
TGGAATACTGATACAT,1
TGGACAAATTACGAGG,1
TGGACCCAGTCTACAA,1
TGGACTTCTTGCAACA,1
TGGAGTGTGAATTTCC,1
TGGATAGCCCCGAAAC,1
TGGATCTAATCGTAAT,1
TGGATTCAATACAGAG,1
TGGCAAAAAAAGAGAA,1
TGGCACCAATGGAGAT,1
TGGCCCAGTGTCAAGA,1
TGGCCCTCGTTAACCT,1
TGGCGAAACCAGCTCG,1
TGGCGATAACACCGAA,1
TGGCGGCAATAAAAGT,1
TGGCGTCGACAGTGTT,1
TGGCTATACCTTCTCC,1
TGGCTCACTTTTGCAA,1
TGGGAAGACATAACGT,1
TGGGATGAATACCGAG,1
TGGGCACGTCTCCGTT,1
TGGGCACTTGAACGGA,1
TGGGCATCAATCGAGT,1
TGGGTCAACCATCTCC,1
TGGGTCAAGCAGGCAA,1
TGGGTTTAAATGCGCG,1
TGGTACATGAACCCAT,1
TGGTAGTTCCGCGTCT,1
TGGTATTAGCGTCTGA,1
TGGTCCATTCAACTAG,1
TGGTGAATTATAACAA,1
TGGTGGGAATCCAAAC,1
TGGTTGATGCCCTACG,1
TGGTTTATTACATTAA,1
TGTAAAAGCAAGTAAT,1
TGTAACCAAGGACGTA,1
TGTAACCTATCTTGAA,1
TGTAACTACACTTGGC,1
TGTAAGCGATATAATA,1
TGTAAGCGTTACGAAC,1
TGTAATCTGATTCCAC,1
TGTACAACGCAAAAAA,1
TGTACCACACAACCGA,1
TGTACCCCGCGGTTCA,1
TGTAGATCTTGTGCCT,1
TGTAGCCACCCGAGTA,1
TGTAGTCTCCTAGCCA,1
TGTAGTTGAACTCGGA,1
TGTATAAAACTAGTGT,1
TGTATAAACATAATCT,1
TGTATCACGAAACTAA,1
TGTATGACTCTTACCT,1
TGTATGATGACGTATC,1
TGTATGCCAGACTTAT,1
TGTATGTTATCAAATC,1
TGTATTCAAGTAGCAA,1
TGTCAAAACATATAAT,1
TGTCAAATTAAAGGCG,1
TGTCACTAACTCAATA,1
TGTCACTCTTCTTGAA,1
TGTCAGCTAATCAAAC,1
TGTCATACAAGTATAT,1
TGTCCACTCTAGAATA,1
TGTCCGAGAAAGTTTA,1
TGTCCGGCCTAAACCA,1
TGTCGATGTTCACCAC,1
TGTCTCGCCCTTCATA,1
TGTGAAGAGCGTGAAA,1
TGTGACCAAGTAGGGG,1
TGTGACTTATTCATGT,1
TGTGAGATTCACAGAG,1
TGTGATCAACACGGAT,1
TGTGCAAGGCGAAAGT,1
TGTGCCAACCCGAAGA,1
TGTGCTCAAGATTAAC,1
TGTGGAGAATATCTTT,1
TGTGGCCGTGCATTTA,1
TGTGTCATCTGATATT,1
TGTGTGAGCCGTACAA,1
TGTTAACCATAGTAAA,1
TGTTATAATGTGATAT,1
TGTTATCGCAATGAGG,1
TGTTATTCAAACAGAT,1
TGTTCAATAAAATGGG,1
TGTTCACCGATTTAAG,1
TGTTCAGCCTAAATGA,1
TGTTCAGTTTACTCGT,1
TGTTCCAATTTAGTGT,1
TGTTCGGAATGCGGGT,1
TGTTGCAAAATTACTT,1
TGTTTACTGCCAAAAC,1
TGTTTAGACAGTAAAA,1
TGTTTATCTATTAATT,1
TGTTTGGATAGTCAAA,1
TGTTTTCATTTCTAAA,1
TTAAAAATCTAGAATG,1
TTAAAACCGAACACTA,1
TTAAAAGTTATAATCC,1
TTAAAATTTAAACATA,1
TTAAACAGGATAAAAT,1
TTAAACGTGCATCATC,1
TTAAAGAACAGTCCAG,1
TTAAATAGCTTAAGAT,1
TTAAATATGGATTTTA,1
TTAAATCAATATATAA,1
TTAAATCACACGCACA,1
TTAAATCGTAGTAATC,1
TTAAATCGTTAACAGA,1
TTAACACAGTTTCAGC,1
TTAACACCTAATAAGC,1
TTAACATTGGATGTTC,1
TTAACCAGTAATGCAA,1
TTAACGAAATAAAGTG,1
TTAACTAATTACGTGA,1
TTAACTATCAACTATG,1
TTAACTATCCACATAA,1
TTAACTTGATTCATCG,1
TTAAGAACCAAGAAAC,1
TTAAGCAACTGGACAA,1
TTAAGGAATACATAAA,1
TTAAGGCCAGCGCTTG,1
TTAAGTAACCTCATAG,1
TTAAGTAATGGTTGAT,1
TTAAGTACAATCTTTA,1
TTAAGTTCTGGGGCCC,1
TTAATAAAAGATATAA,1
TTAATAAGGTGCTGAC,1
TTAATATCCTCTACGA,1
TTAATCGCAAGTAAAA,1
TTAATCGGTATATTGG,1
TTAATCGTACTCTGTA,1
TTAATGAGGATCTAAC,1
TTAATGTACATACGCT,1
TTAATGTACATGCGGT,1
TTAATGTTTATAAAGT,1
TTAATTAGAAACAGCC,1
TTAATTTGAAGAGTAA,1
TTACACACAAAATATC,1
TTACACCCAAATGCGT,1
TTACAGCCTATATTCC,1
TTACAGGAAAAACCGC,1
TTACATCCCTACTATC,1
TTACATCTACCAAGAG,1
TTACATTAATGTCTCA,1
TTACCAATAGATAGCG,1
TTACCAGGCACCATTG,1
TTACCCTCTATCCAAT,1
TTACCGGTAGATATAG,1
TTACGCCGCCCATAGT,1
TTACGGTGTTCGACCA,1
TTACGTTCGAGACACT,1
TTACTACGACGGACAT,1
TTACTAGTTATGAACC,1
TTACTCGCGAAAAGCT,1
TTACTCGCTTTAAAAA,1
TTAGAACGAACTCAAT,1
TTAGACCCACAGTTAA,1
TTAGACCCAGCCTTGC,1
TTAGAGGGAAAGGAAA,1
TTAGATGGAGATGTAC,1
TTAGATTAACTCTGTT,1
TTAGCATATACGCATA,1
TTAGCCCTAGCCCAAA,1
TTAGCCTAGAATGAAA,1
TTAGCCTTTGATCATA,1
TTAGCGTGACACCCGA,1
TTAGCGTGTGCCATTA,1
TTAGCTCCTACAAAGT,1
TTAGGACCCACTATTC,1
TTAGGATCTAGTTCGG,1
TTAGGCAACTTGTAAA,1
TTAGTCAAATATATAC,1
TTATAATCCCTCCTAA,1
TTATAATGAAAAGTTT,1
TTATAATGAGTACACA,1
TTATAATGTAATGGTA,1
TTATACGGTAATTCTC,1
TTATACTATGCCATCA,1
TTATAGACCCAGATTA,1
TTATAGCATATCAATA,1
TTATATAGTACCGAAA,1
TTATATATGAGTTAGA,1
TTATATCAACCGGAAA,1
TTATATCGATACAACC,1
TTATATTTAAACATTA,1
TTATCAAAGCTGGCTG,1
TTATCATAAAAATACC,1
TTATCCAAGAGAGGAA,1
TTATCCATTTGCGAAA,1
TTATCGTACGAAGTTA,1
TTATCGTGTAGTTTAA,1
TTATCTACCCTAGCAC,1
TTATCTACTAAACAAC,1
TTATCTATCACATAAT,1
TTATGACATATAAAAT,1
TTATGACTATAACAAT,1
TTATGCCATACAGTAT,1
TTATGCGTTCACGATA,1
TTATGCTATGATAGAG,1
TTATGTAATCAAAACA,1
TTATGTATGATGGACG,1
TTATGTCATCTCAACC,1
TTATGTCCTAAATGTG,1
TTATTAAATCTGAGAT,1
TTATTAACAAAGACCG,1
TTATTAGTAATGGAGT,1
TTATTCAATCTGATCT,1
TTATTCATAAAATCTT,1
TTATTGACACTTAATC,1
TTATTTAAAGACTGAA,1
TTATTTACCCTCGAAA,1
TTATTTCTTGTACCAC,1
TTCAAAAACCGTCTTT,1
TTCAAAGAAGTCCACC,1
TTCAAAGTACCACAAG,1
TTCAAATATAGAACCT,1
TTCAACAGAAAGGAAG,1
TTCAATATCCGGCCAC,1
TTCAATATTTATTTGC,1
TTCAATCGCCAAAACT,1
TTCAATTCGTTGTGGT,1
TTCAATTTCGGAGTAC,1
TTCACACTGTTTGAAA,1
TTCACATGCAACAGTA,1
TTCACCTCATACCGTT,1
TTCACGGTTTCCCTCA,1
TTCACTAAACTAGTCC,1
TTCACTCCTCTGTGTT,1
TTCACTCGCCGCGAAG,1
TTCAGACAAATAATCC,1
TTCAGACTAATATAGT,1
TTCAGCAATCAGATAT,1
TTCAGTGACACTAAAA,1
TTCATACAAAGATCGG,1
TTCATACTGCAAGAGT,1
TTCATATAAGTGCGAT,1
TTCATATATAATGAAC,1
TTCATCAACTACGGAT,1
TTCATCGACGATACTT,1
TTCATCGGTATGACTT,1
TTCATGAGACAACAGC,1
TTCATGTTCGTAACTT,1
TTCCAAAAGGGAGAGT,1
TTCCAAAAGTGTGCAA,1
TTCCAAACTTGACTCA,1
TTCCAAAGCTTAATAC,1
TTCCAAAGCTTCAAAC,1
TTCCAACACGTTGGGT,1
TTCCCAGAGTGAAAAA,1
TTCCCATATGATAGAA,1
TTCCCTATAACAACGA,1
TTCCGAAAAGTACAAC,1
TTCCGTACACTAAAAT,1
TTCCTCGTTTAGAAGA,1
TTCGAATGCCCTGAAT,1
TTCGACATGCCAAAGT,1
TTCGACCGTTACTAAG,1
TTCGAGACCTGATGGA,1
TTCGAGATGAGGAAAC,1
TTCGAGCGTTCGACAA,1
TTCGCACATATTCTGC,1
TTCGCGCCATACAGTA,1
TTCGCGGGAATGCCTC,1
TTCGCTAATAATGAAT,1
TTCGCTACCAACTCGC,1
TTCGGCTATAGAGATA,1
TTCGGGGAGAATTAGA,1
TTCGTACGTGAAGTCC,1
TTCGTCACATCGATAA,1
TTCGTGTGCCTCACTA,1
TTCTAAACAAACGTAC,1
TTCTACTTGCACTCAG,1
TTCTAGTATAAAACTA,1
TTCTATACACTGCGGG,1
TTCTATGATTTACGTA,1
TTCTCAAGATTACCTA,1
TTCTCCCCCACCATCT,1
TTCTCTTAATATGCTC,1
TTCTGTCTCATACCAA,1
TTCTTTATAGCCATGG,1
TTGAAAATATAGTGGA,1
TTGAAACCGCTCCTAG,1
TTGAAAGGCACAATGA,1
TTGAAATATACCAACA,1
TTGAACAATACGATGC,1
TTGAACATTCCCTCGT,1
TTGAACTTATGGTACC,1
TTGAAGAATTAATGTC,1
TTGAAGTTGAATTTAT,1
TTGAATGGACCTAGGC,1
TTGACAAGACGCAAAA,1
TTGACAGTGCATAAGT,1
TTGACGCAATGAAAAC,1
TTGACGCTGGCGAGTA,1
TTGACGTGGCAGAGAC,1
TTGACTAAAGCTCAAC,1
TTGACTCTTACGTCCC,1
TTGAGAAAGTGCGAAA,1
TTGAGGACAAGCTATG,1
TTGAGTGGTGCATAAC,1
TTGAGTTATGAAATAT,1
TTGATCTATCTTGGTT,1
TTGATTCACTTCCCAG,1
TTGATTCCTAACCCAT,1
TTGATTGCTATTACTA,1
TTGCAACTCAAATATC,1
TTGCAAGTCCCTGAGT,1
TTGCAATATCTCAACA,1
TTGCACCCGAAGCCTT,1
TTGCAGCCTTTTAACC,1
TTGCATCCTGGTAAAA,1
TTGCCAACCCTGGAAT,1
TTGCCAGATTTTACAT,1
TTGCCTTTAGCTTTGC,1
TTGCGAACGCAGATTC,1
TTGCGAGTTGTTAATA,1
TTGCGGACTTGGGATG,1
TTGCGGTATACTACCC,1
TTGCGGTTTAATTTGG,1
TTGCGTTCCAGGCGAA,1
TTGCTAACCGCACCTT,1
TTGCTCAACCTCTTTA,1
TTGCTGCGTGGAGACA,1
TTGCTTAATGATAGAA,1
TTGGAAACATCCTGCA,1
TTGGACTGAAATAGTG,1
TTGGAGCTTCATGTAG,1
TTGGCAAAGTAGTATA,1
TTGGGAAATAAGCTCG,1
TTGGGGAAAATCTTCA,1
TTGGGTCGTTGGCGCA,1
TTGGTACTATGTATCA,1
TTGGTGGCAAGGATGA,1
TTGTAAAAATGCACGT,1
TTGTAACAGAAATTGG,1
TTGTACAATCCAAACA,1
TTGTACATAACCACAG,1
TTGTACCAAAGAGTCG,1
TTGTAGTGTTTAACCG,1
TTGTATTAGAATACTA,1
TTGTATTATTTACCTT,1
TTGTCCTAAACTGCTA,1
TTGTCGCATACAAAGT,1
TTGTGAAGAGACCAAA,1
TTGTGACACTCGCCAG,1
TTGTGAGAATTGTTAA,1
TTGTGAGTTCGGAAAG,1
TTGTGATCCCGACAAG,1
TTGTTAAATCTTGCCT,1
TTGTTCTGATAATCTT,1
TTGTTGCGATTGAAAG,1
TTGTTTAAATCGAGCC,1
TTGTTTAAGATAATAA,1
TTTAAATGTGACAGAT,1
TTTAAGTGTGAAGACA,1
TTTAATCATTTCTCGT,1
TTTAATTTCCTGAAAA,1
TTTACAAATAATAATG,1
TTTACACACATTCTAC,1
TTTACACACGTACCAA,1
TTTACAGAAGGCAAGT,1
TTTACATGCGACTAGA,1
TTTACTCTTGTCCATG,1
TTTACTTGATAAACTA,1
TTTAGAACTTTACCAT,1
TTTAGGTTATATCGAC,1
TTTAGTCCCTTGAATC,1
TTTAGTTATATGTTCG,1
TTTATTACACTAAGCG,1
TTTCAACCCCCTCCCG,1
TTTCAAGACAGAGAAC,1
TTTCAATATGTTACAA,1
TTTCACACGAAAACAT,1
TTTCAGCTCCGTTGAA,1
TTTCAGTAATCAATAC,1
TTTCCACATGAAATCG,1
TTTCCATGAGTTTGAA,1
TTTCGAGGGGGCCCCC,1
TTTCGCACGAGCGACT,1
TTTCGGAAGGAACCTT,1
TTTCGTGTGTTAATTC,1
TTTCTAAAATGGATAT,1
TTTCTCAGCCGTCTTC,1
TTTCTCGATCGAAAAC,1
TTTGACAAGACCATAA,1
TTTGACAGATGAACAC,1
TTTGAGGTGCTAATTA,1
TTTGCCCCCATTGAGT,1
TTTGCGAAACGGGAAC,1
TTTGCGGGGACAAAAG,1
TTTGGAAATCCTCCCC,1
TTTGGCCTACGACCTC,1
TTTGTCACCATGGCTC,1
TTTGTGCCCGTCCACA,1
TTTGTTAGTGAAATGT,1
TTTGTTGAGGGCATTA,1
TTTTAAATAAGCGGAT,1
TTTTACGCCGATAACA,1
TTTTACTATAACCCAG,1
TTTTACTTGTCCCGAT,1
TTTTAGCTACAGCCCA,1
TTTTAGCTCAAGGACC,1
TTTTCAATAAACCAGC,1
TTTTCACCAGGCCAAC,1
TTTTCCCATTAGTACA,1
TTTTCGATATAGACCA,1
TTTTGACAAACTAAAC,1
TTTTGACCTTAGACTC,1
TTTTGAGTCAAAGATC,1
TTTTGGCCTGGAGATA,1
TTTTGTCACATTCACA,1
TTTTTAAGAACTAGCA,1
TTTTTCCTTGAGACTT,1
TTTTTCCTTGAGTATT,1
TTTTTGATATTAAACA,1
TTTTTTTCTTCAATAA,1
AAAAAAAAAAAACCCC,0
AAAAAAAAAAAATTTA,0
AAAAAAAAAAACAAGT,0
AAAAAAAAAAACATGA,0
AAAAAAAAAAACGTTC,0
AAAAAAAAAAACTAAA,0
AAAAAAAAAAGCGAAG,0
AAAAAAAAACAAAGAC,0
AAAAAAAAAGCTACAT,0
AAAAAAAAAGGCGAAT,0
AAAAAAAAATTAAAAG,0
AAAAAAAAATTCATAA,0
AAAAAAAAATTCTAAT,0
AAAAAAAACGCGAGGT,0
AAAAAAAACTATTACA,0
AAAAAAAACTGTAAGA,0
AAAAAAAAGATGAAAC,0
AAAAAAAAGTTACGTC,0
AAAAAAAATAGGAAGT,0
AAAAAAAATCATTGCT,0
AAAAAAAATTACAGTT,0
AAAAAAAATTGACTAG,0
AAAAAAACATACTCCC,0
AAAAAAACCAGACTAA,0
AAAAAAACCGCCTCGT,0
AAAAAAACCGCTCACA,0
AAAAAAACCTCTGTCA,0
AAAAAAACGGAATGCG,0
AAAAAAACGGCAAATA,0
AAAAAAACGGTGACAA,0
AAAAAAACGTAACCTA,0
AAAAAAACTGTTAGTT,0
AAAAAAACTTAAAAAA,0
AAAAAAACTTTAAGAG,0
AAAAAAAGAATCTGCG,0
AAAAAAAGCAACAAAC,0
AAAAAAAGCAACTACC,0
AAAAAAAGCATACTGA,0
AAAAAAAGCATCGCCA,0
AAAAAAAGCCTCAAGC,0
AAAAAAAGCTAATCAG,0
AAAAAAAGGGCTAAAA,0
AAAAAAAGGGTCTAAA,0
AAAAAAAGGTCGGACT,0
AAAAAAAGTGAATGCT,0
AAAAAAAGTTATCAAT,0
AAAAAAATAAAAGAAG,0
AAAAAAATATTCGAGG,0
AAAAAAATCAAGCTAG,0
AAAAAAATCACTTAAG,0
AAAAAAATCCCTATGT,0
AAAAAAATCCGAACAG,0
AAAAAAATGACGGAAA,0
AAAAAAATGATGATAT,0
AAAAAAATGCACATCC,0
AAAAAAATGGATTCTT,0
AAAAAAATGGTTTCTT,0
AAAAAAATTATACGGT,0
AAAAAAATTCAACCGG,0
AAAAAAATTCTACGAC,0
AAAAAAATTTATCTTC,0
AAAAAACAAAAGTTAA,0
AAAAAACAACTGGCAT,0
AAAAAACAATGAAAAA,0
AAAAAACAATGGAAGC,0
AAAAAACACCGTGTGA,0
AAAAAACAGACTTTTA,0
AAAAAACAGGGAATAG,0
AAAAAACAGTTTGGAT,0
AAAAAACATCTCGCCT,0
AAAAAACATGGATGTA,0
AAAAAACATGTTCTCT,0
AAAAAACCAAACCCCC,0
AAAAAACCATCAAAGT,0
AAAAAACCATGTAAAC,0
AAAAAACCCTAAGAAT,0
AAAAAACCCTGTATTA,0
AAAAAACCGATTAGCT,0
AAAAAACCTTCTGCAA,0
AAAAAACCTTGAAAAT,0
AAAAAACGCAATAAAC,0
AAAAAACGGGTACATC,0
AAAAAACGTACTGCGG,0
AAAAAACGTGTAGGCC,0
AAAAAACTAAAAAACA,0
AAAAAACTAAGTAGAT,0
AAAAAACTACTAGAAT,0
AAAAAACTGGTAAAAC,0
AAAAAACTTCAATTAT,0
AAAAAACTTCCCTGGG,0
AAAAAAGAAAGGTTAT,0
AAAAAAGAACAATTAA,0
AAAAAAGAACTTCCCA,0
AAAAAAGAATTTTATA,0
AAAAAAGACACATGAT,0
AAAAAAGACACTTAAT,0
AAAAAAGACGTTGTTG,0
AAAAAAGAGCGATATG,0
AAAAAAGAGTAATATA,0
AAAAAAGAGTTATTGA,0
AAAAAAGAGTTTAAGT,0
AAAAAAGATAGAGACC,0
AAAAAAGATCCGGTTC,0
AAAAAAGATGTTGTGA,0
AAAAAAGCAAAGATAA,0
AAAAAAGCAAGATCTG,0
AAAAAAGCAAGTATTT,0
AAAAAAGCACATATAT,0
AAAAAAGCATGTAACT,0
AAAAAAGCCCAGCGTT,0
AAAAAAGCGGAGGTAC,0
AAAAAAGCTCACGCTT,0
AAAAAAGGCGAGGCCA,0
AAAAAAGGGCTACACC,0
AAAAAAGTAAGGATTC,0
AAAAAAGTGTATACCA,0
AAAAAAGTTTCATATC,0
AAAAAATAACCACGAT,0
AAAAAATAACTGATAA,0
AAAAAATAAGCATACA,0
AAAAAATAAGTTATAT,0
AAAAAATAATACCCGA,0
AAAAAATACAAATAAA,0
AAAAAATACAACCGTC,0
AAAAAATACAGAACCG,0
AAAAAATATTTTTATC,0
AAAAAATCACGGAGTT,0
AAAAAATCATAAGTTG,0
AAAAAATCCAGGTTCG,0
AAAAAATCGATCGCTG,0
AAAAAATCTAGATATC,0
AAAAAATGAGGTCCAA,0
AAAAAATGGAACTATG,0
AAAAAATGTGCCCTAC,0
AAAAAATTACAATAGC,0
AAAAAATTAGATGAAC,0
AAAAAATTAGTAAGCC,0
AAAAAATTCTATTAGA,0
AAAAAATTTAATACCT,0
AAAAAATTTGCGTAGA,0
AAAAAATTTGGATAAA,0
AAAAACAAAAAACTCT,0
AAAAACAAAAAGAAAT,0
AAAAACAAAAATCCCA,0
AAAAACAAAAGAATGT,0
AAAAACAAACTATAAG,0
AAAAACAAAGACATAT,0
AAAAACAAATAAGTTT,0
AAAAACAACCTTAAAG,0
AAAAACAACTAGTCTC,0
AAAAACAAGACCACAA,0
AAAAACAAGCCATACA,0
AAAAACAATAATAAAG,0
AAAAACAATACACAGA,0
AAAAACAATTATGACA,0
AAAAACAATTGATCTA,0
AAAAACACACTCCATT,0
AAAAACACCATAAGAA,0
AAAAACACCGAGCGTA,0
AAAAACAGACAACGTG,0
AAAAACAGATCAATAT,0
AAAAACAGATCCCGGC,0
AAAAACAGGCGACACT,0
AAAAACAGTTAATTAC,0
AAAAACAGTTAGGCTT,0
AAAAACAGTTATCTGA,0
AAAAACATAAAAATAT,0
AAAAACATAACGAATA,0
AAAAACATAAGACCTA,0
AAAAACATACATGTAC,0
AAAAACATAGAGTGAA,0
AAAAACATATAAAAAC,0
AAAAACATCATCTATG,0
AAAAACATCTACAAAG,0
AAAAACATGAAGAAAA,0
AAAAACATTACTATTA,0
AAAAACATTAGCTCCT,0
AAAAACATTATACATA,0
AAAAACATTGGGCAAA,0
AAAAACCACAAGGTGT,0
AAAAACCACATCTGTA,0
AAAAACCACTTGGGAA,0
AAAAACCATACAACAT,0
AAAAACCCATAGCTTC,0
AAAAACCCCAGTTCTT,0
AAAAACCCCCAGTCAC,0
AAAAACCCGCGATTAG,0
AAAAACCCTGCACAAT,0
AAAAACCCTTCTAACA,0
AAAAACCGAATAGCTT,0
AAAAACCGCCCAAAGA,0
AAAAACCGTTAATAGT,0
AAAAACCTAAATCCCA,0
AAAAACCTTAGGGCTT,0
AAAAACCTTGACGACA,0
AAAAACGAAATTTTCT,0
AAAAACGAACCATACT,0
AAAAACGAATACCAAC,0
AAAAACGAGTACCTGT,0
AAAAACGATCAATTAA,0
AAAAACGCACCGAATA,0
AAAAACGCATACAAGA,0
AAAAACGCGAGAAGAC,0
AAAAACGCGCGATCCG,0
AAAAACGCGTATTAGG,0
AAAAACGGAAACATTC,0
AAAAACGGTAAAGCGA,0
AAAAACGGTGCGATCA,0
AAAAACTAAAATTAAT,0
AAAAACTAATGGCACC,0
AAAAACTAGACATAAT,0
AAAAACTATCGTGTCA,0
AAAAACTATGAATATA,0
AAAAACTATGACAAAA,0
AAAAACTCGAACAACA,0
AAAAACTCGCATACTG,0
AAAAACTCTATGTTTT,0
AAAAACTGAAATATAT,0
AAAAACTGCTATCACA,0
AAAAACTGCTGTCCTC,0
AAAAACTGTTAGGTAA,0
AAAAACTTGGATATAT,0
AAAAAGAAAAAGGTCA,0
AAAAAGAAAAGACAAC,0
AAAAAGAAAATTGAGA,0
AAAAAGAAACATAATT,0
AAAAAGAACAAAACAC,0
AAAAAGAACTTTATGA,0
AAAAAGAAGATTGCAC,0
AAAAAGAAGTGTGAGG,0
AAAAAGAATATGTATA,0
AAAAAGACCTAGAACA,0
AAAAAGACTAAAATGA,0
AAAAAGACTACTTAAA,0
AAAAAGAGCAGTAAAT,0
AAAAAGAGGATGTAAA,0
AAAAAGAGGTAGTCCT,0
AAAAAGAGTATAATAC,0
AAAAAGAGTTATCCTG,0
AAAAAGATAAATTGAG,0
AAAAAGATAATTAGGG,0
AAAAAGATCGAACTAA,0
AAAAAGATGCGCCCCG,0
AAAAAGATGTACCCTG,0
AAAAAGATTCTAAAAC,0
AAAAAGCAACGGTAAA,0
AAAAAGCATCCCCAAG,0
AAAAAGCCAAACTGCT,0
AAAAAGCCATTACCAA,0
AAAAAGCCCACCTTTA,0
AAAAAGCCGATGAACG,0
AAAAAGCGGAGACCAC,0
AAAAAGCGTGATCACA,0
AAAAAGCTTAATAGGT,0
AAAAAGGACCGCAGGA,0
AAAAAGGCAATGAATC,0
AAAAAGGCGAGAAAAC,0
AAAAAGGCGTAACAGT,0
AAAAAGGGTCATCGAC,0
AAAAAGGTAATAAGGG,0
AAAAAGGTCCCTTCGA,0
AAAAAGGTCTGCGACT,0
AAAAAGGTTTAGGGTT,0
AAAAAGTAAAGCACCT,0
AAAAAGTAAGAAGATT,0
AAAAAGTAATATAAAA,0
AAAAAGTACAGGCTGT,0
AAAAAGTAGTATGCGA,0
AAAAAGTAGTCCCGAT,0
AAAAAGTATCCAGAAT,0
AAAAAGTGTATTGAAG,0
AAAAAGTTAACAAATA,0
AAAAAGTTTTAAGACT,0
AAAAAGTTTTGATAGA,0
AAAAAGTTTTGGAATA,0
AAAAATAACAATATAC,0
AAAAATAAGAGCAAGG,0
AAAAATAAGAGGTAGA,0
AAAAATAAGCAACGAA,0
AAAAATAAGGCCACTC,0
AAAAATAAGGGCACCG,0
AAAAATAAGTAGCGGG,0
AAAAATAATATAGAAT,0
AAAAATAATTATGGCG,0
AAAAATACAAAAAGGG,0
AAAAATACATTCATAA,0
AAAAATACCCTATAGA,0
AAAAATACCGAATAAG,0
AAAAATACCGTAAGTA,0
AAAAATACCTTAACGA,0
AAAAATACTAAATTAT,0
AAAAATACTCCCAGGT,0
AAAAATACTCGTGATC,0
AAAAATAGCAAAATAT,0
AAAAATAGGGGTTCAA,0
AAAAATAGTTGTGTCA,0
AAAAATATCACTGCGC,0
AAAAATATCGCTTATT,0
AAAAATATGATGTAGT,0
AAAAATATGGTTTTGG,0
AAAAATATTTACAATT,0
AAAAATCAAAAACGTA,0
AAAAATCAGCATTGTA,0
AAAAATCATATCAAAT,0
AAAAATCATTGTACCC,0
AAAAATCATTTAAACC,0
AAAAATCCACCGTGAA,0
AAAAATCCATAGTTCG,0
AAAAATCCCTTGGCCG,0
AAAAATCCGAAGCTCT,0
AAAAATCCGCAAATAA,0
AAAAATCCGGATCAAC,0
AAAAATCCTAAAAGAA,0
AAAAATCGATAGAACC,0
AAAAATCGATCCTTTA,0
AAAAATCGCAAACAAT,0
AAAAATCGCTAGGGGA,0
AAAAATCTCGGACTCG,0
AAAAATGAAATAGTGG,0
AAAAATGAAGTAGTCG,0
AAAAATGATACCCCGA,0
AAAAATGCACCCAAAC,0
AAAAATGCACTTCATA,0
AAAAATGCTAACAGAA,0
AAAAATGGTAGTAAAC,0
AAAAATGTAGCTGACC,0
AAAAATGTCATTATGC,0
AAAAATGTCCATACAG,0
AAAAATGTTACTATCA,0
AAAAATTAACTCGTGG,0
AAAAATTACCACCGAA,0
AAAAATTACTATCATA,0
AAAAATTAGGCTAACG,0
AAAAATTAGGTAATTG,0
AAAAATTAGTGGAGAA,0
AAAAATTATAGTAGTC,0
AAAAATTATAGTCATT,0
AAAAATTATCAGGGAT,0
AAAAATTCAATGTCAC,0
AAAAATTCACTCTCAT,0
AAAAATTCTGACTGCA,0
AAAAATTGAAACAAAA,0
AAAAATTGAATTGTCA,0
AAAAATTGGTAAATTG,0
AAAAATTTAATCAGAT,0
AAAAATTTACTAGGCG,0
AAAAATTTAGACGAAC,0
AAAAATTTCTAATAAT,0
AAAAATTTCTTTGTGA,0
AAAAATTTGTTTCTAC,0
AAAAATTTTCCCTATC,0
AAAAATTTTGAACCCT,0
AAAACAAAACCGTATC,0
AAAACAAAAGAATAAA,0
AAAACAAACACGGCTA,0
AAAACAAACCAACTCA,0
AAAACAAACGTTTCTG,0
AAAACAAAGAGCGGTT,0
AAAACAACAATACACG,0
AAAACAACTCAACACG,0
AAAACAACTGGTACTA,0
AAAACAAGCACCGGCT,0
AAAACAAGGTTGTGTT,0
AAAACAATAAGTTTAA,0
AAAACAATATACAATC,0
AAAACAATCATACATC,0
AAAACAATCCGACTCC,0
AAAACAATCGAGTGGC,0
AAAACAATGCACAAAC,0
AAAACAATTAATACCC,0
AAAACAATTGCCTTTT,0
AAAACAATTTCTACTT,0
AAAACAATTTGTGCGA,0
AAAACACAAGTGCCAA,0
AAAACACAATATGACC,0
AAAACACACAAATAGT,0
AAAACACACATTTAAT,0
AAAACACACCAGACCA,0
AAAACACAGTTAAATC,0
AAAACACATAATAATA,0
AAAACACATACCAAAT,0
AAAACACATCAACGAC,0
AAAACACATCTCTTTC,0
AAAACACCTATTAGAG,0
AAAACACCTATTCTAA,0
AAAACACGACTAATGG,0
AAAACACTAAAGAGCC,0
AAAACACTACATGTCT,0
AAAACACTCCCAACCA,0
AAAACACTGTGTGAAA,0
AAAACACTTCGTCATA,0
AAAACACTTTGAGACC,0
AAAACAGAAATTCCTA,0
AAAACAGACGATCCAC,0
AAAACAGCACAAGTAC,0
AAAACAGCCATAAAAC,0
AAAACAGCTGGCCATA,0
AAAACAGGATTAACCT,0
AAAACAGGCTTTCACT,0
AAAACAGGGCCAAGCT,0
AAAACAGTAAAGTGTA,0
AAAACAGTTTAGAATA,0
AAAACATAAAGATTAT,0
AAAACATAAGCAGTAC,0
AAAACATAAGCCCGAA,0
AAAACATAATAATCTG,0
AAAACATAATGAAAAA,0
AAAACATACCCTTATA,0
AAAACATATACGTCTA,0
AAAACATATATAACTT,0
AAAACATATATATTGA,0
AAAACATATGATCTAA,0
AAAACATATTGGGGTT,0
AAAACATGATAATATA,0
AAAACATGCATTATGT,0
AAAACATGGTTAAACC,0
AAAACATGTTCATAAT,0
AAAACATTCTCATCTT,0
AAAACATTGACTAATT,0
AAAACCAAAATACACT,0
AAAACCAAAATTCAGG,0
AAAACCAAATTGGGGT,0
AAAACCAACTCTTGAT,0
AAAACCAAGCGAAAGT,0
AAAACCAATTCGCATA,0
AAAACCAATTTCCGCA,0
AAAACCACCAACTTGG,0
AAAACCACCACTTACC,0
AAAACCAGCAAGCTCA,0
AAAACCATAAAATGCA,0
AAAACCATCCCTCATA,0
AAAACCATCTGCTGAA,0
AAAACCATTAGATAAA,0
AAAACCATTGTTCCCA,0
AAAACCCAAAAATGTT,0
AAAACCCACTGAAAAG,0
AAAACCCAGAAATTTA,0
AAAACCCAGGGGATGT,0
AAAACCCATGATATCT,0
AAAACCCCACAAGTTA,0
AAAACCCCTTTGATGT,0
AAAACCCGTTCCAGTC,0
AAAACCCTCCAAAGGC,0
AAAACCCTCCTTATAA,0
AAAACCCTTAAGGGGG,0
AAAACCCTTCTAGGCA,0
AAAACCGAACCAAACG,0
AAAACCGAAGATATAT,0
AAAACCGAATTACTTT,0
AAAACCGAGTTAGATA,0
AAAACCGCTATAAAAT,0
AAAACCTACCTCTCTT,0
AAAACCTACTAAGTGG,0
AAAACCTATAAGACCG,0
AAAACCTATATTCAGT,0
AAAACCTCAAAGATAT,0
AAAACCTCAAGATACA,0
AAAACCTCACGCCAAA,0
AAAACCTCGATACACC,0
AAAACCTCGGAATTCG,0
AAAACCTGAAAGTGCG,0
AAAACCTGTTCCCACG,0
AAAACCTTAACACTCG,0
AAAACCTTACTAGGGA,0
AAAACCTTGCCTTTGA,0
AAAACGAAACCAAACT,0
AAAACGAACCTGGGTT,0
AAAACGAATCCCCCCA,0
AAAACGACACAGTTCC,0
AAAACGACCTAGGTAC,0
AAAACGACGTAAAATT,0
AAAACGAGAAATATTC,0
AAAACGAGCTTTTGAA,0
AAAACGAGTATAAAAA,0
AAAACGATCAATATAT,0
AAAACGATCCCTATTG,0
AAAACGATTTAATTCC,0
AAAACGCAGGCGACCG,0
AAAACGCCAGATCTAG,0
AAAACGCGATCGAGGA,0
AAAACGCTAAACGGAG,0
AAAACGCTGCAGAATA,0
AAAACGGATAATGGTC,0
AAAACGGCAAAAGCGA,0
AAAACGGCATTACAAG,0
AAAACGGGTGAAAAAA,0
AAAACGTACACGGGAA,0
AAAACGTCATGAACAA,0
AAAACGTCATTGGCCC,0
AAAACGTCTGAGTCGT,0
AAAACGTGGGGTTGAC,0
AAAACGTTCACTAAAA,0
AAAACTAAAAATCTTC,0
AAAACTAAAATGTTGC,0
AAAACTAAACAAGTGA,0
AAAACTAAACGACATC,0
AAAACTAACACAATCG,0
AAAACTAAGGCCAGAA,0
AAAACTAATCCAGTGG,0
AAAACTAATGTATATT,0
AAAACTAATTGTCCGT,0
AAAACTACACTACACA,0
AAAACTACCCTAAAGG,0
AAAACTACCGAATATC,0
AAAACTACGATGTACC,0
AAAACTACTTGCATTA,0
AAAACTATAAAAATAT,0
AAAACTATCAGAACGC,0
AAAACTATCTTTACTA,0
AAAACTATTATACTTA,0
AAAACTCAACCAAATC,0
AAAACTCATACGAAAC,0
AAAACTCCACCGAAAG,0
AAAACTCGGACCTAAT,0
AAAACTCGTGTATTTA,0
AAAACTCTGCAAGGCT,0
AAAACTCTGTGTCATT,0
AAAACTGAAACAGGGA,0
AAAACTGAAGCATGAA,0
AAAACTGACCACTTAA,0
AAAACTGACTACGGTA,0
AAAACTGAGATGCTGT,0
AAAACTGCCACCGTCA,0
AAAACTGGAGTAAAGG,0
AAAACTGGGCTATCAC,0
AAAACTGTAAACAGCA,0
AAAACTGTACTCGATC,0
AAAACTGTTTAGAATT,0
AAAACTTAAGGGATAG,0
AAAACTTAAGTGCCAA,0
AAAACTTAGTTAAGAT,0
AAAACTTATAGATCAG,0
AAAACTTATATTACCT,0
AAAACTTATTAATATT,0
AAAACTTGTCCTAACT,0
AAAACTTTAAGGGAAA,0
AAAACTTTACTACTCT,0
AAAACTTTCTTGGTGG,0
AAAACTTTGATGGAGC,0
AAAAGAAAAGGTATAA,0
AAAAGAAAAGTTTTGG,0
AAAAGAAAATAAGTAA,0
AAAAGAAAATCAATAA,0
AAAAGAAACAATCAGG,0
AAAAGAAATGACAACG,0
AAAAGAAATTTCACAC,0
AAAAGAACAACAAAAT,0
AAAAGAACAATCCTCT,0
AAAAGAACAGAGCATG,0
AAAAGAACGACCCGTA,0
AAAAGAAGAAGACTAT,0
AAAAGAAGAATGAATG,0
AAAAGAAGACAAAAGG,0
AAAAGAAGTATAGATA,0
AAAAGAATAATTAAAT,0
AAAAGAATATACATTA,0
AAAAGAATTGAATTAC,0
AAAAGACAAACGAAAC,0
AAAAGACAAATTAACA,0
AAAAGACAACAAATAC,0
AAAAGACAGCAGCTCT,0
AAAAGACCCCAGAGTA,0
AAAAGACCGAAGAGCC,0
AAAAGACGTTGACAAT,0
AAAAGACTCCTACGTC,0
AAAAGAGCAGAAGAAC,0
AAAAGAGCTCCGTGCA,0
AAAAGAGGTTAATGTA,0
AAAAGAGTAATTCGTA,0
AAAAGAGTCACATCTA,0
AAAAGATAAGAAAATG,0
AAAAGATAATCCAAAA,0
AAAAGATACTCTGTGG,0
AAAAGATCACCAAAGG,0
AAAAGATCCTGCCAGC,0
AAAAGATCGTTGACGG,0
AAAAGATCTAGAAACC,0
AAAAGATGGAAAACCA,0
AAAAGATTAAAAACTG,0
AAAAGATTATCTGGAT,0
AAAAGATTTGGTAGTG,0
AAAAGATTTTAGCCTT,0
AAAAGCAAAGACCGTA,0
AAAAGCAATGTGAATA,0
AAAAGCACTATGGTCA,0
AAAAGCATCTAGTCCG,0
AAAAGCCAAATATAAT,0
AAAAGCCACAAGTTCT,0
AAAAGCCACCGAAAAT,0
AAAAGCCAGTAAGACC,0
AAAAGCCATAGACCAA,0
AAAAGCCCAATAGAGT,0
AAAAGCCCAGTAAATA,0
AAAAGCCCATAATAAT,0
AAAAGCCGCAAGTTCA,0
AAAAGCCGCTATCTTG,0
AAAAGCCTAAACTGGT,0
AAAAGCCTTACAGAGT,0
AAAAGCCTTGGATACA,0
AAAAGCGGGACACAAA,0
AAAAGCGTCGGTTAAG,0
AAAAGCGTGAGCCAAT,0
AAAAGCTACATCATTT,0
AAAAGCTACCAGAGTA,0
AAAAGCTCAATTTATG,0
AAAAGCTCATTCTCTT,0
AAAAGCTCCAAACAGT,0
AAAAGCTCGGTTGGAA,0
AAAAGCTCTTGGGAGG,0
AAAAGCTTAATGTTTT,0
AAAAGCTTCCACAACG,0
AAAAGGAAGCTACCGT,0
AAAAGGAAGGGTCGTA,0
AAAAGGACAGTGCGAT,0
AAAAGGATAAATAAAG,0
AAAAGGATAAGGGTTT,0
AAAAGGCACACTCAGT,0
AAAAGGCCGATTAAAA,0
AAAAGGCCTCAGTTGG,0
AAAAGGCTATCCGGGG,0
AAAAGGGAACCAACAA,0
AAAAGGGACTAATGAA,0
AAAAGGGAGAATCTTA,0
AAAAGGGATGCCGAAT,0
AAAAGGGCGATGGGAC,0
AAAAGGGTTACATAAT,0
AAAAGGTAGACATGGG,0
AAAAGGTAGCAGAAGG,0
AAAAGGTATGAAAACA,0
AAAAGGTCGTTAACTA,0
AAAAGGTGAACCGTAC,0
AAAAGGTGCGCCGATT,0
AAAAGGTGTAGCATCA,0
AAAAGGTTCAAAACGG,0
AAAAGTAAAAACACGT,0
AAAAGTAAGACTCAAC,0
AAAAGTAAGCAACGAA,0
AAAAGTAATGCCAAAT,0
AAAAGTACATTCACAC,0
AAAAGTACTATATCAA,0
AAAAGTAGAATAATAA,0
AAAAGTAGAGTAATGC,0
AAAAGTAGCCCGGGAT,0
AAAAGTAGCGGCATCA,0
AAAAGTATAAATGTTT,0
AAAAGTATACATACAC,0
AAAAGTATCACCATCG,0
AAAAGTATTAACAAAG,0
AAAAGTCAGAAAAAGT,0
AAAAGTCAGTGCTGAA,0
AAAAGTCCCGGCTGGC,0
AAAAGTCCTCGAACAT,0
AAAAGTCCTTTAAATC,0
AAAAGTCGAGCGGAGC,0
AAAAGTCGTGTGAGCT,0
AAAAGTCTAAAAAAAA,0
AAAAGTCTAATTAAAA,0
AAAAGTCTTTAATCAG,0
AAAAGTGAGTTCCAAT,0
AAAAGTGCAATTTAGA,0
AAAAGTGTAGCCCTGC,0
AAAAGTGTATCGGTCT,0
AAAAGTGTCCACTCCT,0
AAAAGTGTGAAGCTAG,0
AAAAGTGTGTTAACAA,0
AAAATAAAAGACTGTG,0
AAAATAAAATAAGGAT,0
AAAATAAAATTAAGGT,0
AAAATAAACAACATAA,0
AAAATAAACAGGGCAA,0
AAAATAAAGTAGACAC,0
AAAATAACACTATCGT,0
AAAATAACCCGTACCC,0
AAAATAACGGAAATGA,0
AAAATAACGTCTTAGG,0
AAAATAACTCAAAGCC,0
AAAATAAGACCTACCC,0
AAAATAAGAGAATTAA,0
AAAATAAGATGTTAAT,0
AAAATAAGCAGAGAAC,0
AAAATAAGGGAACGGT,0
AAAATAAGTCATATTT,0
AAAATAAGTCCGGAGC,0
AAAATAATATAAAAGA,0
AAAATAATCAACCCGC,0
AAAATAATCATTCACT,0
AAAATAATCCACAAAT,0
AAAATAATTCCGATTC,0
AAAATACAAAAACATA,0
AAAATACAATTGGGGT,0
AAAATACACACTTATA,0
AAAATACACGAATCGG,0
AAAATACACTATTCGG,0
AAAATACAGGTCCGAT,0
AAAATACATAAGGAAG,0
AAAATACCAACACAAT,0
AAAATACCATGAAGCT,0
AAAATACCCTCAGCTG,0
AAAATACCGATGGTAC,0
AAAATACGAGATATTA,0
AAAATACGATTGCTTA,0
AAAATACGGAGTCCTA,0
AAAATACGTCTAATAA,0
AAAATACTAGCCATAT,0
AAAATACTAGGGACAC,0
AAAATACTCAAACTAA,0
AAAATACTGAAACATC,0
AAAATACTGAAGATCC,0
AAAATACTGAGAGCAG,0
AAAATAGAAAGGTGTA,0
AAAATAGAATACGTGT,0
AAAATAGAATCAAGAG,0
AAAATAGACATATTGG,0
AAAATAGATATAGCAC,0
AAAATAGCCTATAAAG,0
AAAATAGCTACGGACT,0
AAAATAGGATGCGTAC,0
AAAATAGGTATAAAAT,0
AAAATAGTAAGTAAAC,0
AAAATAGTACCATAAT,0
AAAATAGTCATCAGAC,0
AAAATAGTCGCCAAAC,0
AAAATAGTGAAAACCA,0
AAAATAGTGGTCGGAG,0
AAAATATAAAACTCGG,0
AAAATATAAAGGAAAC,0
AAAATATAAGCAAAAA,0
AAAATATAAGGATCTT,0
AAAATATACAGTACGT,0
AAAATATACATCAGAG,0
AAAATATACGAGCAGC,0
AAAATATAGAGCTTGA,0
AAAATATATGTCATCA,0
AAAATATCGCCCTATA,0
AAAATATCTATGAGAA,0
AAAATATCTTACAAAG,0
AAAATATGAAACTCGA,0
AAAATATGCAAATTTT,0
AAAATATGCTGTCCAT,0
AAAATATGGTACGACA,0
AAAATATGTCGCGAGG,0
AAAATATTTTCTCAAT,0
AAAATCAAAAATATAT,0
AAAATCAAACTACGTA,0
AAAATCAAACTCACAA,0
AAAATCAAAGATCGAA,0
AAAATCAACTACTGAA,0
AAAATCAAGAGAAAAC,0
AAAATCAAGGTTAAAT,0
AAAATCAAGTCCAGAT,0
AAAATCAATATTCCGA,0
AAAATCAATTGGACCC,0
AAAATCACAAGGGAAA,0
AAAATCACAATCTGCA,0
AAAATCACACTATGCT,0
AAAATCACGAAAATTG,0
AAAATCACTAGAACTT,0
AAAATCAGAATCAAGT,0
AAAATCAGCATAACGA,0
AAAATCAGCTGAATCT,0
AAAATCAGTATAACCA,0
AAAATCAGTTTGATAT,0
AAAATCATAAAAAGCA,0
AAAATCATAAAGAAAT,0
AAAATCATATGGGTAC,0
AAAATCATGACATACT,0
AAAATCATTAAGCTAA,0
AAAATCATTCTGAATA,0
AAAATCCAAGTTTAAA,0
AAAATCCACAACTAGG,0
AAAATCCAGAATACCC,0
AAAATCCAGAGCTTAA,0
AAAATCCATGTCAAAT,0
AAAATCCATTCAGGAA,0
AAAATCCCAAAAAGTC,0
AAAATCCCCTGGGGTC,0
AAAATCCGCATTAGCA,0
AAAATCCTCCAATTAA,0
AAAATCCTCGGGCTGT,0
AAAATCCTGTACATTC,0
AAAATCCTTGTAATCA,0
AAAATCGAACTCGAAT,0
AAAATCGACATCACTC,0
AAAATCGACCTCACCC,0
AAAATCGACTAACTGA,0
AAAATCGACTTAAAGC,0
AAAATCGCCCGATACT,0
AAAATCGCGGCGATAC,0
AAAATCGCTTGGCAAG,0
AAAATCGGCATATGCA,0
AAAATCGGTTCACATT,0
AAAATCGTGAAGGTAA,0
AAAATCGTGGTCGTAT,0
AAAATCTAGACACCAT,0
AAAATCTAGAGTAGCG,0
AAAATCTCAACATTCG,0
AAAATCTCAACGAAAA,0
AAAATCTCGCACGAGA,0
AAAATCTCTACTTATC,0
AAAATCTCTTAAGATC,0
AAAATCTCTTTAAGAT,0
AAAATCTGCATTTAGA,0
AAAATCTGCCAATGGG,0
AAAATCTTAAAGCATG,0
AAAATCTTAATCAATA,0
AAAATCTTACGGACTA,0
AAAATCTTCTTTGCCA,0
AAAATCTTGGATAAGA,0
AAAATGAAAATGCACA,0
AAAATGAAACGACTTT,0
AAAATGAAAGAGATTA,0
AAAATGACAATCTACT,0
AAAATGACTAAGCAAG,0
AAAATGACTCCCGCGC,0
AAAATGACTCTAATAC,0
AAAATGACTCTTAAAT,0
AAAATGACTGAGTTAA,0
AAAATGAGAATAGAAA,0
AAAATGAGAATTTCGT,0
AAAATGAGATATATAC,0
AAAATGAGGACTTATT,0
AAAATGAGGTCGACAA,0
AAAATGATAAATGCAC,0
AAAATGATAGGAAAGA,0
AAAATGATGCATCCAT,0
AAAATGCAAACTCAAA,0
AAAATGCAACCCTGCT,0
AAAATGCAACCTACAG,0
AAAATGCCACGCTAAA,0
AAAATGCGCATAACGA,0
AAAATGCGTACACAAC,0
AAAATGCGTTTACTTT,0
AAAATGCTCCCTTGAA,0
AAAATGCTCGGACCGA,0
AAAATGCTGACGCTGT,0
AAAATGCTGATATGCA,0
AAAATGCTGCTAAATA,0
AAAATGGACACATTCC,0
AAAATGGCTTCTCAGA,0
AAAATGGGAAAGGAAG,0
AAAATGGGTAGCGTAA,0
AAAATGGTCTTCTGGA,0
AAAATGTAAAAGCGGT,0
AAAATGTAAACTACCA,0
AAAATGTAACGATTAA,0
AAAATGTAACTCGATG,0
AAAATGTAATCTGCCG,0
AAAATGTACAATACTA,0
AAAATGTATAAGCTGT,0
AAAATGTCAAACAAAA,0
AAAATGTCATTTAAGT,0
AAAATGTCGGCATGTT,0
AAAATGTCTTCTGCAT,0
AAAATGTGATCCGAAA,0
AAAATGTGCAAAAACG,0
AAAATGTGCAAAGGTC,0
AAAATGTGCGACGACT,0
AAAATGTTAACACTTA,0
AAAATGTTAATCTGAA,0
AAAATGTTCAAAGGTC,0
AAAATGTTGTAATACA,0
AAAATTAAAAACTAAT,0
AAAATTAAAACATAAA,0
AAAATTAAAAGTTATT,0
AAAATTAAATACCTAA,0
AAAATTAACAGAAATA,0
AAAATTAACATAAACC,0
AAAATTAACCGCCAAT,0
AAAATTAACTCCGCAA,0
AAAATTAAGGCATAAG,0
AAAATTAATCAAAAAT,0
AAAATTACCAAATCGC,0
AAAATTACTAGAGCAA,0
AAAATTAGCATTATCG,0
AAAATTAGCTGTATGA,0
AAAATTAGTCACGGAA,0
AAAATTAGTCATTGAG,0
AAAATTATAACACTTT,0
AAAATTATACCTGCTT,0
AAAATTATAGGAACTT,0
AAAATTATTACCCAAC,0
AAAATTCAACAACACT,0
AAAATTCAACTGTAAA,0
AAAATTCACCCATAGA,0
AAAATTCAGTCGATTA,0
AAAATTCATAGATGAT,0
AAAATTCATGCATTGT,0
AAAATTCGTATAGTGA,0
AAAATTCGTCAAAAAT,0
AAAATTCTACGTTACG,0
AAAATTCTATTCTACA,0
AAAATTCTCGAATAGA,0
AAAATTCTGAATCGAT,0
AAAATTCTGTATCCTT,0
AAAATTGATTCATGAC,0
AAAATTGCACAAAGTC,0
AAAATTGCCAAGATCC,0
AAAATTGGACCCTTAA,0
AAAATTGGTACTAGAT,0
AAAATTGGTTTAGGAT,0
AAAATTGTTTCACACC,0
AAAATTTAAATATTAA,0
AAAATTTAACCTATTT,0
AAAATTTAAGATCCTT,0
AAAATTTAATAGAGTA,0
AAAATTTAGAAATCCG,0
AAAATTTAGACCTATG,0
AAAATTTAGGATGGAC,0
AAAATTTATACTGCAT,0
AAAATTTCAGCTAATG,0
AAAATTTCCATGGTAA,0
AAAATTTCGTGGCAAA,0
AAAATTTCTAGACAGT,0
AAAATTTCTATAAAAA,0
AAAATTTGACACTCAG,0
AAAATTTGATCACAAC,0
AAAATTTGCAGAGCGT,0
AAAATTTTAAAGTTGA,0
AAAATTTTATCAGGCC,0
AAAATTTTTCCGGCTA,0
AAAATTTTTTTATAAT,0
AAACAAAAACAGGGCA,0
AAACAAAAACGTGCAG,0
AAACAAAACACGTAAT,0
AAACAAAACCGGGGCA,0
AAACAAAACCGTAGTA,0
AAACAAAACGGTATAC,0
AAACAAAACTATCAGG,0
AAACAAAATCAATAGG,0
AAACAAAATCATTCCG,0
AAACAAAATTAACCCA,0
AAACAAAATTGCTATC,0
AAACAAAATTGTGTCT,0
AAACAAACATAGAACA,0
AAACAAACATAGTTCC,0
AAACAAACCCCCGTAT,0
AAACAAACGATTCAAG,0
AAACAAACGCTTCTAA,0
AAACAAACTATAAACA,0
AAACAAAGAGGTTTCG,0
AAACAAAGATGGGCGG,0
AAACAAAGCAAGCGCT,0
AAACAAATAATAAACT,0
AAACAAATAATAGACA,0
AAACAAATCAAACTTT,0
AAACAAATCAAGATGA,0
AAACAAATGGATGGTT,0
AAACAAATGTATCGAT,0
AAACAAATTATCAACG,0
AAACAAATTCCGGAAA,0
AAACAAATTGGAGAGA,0
AAACAAATTTAGACGG,0
AAACAACAAAGTACGT,0
AAACAACAAATGCTAT,0
AAACAACAACACCTTG,0
AAACAACAATAATTTA,0
AAACAACACAAGCACG,0
AAACAACACCTCCCGG,0
AAACAACACGTCAAGA,0
AAACAACAGTATTTAT,0
AAACAACATTTTCCCC,0
AAACAACCACAAGTTA,0
AAACAACCCGACGTTG,0
AAACAACCGTAAAACC,0
AAACAACGCGACCATT,0
AAACAACGCTCACATG,0
AAACAACTATAACAAG,0
AAACAACTGAGCTCAA,0
AAACAACTTGAATTTG,0
AAACAAGAACACTCAT,0
AAACAAGAACCCAACA,0
AAACAAGAGCCACTGA,0
AAACAAGATCAATCAA,0
AAACAAGATCGGTAAG,0
AAACAAGCGCCCCATT,0
AAACAAGCGTCGGAAT,0
AAACAAGCTAAACGTT,0
AAACAAGCTGCTACTG,0
AAACAAGGCGCCGTGA,0
AAACAAGGGCGCTAAC,0
AAACAAGGTCTATACC,0
AAACAAGTACCAGCTC,0
AAACAAGTATAAAAAT,0
AAACAAGTCTTCTTAG,0
AAACAAGTGAAGGGTA,0
AAACAAGTGTACAACA,0
AAACAAGTTAAATGTT,0
AAACAAGTTAAGCCAA,0
AAACAATAAAAACCGT,0
AAACAATAAGACAACA,0
AAACAATAAGTTTAAA,0
AAACAATACTTTTCAC,0
AAACAATCAACCAGGC,0
AAACAATCTAACGTAT,0
AAACAATGACTTTAGA,0
AAACAATGCAATCAAT,0
AAACAATGTACTTTAC,0
AAACAATTAATTTGAA,0
AAACAATTATCTAGAA,0
AAACAATTGATCAACA,0
AAACAATTGCTTTTTA,0
AAACAATTTTATATCG,0
AAACACAAAAACATCG,0
AAACACAAACAGCCAA,0
AAACACAAAGACTGCG,0
AAACACAAAGATAAAA,0
AAACACAAATATGACT,0
AAACACAAATCACCAC,0
AAACACAACATCAAAT,0
AAACACAACGGATATA,0
AAACACAATAGTGTCA,0
AAACACACAGACTATA,0
AAACACACCCCTCCAA,0
AAACACACCTGCACAG,0
AAACACACCTTAAATG,0
AAACACACTACTCCTT,0
AAACACACTGAAATAG,0
AAACACACTGACTATG,0
AAACACACTTATGTTT,0
AAACACAGACCGATTA,0
AAACACAGATTAAAAC,0
AAACACAGGAAGCAAA,0
AAACACATAGGGACGG,0
AAACACATATAAATAA,0
AAACACATTCCATGTG,0
AAACACATTTATATAA,0
AAACACCAAATCAGAC,0
AAACACCAAATGAAAA,0
AAACACCAGCTGAAGA,0
AAACACCCGTAGAACA,0
AAACACCTAACCTTTA,0
AAACACCTGCCGAGGA,0
AAACACGAAGGCTTCC,0
AAACACGACTTTGCGC,0
AAACACGAGTGCCTAG,0
AAACACGCATAAGCCC,0
AAACACGCCTCGTTTG,0
AAACACGGGTTGCAAG,0
AAACACGTAAATTGTA,0
AAACACGTCGAAGCAT,0
AAACACTAATATGCTT,0
AAACACTACACGGTCA,0
AAACACTACCATCAAC,0
AAACACTAGTCTCCCT,0
AAACACTCACACTATC,0
AAACACTCTTACCAAC,0
AAACACTCTTCTTCAG,0
AAACACTGCCTGAATT,0
AAACACTGGTTTAAGA,0
AAACACTTATAGTTAC,0
AAACACTTCTACTTAA,0
AAACAGAAACTCAATA,0
AAACAGAAAGCAGCCC,0
AAACAGAAGAGAGAAC,0
AAACAGAATAAACGGT,0
AAACAGAATATTAATT,0
AAACAGACAAACAACA,0
AAACAGACCGCGGTGT,0
AAACAGACCTATGACA,0
AAACAGAGACGTTTCC,0
AAACAGAGATCCTTTT,0
AAACAGATATTTGACT,0
AAACAGATCATTGCGA,0
AAACAGCAAACAAGAC,0
AAACAGCAATCCCCAG,0
AAACAGCAGAAAGAGA,0
AAACAGCCAAGGCTAC,0
AAACAGCGTCCGAAAG,0
AAACAGCTCACAATAA,0
AAACAGGAATGTAGAA,0
AAACAGGACGGGTACC,0
AAACAGGGAACCTTAG,0
AAACAGGGAATAAAAG,0
AAACAGGGCATAGCTA,0
AAACAGGGGACCTGAG,0
AAACAGGGGAGAGGAC,0
AAACAGTAAAAGTACT,0
AAACAGTAACATAACA,0
AAACAGTAATATCAGC,0
AAACAGTATTGGAGTG,0
AAACAGTCAAAAAGTG,0
AAACAGTGTGCTAGTG,0
AAACAGTTATAAGAGT,0
AAACAGTTCCACATTT,0
AAACATAAAAAGCTAA,0
AAACATAAAGTGAAAC,0
AAACATAAATGTTTAA,0
AAACATAACTGTCATA,0
AAACATAAGCCAGCAT,0
AAACATAAGTATCTGA,0
AAACATAAGTTCCCTA,0
AAACATACAAACAGCT,0
AAACATACAGATACAT,0
AAACATACAGTATTTC,0
AAACATACCAAAGTGG,0
AAACATAGACAATAAT,0
AAACATAGCACACTGG,0
AAACATAGTAGCTAAA,0
AAACATATAAATCTAC,0
AAACATATAAGGTTCC,0
AAACATCAACCGTAAT,0
AAACATCAATGGGCCG,0
AAACATCAGTCAAGTA,0
AAACATCCAAATAGTA,0
AAACATCCAATAGCAT,0
AAACATCCCACTTTGA,0
AAACATCGAGTATAAT,0
AAACATCGGTGAGCTG,0
AAACATCGTGGCCTTC,0
AAACATCTAATAAGGG,0
AAACATCTAGTTCTTA,0
AAACATCTATAAAATC,0
AAACATCTCAAAATTC,0
AAACATCTTCAAAGAG,0
AAACATGAATGTTATA,0
AAACATGACACGATCC,0
AAACATGCGAATGATG,0
AAACATGTCCCTCTCA,0
AAACATTAAAGATAAA,0
AAACATTAATCATGCT,0
AAACATTACGAGTCTT,0
AAACATTACTGATCTG,0
AAACATTAGAAAGAAT,0
AAACATTAGAATGAGC,0
AAACATTCTTAACTGT,0
AAACATTCTTTAAAGC,0
AAACATTTGACACTAT,0
AAACATTTGAGATTTA,0
AAACCAAAATAATGTA,0
AAACCAAAATTACCCC,0
AAACCAAACAAATTTA,0
AAACCAAACGTAATAA,0
AAACCAAACTGGAAGA,0
AAACCAAATCAATATA,0
AAACCAAATCTACATA,0
AAACCAACACCTACAT,0
AAACCAACATGTTTGG,0
AAACCAACGAACTCAG,0
AAACCAACGACATCAC,0
AAACCAACTCTGCTGG,0
AAACCAACTTGACTCA,0
AAACCAAGATCCGCTG,0
AAACCAATAAACACCA,0
AAACCAATATATCCGA,0
AAACCAATGTAGCAAT,0
AAACCAATTCCATAGC,0
AAACCACAGCGAAATC,0
AAACCACCAAGCTTTA,0
AAACCACCCAAAACCG,0
AAACCACCCGTACTTT,0
AAACCACCGAATCTAC,0
AAACCACTAACGCACA,0
AAACCACTCCGAATTT,0
AAACCAGAGTTAACTT,0
AAACCAGCCCAGTAGT,0
AAACCAGCCCCAGTTC,0
AAACCAGCCTACCCTA,0
AAACCAGCTGTCAAAA,0
AAACCAGGCGAATTTA,0
AAACCAGGGATTTACC,0
AAACCAGTTTGAACAT,0
AAACCAGTTTTCTTGT,0
AAACCATACACTTTGA,0
AAACCATCATCAAAAT,0
AAACCATGCAAAAGCG,0
AAACCATGCAAAGATA,0
AAACCATGTCACAAGG,0
AAACCATGTTAAGTTC,0
AAACCATTAAAGGGGA,0
AAACCATTATTTACAG,0
AAACCCAACAATTTTA,0
AAACCCAACCATACCT,0
AAACCCAACCGATTGC,0
AAACCCAATTAGAGGG,0
AAACCCAGAAAGGATG,0
AAACCCATATGACAAT,0
AAACCCATATTCACTT,0
AAACCCATCCATTTAT,0
AAACCCCACGAGGTTA,0
AAACCCCAGACGCCTA,0
AAACCCCAGCGCTCAT,0
AAACCCCCAGCGACAC,0
AAACCCCCTAATCCAA,0
AAACCCCGTGACTGAA,0
AAACCCCTAAAACTCA,0
AAACCCCTGTATTTGC,0
AAACCCGAATAGTATT,0
AAACCCGAATGGATCG,0
AAACCCGATGAATCTG,0
AAACCCGATTTGCCCA,0
AAACCCGCCGACACGA,0
AAACCCGCTGCGGGAC,0
AAACCCGTCACATTTA,0
AAACCCTACCAGTTAC,0
AAACCCTGCAAACAAC,0
AAACCCTTAAACCAGT,0
AAACCCTTACCTCCAT,0
AAACCGAAAAAGTAAG,0
AAACCGACGCACCATG,0
AAACCGAGATCAGTTA,0
AAACCGATCCCCGAGA,0
AAACCGATCTTACGCT,0
AAACCGATGAAGCCGT,0
AAACCGATGAATACAA,0
AAACCGCACCCTAAAT,0
AAACCGCATCCCAATA,0
AAACCGCCCTCCCAAA,0
AAACCGCGAACCTGAA,0
AAACCGCGACCCGAAC,0
AAACCGGTTTTGATTC,0
AAACCGTAGAACGCAA,0
AAACCGTCAAAGCGGC,0
AAACCGTCATAACTAA,0
AAACCGTCATATAGGC,0
AAACCGTTTGTCTAAA,0
AAACCTAAAAAGAGAT,0
AAACCTAAGTATACAC,0
AAACCTACACACCACA,0
AAACCTACCGAAAGAA,0
AAACCTACCTCACAAA,0
AAACCTAGCACTATTA,0
AAACCTAGCTTTAACA,0
AAACCTATACATTCCA,0
AAACCTATATAACTGC,0
AAACCTATCTTATTTC,0
AAACCTATCTTGAAGT,0
AAACCTATTTTACCAG,0
AAACCTCAAACTGAAG,0
AAACCTCAAGTAATTA,0
AAACCTCCCTGGAAGT,0
AAACCTCCGCTACAAG,0
AAACCTCTAATGTACT,0
AAACCTCTATTCAAAA,0
AAACCTCTTATGACTG,0
AAACCTGAAACAGTGA,0
AAACCTGAGAATCTCT,0
AAACCTGAGCAATGGA,0
AAACCTGCACGAGTTC,0
AAACCTGCCGATGGTG,0
AAACCTGCGAATTTCT,0
AAACCTGGGGATTTAA,0
AAACCTGTAAAGTTAC,0
AAACCTTCTCAAGAAA,0
AAACCTTGTGCAACGG,0
AAACCTTTATGATTAT,0
AAACCTTTTCCCTTCC,0
AAACGAAACCCTATGA,0
AAACGAAAGCAAGTGC,0
AAACGAAATAATGTAT,0
AAACGAAATCCGTTCT,0
AAACGAAATCTGGGTT,0
AAACGAACATAAACTG,0
AAACGAACCTATATAT,0
AAACGAACGAAAAGTC,0
AAACGAACTATTATTG,0
AAACGAACTGATATCA,0
AAACGAAGACGGTACT,0
AAACGAAGCCGAAAGA,0
AAACGAAGCGAAAGGT,0
AAACGAAGGCATCATT,0
AAACGAATCTAATGTT,0
AAACGACCAAAGCATA,0
AAACGACTCGCAGGCT,0
AAACGAGCACATCAAG,0
AAACGAGCCGTGTCGC,0
AAACGAGCGAACAGCG,0
AAACGAGGTACCACTG,0
AAACGAGTGTAGGAGT,0
AAACGAGTTATAGCAC,0
AAACGATAAAAGACGC,0
AAACGATAACCGCAAA,0
AAACGATACCAACGTT,0
AAACGATCACGACCAC,0
AAACGATCCTATAAAC,0
AAACGATTCTCACAGA,0
AAACGATTCTTAGGTG,0
AAACGATTTGAACTCC,0
AAACGCAAAGCACTTC,0
AAACGCAAGAGTACAA,0
AAACGCACCAATCATA,0
AAACGCACTATGTGAG,0
AAACGCAGAACCAAAC,0
AAACGCAGAACTTTAA,0
AAACGCATTCCAACAG,0
AAACGCCAAGCTTCGG,0
AAACGCCACCCTAACG,0
AAACGCCAGACATCCG,0
AAACGCCCTGCTAAAA,0
AAACGCCCTTTAATCA,0
AAACGCCGGAACAAAG,0
AAACGCCTAACCTCTG,0
AAACGCGGAGTTCCCG,0
AAACGCTACAACGAAT,0
AAACGCTATCGATTGA,0
AAACGCTTTGGTGTAA,0
AAACGGAAAAGACTTA,0
AAACGGAAAAGGTCCT,0
AAACGGAATATAAGCA,0
AAACGGACACACCAAG,0
AAACGGACTTTGCACT,0
AAACGGAGGGTTGTGA,0
AAACGGATACCTAAAC,0
AAACGGCATAAGTAGA,0
AAACGGGCAATTAGGG,0
AAACGGGCCCGACCGA,0
AAACGGGCGTACACTC,0
AAACGGGTGACTAGCT,0
AAACGGGTGCAGTTAA,0
AAACGGTAATCTATTG,0
AAACGGTTCCATTCGT,0
AAACGTAAAATTCTGA,0
AAACGTAATTCGGCAC,0
AAACGTACCTTACTTA,0
AAACGTAGGTCAAATA,0
AAACGTATTGAAAACA,0
AAACGTCATAAACCGA,0
AAACGTCCGAGAATTA,0
AAACGTCCTTGAATCG,0
AAACGTCGATTAGCAA,0
AAACGTGAAACACTAC,0
AAACGTGATCTGAGAT,0
AAACGTGATTCTCAAC,0
AAACGTGTATATCTAG,0
AAACGTGTTACCGCTT,0
AAACGTTAAAAAGAAC,0
AAACGTTAACTAATCA,0
AAACGTTAGCAGAGAA,0
AAACGTTATTGTGCAG,0
AAACGTTCTGTAATCT,0
AAACGTTGCGAATCTT,0
AAACGTTTATATTTAA,0
AAACGTTTCTCGCGGC,0
AAACGTTTGGAAGGCT,0
AAACGTTTTCTTCGAT,0
AAACTAAAAACAACCT,0
AAACTAAAAATAATTG,0
AAACTAAACAAAGTTA,0
AAACTAAACACCTACC,0
AAACTAAACATCCAGA,0
AAACTAAACCGAATAA,0
AAACTAAAGGTTACAA,0
AAACTAAATCCTAAAT,0
AAACTAAATTCGAAAT,0
AAACTAAATTTATGAC,0
AAACTAACCACCCCAA,0
AAACTAACTAGACCCT,0
AAACTAACTATAACCC,0
AAACTAACTCTCCCGA,0
AAACTAAGGTATATAC,0
AAACTAAGTACACACT,0
AAACTAATACAATGAG,0
AAACTAATCAATTAAG,0
AAACTAATCACCCATT,0
AAACTAATCAGACGGT,0
AAACTACAATTTTTAT,0
AAACTACAGAAACACA,0
AAACTACAGCAGAACC,0
AAACTACATAAATCAA,0
AAACTACATACCTTAA,0
AAACTACATAGAGCAG,0
AAACTACCCAAACAAC,0
AAACTACCCAGATTGT,0
AAACTACCCCAAGTAA,0
AAACTACCCTAGATGT,0
AAACTACCCTATAGAA,0
AAACTACGAGGCGCCC,0
AAACTACGATAGTAAT,0
AAACTACTCGAGGCGT,0
AAACTACTCTTCCGTT,0
AAACTACTGTGCCCAA,0
AAACTACTTATCTCCC,0
AAACTAGAATCACCAT,0
AAACTAGACATTACAT,0
AAACTAGCCCTGAAAT,0
AAACTAGGTGCAGCGA,0
AAACTATAAAGTGATT,0
AAACTATAATTCCATT,0
AAACTATAGAACTGAC,0
AAACTATATCCCTAGC,0
AAACTATCATCTATGA,0
AAACTATCTATATTCA,0
AAACTATGAAAAAGAA,0
AAACTATGCATACCCC,0
AAACTATGGAAGGTAG,0
AAACTATTAAGACCGC,0
AAACTATTGAAAGCAC,0
AAACTATTGGCATAAT,0
AAACTATTTACATAAT,0
AAACTCAAAAAAAAAC,0
AAACTCAAACACTCAC,0
AAACTCAACAGATATC,0
AAACTCAAGATGTAAT,0
AAACTCAATATAACGG,0
AAACTCAATTACCACT,0
AAACTCACAACCATAT,0
AAACTCACAAGATGAC,0
AAACTCACAAGTTAGC,0
AAACTCACACTCGTAA,0
AAACTCACGCTCCACT,0
AAACTCACTTGACCCT,0
AAACTCAGACTTACGA,0
AAACTCAGCTATTCCC,0
AAACTCATAACCGCCT,0
AAACTCATCCCCGACC,0
AAACTCATCGTCCACC,0
AAACTCATTGTATGCA,0
AAACTCCAGAGTTGTA,0
AAACTCCATAAACGCC,0
AAACTCCCATAAAAAA,0
AAACTCCCTTATACTA,0
AAACTCCGCTATCTTG,0
AAACTCGTGTGCCTGA,0
AAACTCGTTAAGCCGC,0
AAACTCTAAGATGGAA,0
AAACTCTAATGTTTCT,0
AAACTCTAGTGTTTAA,0
AAACTCTGATCGAAGA,0
AAACTCTGTACTATAA,0
AAACTCTTACCGCCGG,0
AAACTCTTGATCTACG,0
AAACTGAAAAATTTAG,0
AAACTGAACCGTTCAA,0
AAACTGAATAAACTCC,0
AAACTGACTATACAGC,0
AAACTGAGGGACCTGC,0
AAACTGAGTGCCTAAC,0
AAACTGATACTCCAAT,0
AAACTGATCGTACATA,0
AAACTGATTCCCAAAG,0
AAACTGATTGTACCTA,0
AAACTGCACGAGTTTA,0
AAACTGCCCAAAATGC,0
AAACTGCTAAAACCTG,0
AAACTGCTATTTGGAT,0
AAACTGGAAACTTATA,0
AAACTGGAAGTAAGCC,0
AAACTGGAGGACTTAA,0
AAACTGGATGCTATAA,0
AAACTGGATGGTCCAA,0
AAACTGGATTACTCAC,0
AAACTGGTGAATCAAA,0
AAACTGTAACACTGAC,0
AAACTGTATTCATAAC,0
AAACTGTCAAAAGTAC,0
AAACTGTGACAATAAC,0
AAACTGTTCTGACAAG,0
AAACTGTTTTTTACTA,0
AAACTTAAAACTTACG,0
AAACTTAAAACTTGAA,0
AAACTTAAACTCTTCA,0
AAACTTAAAGTTGAAA,0
AAACTTAACAAAACAT,0
AAACTTAACTAGACTG,0
AAACTTACAATACAAT,0
AAACTTACATACTTTC,0
AAACTTACCGGGACAA,0
AAACTTACGTAGAAAT,0
AAACTTACTTCTAATT,0
AAACTTAGCCGAGTCG,0
AAACTTATAAACCACA,0
AAACTTATATACAAAC,0
AAACTTATTATGTATA,0
AAACTTCATAAATCTC,0
AAACTTCCATCATTAA,0
AAACTTCCTTCTGCTG,0
AAACTTCGATCGCATC,0
AAACTTCGCCAACAAA,0
AAACTTCGGTCATGTT,0
AAACTTCTTCGTCCAT,0
AAACTTGAACAATGGG,0
AAACTTGAATGAAAAT,0
AAACTTGATAAAAAAA,0
AAACTTGCATACAAGA,0
AAACTTGTCATTCTTT,0
AAACTTGTTGAGACAC,0
AAACTTGTTGATTTTA,0
AAACTTTAAACAGATA,0
AAACTTTAACACCGAT,0
AAACTTTACTAATAGA,0
AAACTTTAGAACCGTT,0
AAACTTTATGTCATAA,0
AAACTTTCAGCCTAGG,0
AAACTTTGCGACCAGG,0
AAACTTTGTTCCATAG,0
AAACTTTGTTTTCTGA,0
AAACTTTTAAAACCAA,0
AAACTTTTATAGTTCC,0
AAACTTTTCAAGGCAT,0
AAAGAAAAATAATGTG,0
AAAGAAAAGATTGCAG,0
AAAGAAAATCACACTC,0
AAAGAAAATTGGACTC,0
AAAGAAACATAGATCG,0
AAAGAAACATATTTAC,0
AAAGAAAGTAACTCTG,0
AAAGAAATCATTCGAA,0
AAAGAAATTACACGTA,0
AAAGAACAACACAGAG,0
AAAGAACACATTTAAC,0
AAAGAACACGATGAGC,0
AAAGAACAGATAAAAT,0
AAAGAACAGCACAAAA,0
AAAGAACAGCGTCATT,0
AAAGAACATAAGTCAG,0
AAAGAACATAATATTC,0
AAAGAACATAATGGTA,0
AAAGAACATAGCTAAG,0
AAAGAACCAAGACTGG,0
AAAGAACGAAACGGTT,0
AAAGAACGATAATAAG,0
AAAGAACTTATCTATC,0
AAAGAACTTTGCAATC,0
AAAGAAGAAAAGCACA,0
AAAGAAGAGCGGAGAA,0
AAAGAAGAGGTCGAGT,0
AAAGAAGGAATAAGCC,0
AAAGAAGGATACACTA,0
AAAGAAGTTAATTTTA,0
AAAGAATACACCAATG,0
AAAGAATACCCTAAAA,0
AAAGAATACTTAGAAC,0
AAAGAATCCAGGTACA,0
AAAGAATGCAGTTCAT,0
AAAGAATGTAGAAACA,0
AAAGAATTTCTTCAAG,0
AAAGACAAATGGCATA,0
AAAGACAACAAAATTG,0
AAAGACAACACCCAAA,0
AAAGACAACGGACGTA,0
AAAGACAACTCACGTC,0
AAAGACAAGGTGGAAG,0
AAAGACAATACACGTG,0
AAAGACACATGTTTAC,0
AAAGACACCCAATTAT,0
AAAGACAGAGAGTAGC,0
AAAGACAGTATCCAAG,0
AAAGACATAAAAAAAC,0
AAAGACATCTAAGAAG,0
AAAGACATCTGAGATA,0
AAAGACCAACATCAGA,0
AAAGACCAAGGAACAA,0
AAAGACCACAGAGTCC,0
AAAGACCAGGCGACCT,0
AAAGACCATAGAAATG,0
AAAGACCGCACGAGGT,0
AAAGACGACTTGCATT,0
AAAGACGAGAGAGAAG,0
AAAGACGATCATCATT,0
AAAGACGGCCCGTTAG,0
AAAGACGGTTAACCAA,0
AAAGACGTAACCACAT,0
AAAGACTAAAAACAGA,0
AAAGACTATGCCCAGG,0
AAAGACTCAATCGAAT,0
AAAGACTCACATTGGG,0
AAAGACTCTACACTCG,0
AAAGACTGAGAAATAC,0
AAAGACTTGCGGATAA,0
AAAGACTTTTTGTTGC,0
AAAGAGAACAGAGGCA,0
AAAGAGAACGCTTACC,0
AAAGAGACGTTTGACC,0
AAAGAGAGATTATGGA,0
AAAGAGAGCGCCTACG,0
AAAGAGCAAGTTGAAA,0
AAAGAGCAATAGGACG,0
AAAGAGCACCCTAGGC,0
AAAGAGCATACCTTTG,0
AAAGAGCCAAGATATA,0
AAAGAGCCAGGAAAAG,0
AAAGAGCTCAACCCAG,0
AAAGAGGAATTGCTCT,0
AAAGAGGCTGTTGCTC,0
AAAGAGTAGAGTCAAA,0
AAAGAGTATTTAAGAC,0
AAAGAGTGCGCTTACA,0
AAAGAGTGGAATAACC,0
AAAGAGTGGTAAACTC,0
AAAGAGTTACATAGAA,0
AAAGAGTTTTACAAAC,0
AAAGATAACTCTCATG,0
AAAGATAAGAAGTTTA,0
AAAGATAAGATTCAAA,0
AAAGATAAGCTTGAAA,0
AAAGATAATAATAAAG,0
AAAGATAATATCTATC,0
AAAGATACTAACCGTA,0
AAAGATACTAGTACAA,0
AAAGATAGAGTAATGA,0
AAAGATAGGTACATTC,0
AAAGATATCTTAAGCA,0
AAAGATATGGTCCAAA,0
AAAGATATTAATACAA,0
AAAGATATTGATAAAA,0
AAAGATATTGATTGAA,0
AAAGATATTGCTACCC,0
AAAGATCAGGCAATTC,0
AAAGATCAGTTCATAT,0
AAAGATCCACAAAAGA,0
AAAGATCCATACACAG,0
AAAGATCCGAAATTAG,0
AAAGATCCGCAAAATA,0
AAAGATCCGTAAGCAA,0
AAAGATCTAGCACCTC,0
AAAGATCTATGAGTAA,0
AAAGATCTCATCCATC,0
AAAGATGACAGAGGGT,0
AAAGATGACTGCTCCT,0
AAAGATGATTAAGCAC,0
AAAGATGGATAAGTTT,0
AAAGATGGGCACATTA,0
AAAGATGTACAGTAGA,0
AAAGATGTATAGTCTC,0
AAAGATGTTAATATGA,0
AAAGATGTTTATCCAC,0
AAAGATGTTTGGACGC,0
AAAGATTACTAATTCG,0
AAAGATTAGCACACAA,0
AAAGATTATAAGAAGC,0
AAAGATTATACAATCT,0
AAAGATTATCCTAAAG,0
AAAGATTATCGCTAGT,0
AAAGATTCATTTGACC,0
AAAGATTCCCGTACTG,0
AAAGATTGTAGACCGG,0
AAAGATTTAGAATTTA,0
AAAGCAAAAATACGAG,0
AAAGCAAAACACCGAT,0
AAAGCAAAATTTTTAA,0
AAAGCAAATTCTAAAT,0
AAAGCAACCTACCGTA,0
AAAGCAACGGCGCTAT,0
AAAGCAAGAACTACCC,0
AAAGCAAGACTGACAG,0
AAAGCAAGGTCGACTA,0
AAAGCAATAATACATA,0
AAAGCAATCGATCGGA,0
AAAGCAATCGCAGACA,0
AAAGCACATATCCTTG,0
AAAGCACATCAAGTCT,0
AAAGCACCTAAAACGT,0
AAAGCAGAAAACTACA,0
AAAGCAGACTAAAACT,0
AAAGCAGCTACTATAT,0
AAAGCAGCTATTAACT,0
AAAGCAGCTTAGCATC,0
AAAGCAGCTTCCATAC,0
AAAGCAGGATGATAAA,0
AAAGCAGGCACTACTT,0
AAAGCAGTAACCCTAG,0
AAAGCATAAGTGTATA,0
AAAGCATACACCAGTT,0
AAAGCATAGGGTAACT,0
AAAGCATCATGCTACT,0
AAAGCATCCTCTTGTA,0
AAAGCATCTAAACAGG,0
AAAGCATGAATTAAAA,0
AAAGCATGACACACAA,0
AAAGCCACGTGAAGTA,0
AAAGCCAGATAAAGTA,0
AAAGCCAGGTTTCACC,0
AAAGCCATCGCGAGTC,0
AAAGCCCAACGGCAGA,0
AAAGCCCGTCATTTAG,0
AAAGCCCTAAATAGAT,0
AAAGCCCTTTAGTAAA,0
AAAGCCGAGGTCAACA,0
AAAGCCGCAGATATTC,0
AAAGCCTAATTCCCTT,0
AAAGCCTATCTGTCAA,0
AAAGCCTCATCAATAA,0
AAAGCCTCATTATTGT,0
AAAGCCTCTGACGAAG,0
AAAGCCTTTGCTCAAC,0
AAAGCGAATTTGCACA,0
AAAGCGACAGATTATA,0
AAAGCGACCATGTTTA,0
AAAGCGAGATAATACA,0
AAAGCGAGATGGACGC,0
AAAGCGAGCTCTATCG,0
AAAGCGCCAGCCCCAT,0
AAAGCGCTAAAGAGAT,0
AAAGCGCTGAGTCATA,0
AAAGCGGAAACTAACT,0
AAAGCGGAAGGACTGG,0
AAAGCGTACAATACAC,0
AAAGCGTAGGACGAAA,0
AAAGCGTATATAAAAT,0
AAAGCGTCAACGGATT,0
AAAGCTAAATTTGAAT,0
AAAGCTAACAGCACAG,0
AAAGCTATACCCCTTA,0
AAAGCTATCCCACCAA,0
AAAGCTATGACACGGC,0
AAAGCTCAATAAAATG,0
AAAGCTCGAAAATCTA,0
AAAGCTGACAAAGCTA,0
AAAGCTGAGTACGCTC,0
AAAGCTGCATACTGAC,0
AAAGCTGGCGCCGTTC,0
AAAGCTTGAACTTTAA,0
AAAGCTTGTACCCGTA,0
AAAGCTTTACATATAA,0
AAAGCTTTAGCAGGAT,0
AAAGGAAAAATTTTAA,0
AAAGGAAAAGAATTAC,0
AAAGGAACTACCCAAC,0
AAAGGAACTTTAACAC,0
AAAGGAATAACTGAAT,0
AAAGGAATAGATATCT,0
AAAGGAATAGATGCTT,0
AAAGGAATCAAGCATG,0
AAAGGAATCAGTATAA,0
AAAGGAATCAGTATGC,0
AAAGGAATGAGGTCTT,0
AAAGGAATGGACATAA,0
AAAGGACACTGAATTC,0
AAAGGACATAATACAC,0
AAAGGACCGAACTGAT,0
AAAGGACGCTTAGCTC,0
AAAGGACGTGTTACGT,0
AAAGGAGAAAACAGAC,0
AAAGGAGCAAATAAAA,0
AAAGGAGCAATCGTAC,0
AAAGGAGCAGCAATTA,0
AAAGGAGCTACATTAA,0
AAAGGAGGATGTGGTA,0
AAAGGAGGATTCGAAG,0
AAAGGAGGTGATGTAT,0
AAAGGAGTACATAATC,0
AAAGGAGTATTCTAAT,0
AAAGGATAAAATTTAA,0
AAAGGATAATCACGCC,0
AAAGGATACTTAATAA,0
AAAGGATATAATTTCA,0
AAAGGATATAGCATAT,0
AAAGGATCCCAATCCT,0
AAAGGATCTGGAAACT,0
AAAGGATGAAAGCAAA,0
AAAGGATGGAGAAAAA,0
AAAGGATTCATCAGTT,0
AAAGGCAACAAACCAC,0
AAAGGCAACGGAACAA,0
AAAGGCAACTACAATA,0
AAAGGCAACTTATTTG,0
AAAGGCAGACGCAAGC,0
AAAGGCAGTTCGCTTA,0
AAAGGCATCAGGCTTG,0
AAAGGCCACGTTACAC,0
AAAGGCCATAGAAACT,0
AAAGGCCGACAGCAAC,0
AAAGGCGGGCTCGTAT,0
AAAGGCGTAAGAAGGG,0
AAAGGCTAGAAGGCCG,0
AAAGGCTCAAAAAAAC,0
AAAGGCTGAGAAGAAT,0
AAAGGCTTATTACTAG,0
AAAGGGAATCTACACG,0
AAAGGGACTTCAATAC,0
AAAGGGCAAAAGCGCC,0
AAAGGGCACGAGCGAT,0
AAAGGGCCAATCCACG,0
AAAGGGCCCAGTGCCT,0
AAAGGGCCGAAACAAG,0
AAAGGGCTATAACGCA,0
AAAGGGCTGATAGATA,0
AAAGGGGAACTTCAAA,0
AAAGGGGCACTAAGCG,0
AAAGGGGTATAAGGCT,0
AAAGGGGTTCAGTCAG,0
AAAGGGTAACGGGAAT,0
AAAGGGTACAAGTTAG,0
AAAGGGTGGGCTCAAA,0
AAAGGGTTTAAAGCTG,0
AAAGGTCAACGCCGAT,0
AAAGGTCACCCCCGGT,0
AAAGGTCTTTATTAGA,0
AAAGGTGCCTGGATGT,0
AAAGGTGGATGTGACA,0
AAAGGTTAAAATAAAT,0
AAAGGTTAAATTATTT,0
AAAGGTTACAGTCCGG,0
AAAGGTTATGCTACAA,0
AAAGGTTCCCCCTTCA,0
AAAGGTTGCACGAGTT,0
AAAGTAAAAATAAAGA,0
AAAGTAAAAGTCGCGA,0
AAAGTAAAATTACCTA,0
AAAGTAAACCAGTCAT,0
AAAGTAAAGTGAGGAG,0
AAAGTAAATGCAACGT,0
AAAGTAAATTGACAGT,0
AAAGTAACAAAATTAT,0
AAAGTAACCCAGAGTC,0
AAAGTAACCCTATAAT,0
AAAGTAAGAACTCTCA,0
AAAGTAAGCTGTTTGC,0
AAAGTAATACCTAGAT,0
AAAGTACAAACGTAAA,0
AAAGTACAATAATGAT,0
AAAGTACAATGCAGTC,0
AAAGTACACGAGTTCC,0
AAAGTACACTATAGCA,0
AAAGTACAGCAAAAAA,0
AAAGTACATCAAAGAA,0
AAAGTACCAAAATAAG,0
AAAGTACCATGAGATA,0
AAAGTACGAAGATCCC,0
AAAGTACGATAGACCG,0
AAAGTACGATGAGTAT,0
AAAGTACTGACTATGC,0
AAAGTAGAAGATGGAC,0
AAAGTAGACCTGAAGA,0
AAAGTAGATACGAGTA,0
AAAGTATAAGTACAAA,0
AAAGTATATCGAGTTA,0
AAAGTATCAGATGTAC,0
AAAGTATCCTAAGCCC,0
AAAGTATGAATCTTAG,0
AAAGTATTACTTACAA,0
AAAGTCAAAAGACGAC,0
AAAGTCAAAGAAATAA,0
AAAGTCACACTCAGCA,0
AAAGTCACAGGATTTT,0
AAAGTCACTAATACAC,0
AAAGTCACTGAAACCC,0
AAAGTCAGAGAAACAT,0
AAAGTCAGGTGGTCTT,0
AAAGTCATAGCTCCTG,0
AAAGTCCCATTCCTGT,0
AAAGTCCGCTCTGAGG,0
AAAGTCCTAACGACTA,0
AAAGTCCTAGTTAAAA,0
AAAGTCCTGCAAAAGG,0
AAAGTCCTTAATTACC,0
AAAGTCGAAAAATAAA,0
AAAGTCGAAAGGACAG,0
AAAGTCGGGATACCCC,0
AAAGTCTAAAAACACT,0
AAAGTCTAAACTAAAA,0
AAAGTCTACTTTTGAA,0
AAAGTCTCAAAAAAGC,0
AAAGTCTCCAAACAAT,0
AAAGTCTGAACTATGG,0
AAAGTCTTAGTGATAC,0
AAAGTCTTCTACCACT,0
AAAGTCTTCTCCCCCA,0
AAAGTGAAAATATAAT,0
AAAGTGAAAATCAAAA,0
AAAGTGAAGAAGGAAA,0
AAAGTGAAGTTCAGGA,0
AAAGTGATAGGCCGAA,0
AAAGTGCAAGAGACGC,0
AAAGTGCCAGTTTGTA,0
AAAGTGCCATTGTTGA,0
AAAGTGGATTCTACCC,0
AAAGTGTAAAGCCATA,0
AAAGTGTATTGGGAAG,0
AAAGTGTTTATAACAT,0
AAAGTTAAAGAAAGAA,0
AAAGTTAACCAGTCTA,0
AAAGTTAATTGCGTAC,0
AAAGTTACATCCACAA,0
AAAGTTACCCCCTCGA,0
AAAGTTACGCATAGAA,0
AAAGTTACGGAATAAC,0
AAAGTTACTTAAGGAA,0
AAAGTTAGCCATACTA,0
AAAGTTAGTAACGGGC,0
AAAGTTAGTAATATAC,0
AAAGTTATAGGTCCAT,0
AAAGTTATTCATCATC,0
AAAGTTCAACGAATTG,0
AAAGTTCCCATGCGGT,0
AAAGTTGAATTTTGTC,0
AAAGTTGACACGTGCG,0
AAAGTTGACCCTTTCC,0
AAAGTTGATCAACAAC,0
AAAGTTGCACACATAA,0
AAAGTTGGAATTCGCA,0
AAAGTTGTATCAGCAT,0
AAAGTTGTCTTAACAC,0
AAAGTTGTGGGCTTAA,0
AAAGTTTATTACGATA,0
AAAGTTTCAACATATT,0
AAAGTTTTAATCGAAC,0
AAAGTTTTATAATCAA,0
AAAGTTTTGCATTAAA,0
AAATAAAAAAAAGTGG,0
AAATAAAAAAACCTGT,0
AAATAAAAAAAGTAGC,0
AAATAAAAAACACATA,0
AAATAAAATCCACGTG,0
AAATAAAATTTAATGG,0
AAATAAACAACAATTG,0
AAATAAACACGATTTC,0
AAATAAACAGGCAACG,0
AAATAAACGTAGTACA,0
AAATAAAGATTACTCC,0
AAATAAAGTAACCATC,0
AAATAAAGTAACGACC,0
AAATAAAGTACTCAGG,0
AAATAAATAACACAAA,0
AAATAAATAACATGAC,0
AAATAAATATCGATAA,0
AAATAAATGTATAGTG,0
AAATAAATTAACACGC,0
AAATAAATTCACATCA,0
AAATAACAAAATCCAT,0
AAATAACACCTCTAAA,0
AAATAACACCTGATCA,0
AAATAACAGGACCAAA,0
AAATAACATCTAGTAA,0
AAATAACATTTACCCT,0
AAATAACCAAACTGGT,0
AAATAACCACTCGAAT,0
AAATAACCATGTTAAC,0
AAATAACGAAGACCGG,0
AAATAACGAAGCAATT,0
AAATAACGAATAAAAA,0
AAATAACGGTAAACCG,0
AAATAACGGTAAATCT,0
AAATAACTAAAAGCTA,0
AAATAACTAAATGAAA,0
AAATAACTAACATATT,0
AAATAACTAACCCAAA,0
AAATAACTACATAACA,0
AAATAACTATAACGAA,0
AAATAACTGACCAGAA,0
AAATAACTTCAAGATG,0
AAATAAGATCCGCCAA,0
AAATAAGATTCCCGCC,0
AAATAAGATTTTCAGA,0
AAATAAGCAAAAATGT,0
AAATAAGCAACATCAC,0
AAATAAGCACATAATT,0
AAATAAGCATAGTCGA,0
AAATAAGCTACTGTAC,0
AAATAAGTAATTGAAA,0
AAATAAGTATGCGAAG,0
AAATAATAAGAGTCTT,0
AAATAATAAGGCTAAG,0
AAATAATAATGATCGA,0
AAATAATACTTAGCGT,0
AAATAATCAAAGATAC,0
AAATAATCAACCAGAA,0
AAATAATCACCACGTA,0
AAATAATCCAAGGATC,0
AAATAATCGGTCAATA,0
AAATAATGACTAGTTC,0
AAATAATGACTGAATA,0
AAATAATGCCATTAAT,0
AAATAATGGTAAATTG,0
AAATAATGTCCCGGCT,0
AAATAATGTTAAAATC,0
AAATAATTAAAAGATC,0
AAATAATTAAAGGGAA,0
AAATAATTCAAATCGC,0
AAATACAAAAAATTTA,0
AAATACAAAACGCACC,0
AAATACAAAACGGGCG,0
AAATACAACGGCCAAA,0
AAATACAACGTCGAGA,0
AAATACAACTTGCTTG,0
AAATACAACTTTCTTC,0
AAATACAATGAAATTT,0
AAATACAATGGTTATT,0
AAATACACAAACACCA,0
AAATACACTAATATTC,0
AAATACAGAAAATTTG,0
AAATACAGATTGTCTT,0
AAATACAGCATAACTA,0
AAATACAGGATATAAG,0
AAATACATAACAACGT,0
AAATACATATAATATA,0
AAATACATATTAAGCA,0
AAATACATCAATTCCA,0
AAATACATCTTGACAT,0
AAATACATTGTAGCGT,0
AAATACATTTAAAACT,0
AAATACCAAAATACGC,0
AAATACCAAATCACCG,0
AAATACCAACACCAAT,0
AAATACCACAAGAAAG,0
AAATACCAGATATTGC,0
AAATACCAGGACTTGC,0
AAATACCCAAGCAAGC,0
AAATACCCCCAGATAT,0
AAATACCCCTTACGGT,0
AAATACCCGCTGAATA,0
AAATACCGTGCCCAAA,0
AAATACCTCCCCTATG,0
AAATACCTCGGTAGAG,0
AAATACCTGTAGGTAG,0
AAATACGAATGCATGT,0
AAATACGACCTGAGTC,0
AAATACGACGAATCAT,0
AAATACGAGACAAGAA,0
AAATACGATTATAAAA,0
AAATACGCAAAACACA,0
AAATACGCCAAAATAA,0
AAATACGGACTCAATA,0
AAATACGGCTCCAACA,0
AAATACGGGAGATGCG,0
AAATACGGGCTGATAT,0
AAATACGGTCGTTAAA,0
AAATACGTCCAGCGCA,0
AAATACGTTCATTAAG,0
AAATACTAACCTCTAT,0
AAATACTAGACAAAGC,0
AAATACTATCTCAAGA,0
AAATACTCTACCGTTG,0
AAATACTGCAGAGCCT,0
AAATACTGGCTATTGC,0
AAATACTTAAGGACAA,0
AAATACTTAGGGCAAA,0
AAATACTTCCGGACCC,0
AAATACTTCCTTATAG,0
AAATACTTCGATTGTA,0
AAATACTTCTGAACGA,0
AAATACTTTAGATGAT,0
AAATAGAAATTACTCG,0
AAATAGAACAAAACTC,0
AAATAGAACGACAAAA,0
AAATAGAAGAAAGGTT,0
AAATAGAATAATTATA,0
AAATAGACCTGCCCAA,0
AAATAGACGAAAAATA,0
AAATAGAGTTTAAGCC,0
AAATAGATATAACTTT,0
AAATAGATGTTTGAAC,0
AAATAGATTACTATAT,0
AAATAGATTGTCGAAT,0
AAATAGCAACAGACCT,0
AAATAGCCAATAAATA,0
AAATAGCGCAGAACCG,0
AAATAGCGCGATACAA,0
AAATAGCTGGAAGATG,0
AAATAGCTGTAATACT,0
AAATAGCTTGGATCTA,0
AAATAGGAATAGTTTA,0
AAATAGGCCATAAATA,0
AAATAGGCCTTCGGAT,0
AAATAGGCGACATTGC,0
AAATAGGGATTGGCTT,0
AAATAGGGTGGAATAA,0
AAATAGGTCACCGCAA,0
AAATAGGTGATATATG,0
AAATAGGTGATATCCT,0
AAATAGGTGCAAAAAG,0
AAATAGGTGCTGACTT,0
AAATAGTAAGCGCAAA,0
AAATAGTAGAGACTAG,0
AAATAGTCTAGATGGG,0
AAATAGTCTATGTAAC,0
AAATAGTGTAAAAAAT,0
AAATAGTTCCAAATTC,0
AAATAGTTTGTACGGT,0
AAATATAAAAAATCGC,0
AAATATAAAAACGCAA,0
AAATATAAAGACTGTT,0
AAATATAAATCCATCC,0
AAATATAAATGGATGG,0
AAATATAACCTCAACT,0
AAATATAACGGGAAAA,0
AAATATAACTAAAACA,0
AAATATAAGCACAAGT,0
AAATATAAGTCCAAAA,0
AAATATAATCATCTCT,0
AAATATACAATCCTAA,0
AAATATACACAATTGG,0
AAATATACGTTGAGGA,0
AAATATAGAAAACTAA,0
AAATATAGTGTTGCGC,0
AAATATATAAATCTGT,0
AAATATATAAGAATCT,0
AAATATATATTCCGAA,0
AAATATATCCTAAACA,0
AAATATATCTAATTGC,0
AAATATATTACGGCAT,0
AAATATATTACTAAGA,0
AAATATCAAAAACCTA,0
AAATATCAACGCGGAG,0
AAATATCACAAGTCAG,0
AAATATCACCATCGGG,0
AAATATCAGAGTAGCT,0
AAATATCCCCTCACGC,0
AAATATCCCGTACGAA,0
AAATATCGATTGACAC,0
AAATATCGCGTCAAAA,0
AAATATCTATATACGA,0
AAATATCTCTTTGAAT,0
AAATATGAGCTCATAA,0
AAATATGATACCCTAG,0
AAATATGATATTGACC,0
AAATATGATTGTTCGG,0
AAATATGATTTTGTTT,0
AAATATGGAACACACG,0
AAATATGTATGAATGT,0
AAATATGTGAAAGCTC,0
AAATATTAACCACTAT,0
AAATATTAAGAGAGAT,0
AAATATTAAGCGCACA,0
AAATATTACAGATCAC,0
AAATATTCAATCGACG,0
AAATATTCACGCGACT,0
AAATATTCACTAGACA,0
AAATATTCGATGAGTT,0
AAATATTCGTACATGC,0
AAATATTCTATCTATA,0
AAATATTGATGATTAC,0
AAATATTGGATGTCAA,0
AAATATTGTCGTTTCT,0
AAATATTGTCTTTCTT,0
AAATATTTAACTTTCG,0
AAATATTTACATGTCA,0
AAATATTTTTTGCCGG,0
AAATCAAAAAGACGAA,0
AAATCAAAAAGTGTTA,0
AAATCAAAAATACCGC,0
AAATCAAAAGCTTAAA,0
AAATCAAAAGTGGGAT,0
AAATCAAAATGCCACC,0
AAATCAAAGTCCCCAC,0
AAATCAACATCCAACC,0
AAATCAACATTTCCAA,0
AAATCAACCAATAACC,0
AAATCAACTACAAAAA,0
AAATCAACTCCCACCG,0
AAATCAACTTGACTAA,0
AAATCAAGACAGAAAT,0
AAATCAAGTCGCCGGT,0
AAATCAAGTTCGCCCA,0
AAATCAATATATACCG,0
AAATCAATGAAATGGT,0
AAATCAATGCGTATAG,0
AAATCACAAACGATGA,0
AAATCACAAAGAACGG,0
AAATCACAATAGTAAC,0
AAATCACAATGGTGTT,0
AAATCACCATAATTCT,0
AAATCACGGGAATTGG,0
AAATCACGTCTACTCG,0
AAATCACGTGACACCG,0
AAATCAGAGATTTCAC,0
AAATCAGCCCTACAAC,0
AAATCAGGAGTGAGGG,0
AAATCAGGCACAAGAC,0
AAATCAGGTGCCTAGA,0
AAATCAGGTGTAAGAC,0
AAATCAGTAATTTCTA,0
AAATCAGTCCATATAT,0
AAATCATAGAACTTTC,0
AAATCATAGCTATCAT,0
AAATCATAGGGCAGCT,0
AAATCATATCCAGAAG,0
AAATCATATTATGGAT,0
AAATCATCACTATGCT,0
AAATCATCTAGGGACA,0
AAATCATGAGTCACTG,0
AAATCATGGCCAAAGG,0
AAATCATGTAAGCTTC,0
AAATCATTAAACGAAT,0
AAATCATTAGGTAACA,0
AAATCATTCAAAGTGA,0
AAATCATTCGTAGATG,0
AAATCATTCTGAAACG,0
AAATCCAAACCTTAGC,0
AAATCCAAATCGAGAT,0
AAATCCAACGAAAATA,0
AAATCCAAGTCATGGA,0
AAATCCAATGCAAAAT,0
AAATCCAATTGAATTC,0
AAATCCACAACAGTCC,0
AAATCCACCATAATGA,0
AAATCCACCGTAATGA,0
AAATCCACGGACAGGA,0
AAATCCACTTCATAAC,0
AAATCCAGAACGAGCA,0
AAATCCAGAATCAATG,0
AAATCCATACAGAAGT,0
AAATCCATGTGGGCAA,0
AAATCCATGTTATGAC,0
AAATCCATTCCAGGTG,0
AAATCCCAAAATGTTC,0
AAATCCCACACTTGCT,0
AAATCCCAGAGTGGGC,0
AAATCCCAGATGCCAA,0
AAATCCCAGTAAATCC,0
AAATCCCCACAAGCTA,0
AAATCCCCTAGTAAGC,0
AAATCCCGTAGTCTGA,0
AAATCCCTGTCCTAAG,0
AAATCCGAAAACAAAA,0
AAATCCGCCCCACCAC,0
AAATCCGCGCTATTAT,0
AAATCCGGAAACACCT,0
AAATCCGTCTAAGCAT,0
AAATCCTAAGAATCTT,0
AAATCCTAGGTTCCTA,0
AAATCCTATCGATGAT,0
AAATCCTCGTTAAGAA,0
AAATCCTCTCCATAAC,0
AAATCCTTAATCAGTA,0
AAATCGAAAGGACAAA,0
AAATCGAACAAGAATA,0
AAATCGAACTAGAACA,0
AAATCGAATTATGCCA,0
AAATCGAATTTAACAA,0
AAATCGACCAAATTCA,0
AAATCGACTTAGATGG,0
AAATCGACTTCAAACT,0
AAATCGAGAATCAACG,0
AAATCGAGACTTGAAA,0
AAATCGAGAGAATTTT,0
AAATCGAGATACACTG,0
AAATCGAGTAACTAAA,0
AAATCGATCGAAAAGA,0
AAATCGATGACAATGA,0
AAATCGCAAATTACCG,0
AAATCGCAATTCCCTA,0
AAATCGCAGAAAACAC,0
AAATCGCAGGGGAATC,0
AAATCGCCAGACTAGC,0
AAATCGCCCCAACCGT,0
AAATCGCGTCTACGAA,0
AAATCGCTAATAATGT,0
AAATCGGAAACTATTC,0
AAATCGGACGATACCC,0
AAATCGGACTGCGAAA,0
AAATCGGCCTTTAAAA,0
AAATCGGCTTATTTGC,0
AAATCGGGACATCAGC,0
AAATCGGGTGACGATG,0
AAATCGTAAACTCATA,0
AAATCGTACTAAGAAA,0
AAATCGTAGATATCAA,0
AAATCTAAACGCTTCA,0
AAATCTACACTACCAT,0
AAATCTACGGTACCTA,0
AAATCTACTTACAGAA,0
AAATCTAGACCCATTG,0
AAATCTAGGCTAATCG,0
AAATCTATAAAATCCG,0
AAATCTATCCCAAACG,0
AAATCTATCGTTTGTA,0
AAATCTATTAGACACG,0
AAATCTCAGCAATCAA,0
AAATCTCAGTGAAACA,0
AAATCTCCAAGTGCAC,0
AAATCTCCTAATGCGA,0
AAATCTCCTAGACGCC,0
AAATCTCCTCATTGAA,0
AAATCTCCTCCCGCGT,0
AAATCTCGAGTTGTAG,0
AAATCTCGCCACTCTA,0
AAATCTCGTTTATAGG,0
AAATCTCTAAATAATC,0
AAATCTCTATGCATAA,0
AAATCTGAAGGCTCAT,0
AAATCTGCCAGTAATG,0
AAATCTGGAGGTTCAA,0
AAATCTGGCATAAAAT,0
AAATCTGGTAAAAAAA,0
AAATCTGTACAGATGC,0
AAATCTGTATGACGAC,0
AAATCTGTTACTAGGA,0
AAATCTTAAAAAAATA,0
AAATCTTAACAGCAAC,0
AAATCTTAAGATGTAG,0
AAATCTTACAAGTAAA,0
AAATCTTACTGGGTGC,0
AAATCTTAGAGAACTC,0
AAATCTTATATGAACG,0
AAATCTTCCCATTCTA,0
AAATCTTCCGCTATTA,0
AAATCTTCCTTCCAAA,0
AAATCTTCGAACAGTA,0
AAATCTTCTAATTTCT,0
AAATCTTGCACGAAAT,0
AAATCTTTCTTACTCA,0
AAATGAAAAAGCATTC,0
AAATGAAAAATTTTAA,0
AAATGAAAACACGACA,0
AAATGAAAACAGATTT,0
AAATGAAAGTGAGAGA,0
AAATGAAATCACGAAA,0
AAATGAACAGAAAGCT,0
AAATGAACCCAACACA,0
AAATGAACGGCTTCAG,0
AAATGAACTAGCGCAC,0
AAATGAACTGGCCGAG,0
AAATGAAGACACTGAA,0
AAATGAAGCCCTTAGT,0
AAATGAAGTAGTAAAT,0
AAATGAATAGTAACGA,0
AAATGAATCAAAAGTA,0
AAATGACAAAACATTA,0
AAATGACAACAACACA,0
AAATGACAATAACCCA,0
AAATGACAGACGGGCC,0
AAATGACAGTTGAATT,0
AAATGACCAAGTGTTG,0
AAATGACCAGTAGGCT,0
AAATGACCCTGATTAA,0
AAATGACCGCCCTCAC,0
AAATGACCGTTCCGGT,0
AAATGACGATTGAGGG,0
AAATGACTAAGTAAGC,0
AAATGACTATTTTAAA,0
AAATGACTCCTGCGTG,0
AAATGACTTATCGTAT,0
AAATGAGAAAAAATTT,0
AAATGAGAAAATTTGC,0
AAATGAGAACCGTTCA,0
AAATGAGAATGCTTAC,0
AAATGAGAATGTCAAC,0
AAATGAGAGTTGAATG,0
AAATGAGCATTGCAGA,0
AAATGAGCCTTTGAAT,0
AAATGAGCTACATCTT,0
AAATGAGCTATTACGT,0
AAATGAGGTTTTCTGA,0
AAATGATACAGTACTG,0
AAATGATAGATTAGGA,0
AAATGATCACAACGAC,0
AAATGATCAGAATACC,0
AAATGATCATCCATAC,0
AAATGATCCTGCTGCG,0
AAATGATCGAAAGGCT,0
AAATGATGGACAACAC,0
AAATGATTAAACCTTA,0
AAATGCAAAGTCGGGG,0
AAATGCAAATGAAAAT,0
AAATGCAAGAACCTAA,0
AAATGCAAGGGTTAGA,0
AAATGCAATTGCTTTA,0
AAATGCACATAATGAA,0
AAATGCACCAGCCTCT,0
AAATGCACGCTGGTCA,0
AAATGCAGAAATGGAA,0
AAATGCAGCCAAGCGA,0
AAATGCAGGTATCTCA,0
AAATGCATTTTTGACC,0
AAATGCCCAAACAGTA,0
AAATGCCCACCTTTTA,0
AAATGCCCCAAGCTAT,0
AAATGCCCGTGCTAAA,0
AAATGCCTCCAAACAA,0
AAATGCCTTAGGTGAC,0
AAATGCGAGCAACTTC,0
AAATGCGCAAGTACGG,0
AAATGCGCTTCTATGA,0
AAATGCTATTGCACAC,0
AAATGCTCTAACACTT,0
AAATGCTCTGTGTAAT,0
AAATGCTGTTATCAGA,0
AAATGCTTAAAATCCC,0
AAATGGAAATATTATC,0
AAATGGAATAGTATTA,0
AAATGGAGCATGAACT,0
AAATGGATAAATTCCG,0
AAATGGATAGACGACG,0
AAATGGATCGACGACA,0
AAATGGATTTTGAGCT,0
AAATGGCCCCACAACA,0
AAATGGCCCCGCCATA,0
AAATGGCGGGGATATT,0
AAATGGCTATTCAACA,0
AAATGGCTTATACATT,0
AAATGGCTTCCTTAAC,0
AAATGGCTTTACGACA,0
AAATGGGAGTTACAAC,0
AAATGGGCCGACATGT,0
AAATGGGCCGTATACC,0
AAATGGTACGACGTGA,0
AAATGGTTATAAATTA,0
AAATGGTTCGTAAAGT,0
AAATGGTTGTCGCACA,0
AAATGTACAAAAACTA,0
AAATGTACGAAAAACA,0
AAATGTACTCAGTGCA,0
AAATGTACTGGGACCT,0
AAATGTACTGTGGAGA,0
AAATGTAGAAGGTAAA,0
AAATGTAGAAGTTATT,0
AAATGTAGTGGTGCGC,0
AAATGTAGTTTAACAA,0
AAATGTATCCCCAGCC,0
AAATGTATCTAGACAA,0
AAATGTATGTAGAGAC,0
AAATGTATTACAAGTT,0
AAATGTCGCCCCTAAA,0
AAATGTCGGTTAAAAC,0
AAATGTCTAACAATCG,0
AAATGTCTTCCCAGTA,0
AAATGTGAAATTCGAA,0
AAATGTGCTCAACACA,0
AAATGTTAAAACATAA,0
AAATGTTAAATAGACA,0
AAATGTTAACGGTACC,0
AAATGTTAACTAATAC,0
AAATGTTAATAAAAAA,0
AAATGTTAATACGCTC,0
AAATGTTAATTTAGAT,0
AAATGTTATATGCAAC,0
AAATGTTATCCCTTCG,0
AAATGTTCGAATGCTA,0
AAATGTTTATGCTACC,0
AAATGTTTTAGCAACA,0
AAATTAAAAACATCAT,0
AAATTAAAAAGACCGT,0
AAATTAAAAAGTAGCT,0
AAATTAAAATCACTAC,0
AAATTAAAATCACTAT,0
AAATTAAACCGAAAAT,0
AAATTAAAGTTAATCA,0
AAATTAACATCAAATC,0
AAATTAACTCCTTTTC,0
AAATTAAGAAGGACAA,0
AAATTAAGACAAATGT,0
AAATTAAGACCACCAA,0
AAATTAAGATCGAAAT,0
AAATTAAGCGCCAAAT,0
AAATTAATAGAAAAAT,0
AAATTAATCACAAGAA,0
AAATTAATTATAATAA,0
AAATTAATTCTTAGTC,0
AAATTAATTGCAAACT,0
AAATTAATTGTAAAAA,0
AAATTAATTTACCCTG,0
AAATTACAATGAGACA,0
AAATTACACGACGGTC,0
AAATTACATACACGAC,0
AAATTACCAATTTTAA,0
AAATTACCACACTCAA,0
AAATTACCGCTCCTAA,0
AAATTACCTCAGGGTA,0
AAATTACGAAAGGTTA,0
AAATTACTCAAGTAAC,0
AAATTACTCGTGAGCG,0
AAATTAGAGCCCAATT,0
AAATTAGCCGGTTACA,0
AAATTAGGGTTACTCA,0
AAATTAGTTATGCATT,0
AAATTATAAGACCCGT,0
AAATTATATAATAAGA,0
AAATTATATCAAAGCT,0
AAATTATATTTATTCA,0
AAATTATCAATATGGC,0
AAATTATCGAGCAGAA,0
AAATTATCGCTTATGT,0
AAATTATCGGATGATC,0
AAATTATCTTCATACA,0
AAATTATGGAAAAAAA,0
AAATTATTAACAGACC,0
AAATTATTCAGGCTGG,0
AAATTATTCATTGAGA,0
AAATTATTGCACCACT,0
AAATTATTTAGTACTA,0
AAATTCAAAAAAAATT,0
AAATTCAATATCCACG,0
AAATTCACACCCAGGA,0
AAATTCACCCGCGATA,0
AAATTCAGAAAAGAAC,0
AAATTCAGACGACACG,0
AAATTCAGGAACAGAT,0
AAATTCAGTAAAATTC,0
AAATTCAGTCTCATCC,0
AAATTCATACCTTATA,0
AAATTCATATTGGTGT,0
AAATTCATTCTGGATT,0
AAATTCCAAAACTATG,0
AAATTCCAAAATGGCA,0
AAATTCCAAGAAATAA,0
AAATTCCCAACACTAT,0
AAATTCCCAATTTGGC,0
AAATTCCCGCGAACAA,0
AAATTCCCGGACTGAC,0
AAATTCCCTCGTTAGG,0
AAATTCCTATACAAAT,0
AAATTCCTCACAATTA,0
AAATTCCTTGGATATT,0
AAATTCGAACCAATAG,0
AAATTCGGAACAGCGC,0
AAATTCGTGAAAAACC,0
AAATTCGTGCAGGTTA,0
AAATTCTAAATTGGAA,0
AAATTCTACATCGGGG,0
AAATTCTAGTAAATAT,0
AAATTCTAGTTAAAAC,0
AAATTCTCAACGTGAA,0
AAATTCTCAGTAAGCC,0
AAATTCTCCAAAGCAT,0
AAATTCTCCTGTACGT,0
AAATTCTCTATTGAAA,0
AAATTCTCTGCTGAAC,0
AAATTCTGATGGTTAT,0
AAATTCTGTGCTCCTC,0
AAATTCTGTGTGAGGA,0
AAATTCTTCAAAATCT,0
AAATTCTTTAAAACGA,0
AAATTCTTTGGAAGTC,0
AAATTGAAACACCCAT,0
AAATTGAACCACTTAC,0
AAATTGAAGACTATAA,0
AAATTGAAGGAAATTA,0
AAATTGAATACGTCCG,0
AAATTGACAACGCCAA,0
AAATTGACATCGGCAT,0
AAATTGACTAGAAATA,0
AAATTGACTATGGATA,0
AAATTGAGCTCTATAA,0
AAATTGAGTACAGAGA,0
AAATTGAGTCTAATCA,0
AAATTGAGTGTCTAAA,0
AAATTGATCTCAAAAC,0
AAATTGATGTAAAACA,0
AAATTGCAAACGCACA,0
AAATTGCAAATCACGG,0
AAATTGCAAATCTCTA,0
AAATTGCAATAAAGCG,0
AAATTGCACCTCTCAG,0
AAATTGCACGGTGTGT,0
AAATTGCAGCGGCCTG,0
AAATTGCCTGGCGGAA,0
AAATTGCGAGCCACTC,0
AAATTGCTAACTGATA,0
AAATTGCTCGACGAAC,0
AAATTGCTGAGGGCCA,0
AAATTGGAATTTGTAA,0
AAATTGGATTTGAGTG,0
AAATTGGCAGTCGCCA,0
AAATTGGGTACAACGA,0
AAATTGGTCAATAACG,0
AAATTGTCACTGAGCA,0
AAATTGTGGAGATTAA,0
AAATTGTTAGAAATCA,0
AAATTGTTCTATGTAT,0
AAATTGTTGATCTACA,0
AAATTGTTGGTATTAA,0
AAATTGTTTATTTAAA,0
AAATTTAAAACGACGC,0
AAATTTAAAACGAGAG,0
AAATTTAAAGAACAGG,0
AAATTTAACTTAGACA,0
AAATTTAATTACAGAG,0
AAATTTACTCGTTCCA,0
AAATTTAGAAGCCGGG,0
AAATTTAGAGTATACA,0
AAATTTAGTTAAGCGA,0
AAATTTATGAGGACTT,0
AAATTTATTAAAATTA,0
AAATTTATTACTCTAG,0
AAATTTATTTGCGTAA,0
AAATTTCAAGACGAAC,0
AAATTTCAAGCAGCCT,0
AAATTTCAATTCTTAC,0
AAATTTCACACAACAA,0
AAATTTCATAGCTGAT,0
AAATTTCCAAACTGCT,0
AAATTTCCACGAAAAA,0
AAATTTCCGTGGAGTT,0
AAATTTCGCATAAACA,0
AAATTTCGCGAATTAA,0
AAATTTCGGTTCGGTA,0
AAATTTCTAACTTCGA,0
AAATTTCTACTATACA,0
AAATTTGAATTACCGT,0
AAATTTGACATCAAAG,0
AAATTTGCAGACAACT,0
AAATTTGCAGATCACA,0
AAATTTGGCTCTAGCA,0
AAATTTGGGACAAAAA,0
AAATTTGTATGCTGTA,0
AAATTTGTTCTAGACT,0
AAATTTTAAAACAGAT,0
AAATTTTAAATACCTC,0
AAATTTTAAGCAGGCC,0
AAATTTTAATATAAAT,0
AAATTTTACCGGTAAC,0
AAATTTTCCCGCGTGC,0
AAATTTTGACCAATTC,0
AAATTTTTCTTACACG,0
AACAAAAAAACATAAC,0
AACAAAAAAACCAAAC,0
AACAAAAAAGAAGTCC,0
AACAAAAAAGGCTCAT,0
AACAAAAAAGGTTAGT,0
AACAAAAACGACGATT,0
AACAAAACACGATTAT,0
AACAAAACGTAATAAT,0
AACAAAACTACAACAC,0
AACAAAACTTATGGAG,0
AACAAAAGATCGCAAC,0
AACAAAAGCATATGCA,0
AACAAAAGCCTGAGTT,0
AACAAAATAGACTCCA,0
AACAAAATCCCGATGC,0
AACAAAATTGCCTGGG,0
AACAAAATTGTCTCAT,0
AACAAAATTTAACAAC,0
AACAAAATTTTGGCGT,0
AACAAACAAGATACGA,0
AACAAACAGAAGATGA,0
AACAAACATATAAGAA,0
AACAAACATCAAACAA,0
AACAAACATTTAACTT,0
AACAAACCAATGTTAT,0
AACAAACCTAAACACA,0
AACAAACGAAACTCTA,0
AACAAACGAGTTGAGA,0
AACAAACGCCCTAGCC,0
AACAAACGGAACTGAA,0
AACAAACGGGAGGTCA,0
AACAAACTTGATTCCA,0
AACAAAGAAGATTACT,0
AACAAAGAGTTATGAC,0
AACAAAGATAATAAAT,0
AACAAAGATGCCTATT,0
AACAAAGCTCAATTGT,0
AACAAAGGATGCGATA,0
AACAAAGTCATGGAAA,0
AACAAAGTGATATCAA,0
AACAAAGTTCAAGAAG,0
AACAAAGTTTCGGATC,0
AACAAATAATATACAG,0
AACAAATACAAAAAAT,0
AACAAATACACAGGGA,0
AACAAATACGGTCCGT,0
AACAAATAGGACTTAT,0
AACAAATAGGGGAGAA,0
AACAAATAGGTTGTCC,0
AACAAATATACATAAG,0
AACAAATCAAATAATG,0
AACAAATCGACACGCG,0
AACAAATCGACTTAAC,0
AACAAATCTGAATAGA,0
AACAAATGATACCTCG,0
AACAAATGGCGAAGAC,0
AACAAATTAAGTTCTC,0
AACAAATTTGAAGAGA,0
AACAAATTTGAGTACA,0
AACAACAAAAAGTTAT,0
AACAACAAGACTTGAG,0
AACAACAAGATTGTCA,0
AACAACAATTAATTAC,0
AACAACACAATTCATT,0
AACAACACATAGGGGT,0
AACAACACCCGTCTTA,0
AACAACACGAAAGCAT,0
AACAACAGAAACAGCT,0
AACAACAGAACACTTA,0
AACAACAGAGCTTATG,0
AACAACAGCACTAATT,0
AACAACAGGACTGAGA,0
AACAACAGGGTTCACC,0
AACAACAGTGAACGTT,0
AACAACAGTGATGTCG,0
AACAACATATTGCAGT,0
AACAACATGATACTTA,0
AACAACCAAAGTACGC,0
AACAACCAAGGGCCCG,0
AACAACCACGAGTCGG,0
AACAACCACGCATCAA,0
AACAACCACTAATATT,0
AACAACCGCAACATAC,0
AACAACCTATGTCAAA,0
AACAACGAGCTTCAAA,0
AACAACGGAGGACAGT,0
AACAACGTATTATACT,0
AACAACGTCATGGACG,0
AACAACGTTACTAAAT,0
AACAACTAACCAACTC,0
AACAACTAATCAAGCA,0
AACAACTAATGACTTA,0
AACAACTAGTATGTAA,0
AACAACTCAGTAACTC,0
AACAACTGCTATTGAT,0
AACAACTGGCTGAGAT,0
AACAACTTAAGTAACC,0
AACAACTTATATGTAA,0
AACAACTTCTTGCGCA,0
AACAACTTTTATATAT,0
AACAAGACAAACAAAG,0
AACAAGACATCAAATT,0
AACAAGAGACTTAGAG,0
AACAAGAGCTAAAAAG,0
AACAAGATACTACAGA,0
AACAAGATCAGATACT,0
AACAAGATGTCGCGTC,0
AACAAGATTGACCGGA,0
AACAAGCTCATGATAA,0
AACAAGCTGAAGCACC,0
AACAAGCTGGAATTTT,0
AACAAGGAAAAATGAC,0
AACAAGGTAAGCATTA,0
AACAAGTAATGTACTT,0
AACAAGTATCACGAAC,0
AACAAGTCGACTTTCG,0
AACAAGTGTGTTTGTT,0
AACAAGTTACATAAAC,0
AACAAGTTCGCTCCAA,0
AACAAGTTCTCATTCC,0
AACAAGTTTTTTAGTT,0
AACAATAAAGACTAGG,0
AACAATAAATCGATCC,0
AACAATAACTAAGAAT,0
AACAATAAGCGGTAAT,0
AACAATAAGTACACCA,0
AACAATAATTCTATAA,0
AACAATAATTTAAACA,0
AACAATACTAATATGA,0
AACAATATAAAATCCT,0
AACAATATACCCTAGT,0
AACAATATATAGTGGA,0
AACAATATCAAATATC,0
AACAATCAAAAAGTGA,0
AACAATCAAATCCCAT,0
AACAATCATGGTCGCC,0
AACAATCCGTTTACAA,0
AACAATCCTTACTAGA,0
AACAATCTAACATAAA,0
AACAATCTTAAATAGT,0
AACAATGAGAGCAACA,0
AACAATGATAATATCC,0
AACAATGTAGAACTCG,0
AACAATGTGAACGCAA,0
AACAATTAAAAAGGCA,0
AACAATTAAAGATTAC,0
AACAATTAAATGTCCA,0
AACAATTAATGAAATT,0
AACAATTACCAACGAG,0
AACAATTACCCCCATA,0
AACAATTACGGATAAG,0
AACAATTACTCTTTCC,0
AACAATTATAGACATT,0
AACAATTCACTCAACG,0
AACAATTGCTAAACAA,0
AACAATTTAGTCAGGC,0
AACAATTTCACCGTCC,0
AACAATTTTCAACATC,0
AACACAAAAAAGGAAC,0
AACACAAAACATAATT,0
AACACAAAGTATTGCG,0
AACACAAATAAATGAT,0
AACACAACAATCATAG,0
AACACAACAGAAACCG,0
AACACAACCATAAAAC,0
AACACAACCTAAACGG,0
AACACAACGGAGAGAA,0
AACACAACTAACTTGG,0
AACACAAGAATTACCC,0
AACACAATAATCGCAT,0
AACACAATAGCAGGAG,0
AACACAATGCACATGA,0
AACACACAATGAAGAA,0
AACACACATAGGAGGC,0
AACACACATTAGTTAG,0
AACACACCACGTCCAA,0
AACACACCAGATATGC,0
AACACACTAACATGAC,0
AACACACTAAGACTAG,0
AACACAGAATCTGCAT,0
AACACAGATACACAAG,0
AACACAGATTCGTATC,0
AACACAGGAAGTAAAT,0
AACACAGGAGCAGAAA,0
AACACAGTACCCAAAT,0
AACACAGTACGACCCA,0
AACACAGTTAAAAAAT,0
AACACATATTCAGAAT,0
AACACATGACTATACT,0
AACACATGATGGGTGC,0
AACACATTAAAAGAAC,0
AACACATTATAACCAC,0
AACACATTCATCGTAG,0
AACACATTTAACATCT,0
AACACATTTCCAAGCA,0
AACACATTTTGTTCGA,0
AACACCAAAAGAACCA,0
AACACCAAAGTTGGAA,0
AACACCAACTACAATA,0
AACACCAATCTAACTT,0
AACACCAGTTTCCGTG,0
AACACCATCAAACAGA,0
AACACCATTTGTTACA,0
AACACCCAGAATCCTT,0
AACACCCCATATCCCA,0
AACACCCCATCTGACA,0
AACACCCGCTATAATG,0
AACACCCGTATGTGAT,0
AACACCCGTGAGCTCA,0
AACACCCTAGGTGATG,0
AACACCCTTCTCCTCA,0
AACACCGAATATCCCC,0
AACACCGACCTTAGGA,0
AACACCGCCGCATAAG,0
AACACCGGAAGTTATT,0
AACACCTAATCTACAA,0
AACACCTAGTAAAGTA,0
AACACCTTAATATCCC,0
AACACCTTAGATATTG,0
AACACCTTAGTTGAGT,0
AACACCTTCTGCAAAG,0
AACACCTTGTTTAAAG,0
AACACCTTTATTACGG,0
AACACGAAACCGGTTT,0
AACACGAAAGGTCGAA,0
AACACGACACCCTAGA,0
AACACGACCCATCAAG,0
AACACGCCGGAGATAA,0
AACACGCGTCAGGTCA,0
AACACGCTACAGCGCA,0
AACACGGAAAACAACC,0
AACACGGAATTGCCTA,0
AACACGGCAAACCTGG,0
AACACGGCACTTGGGG,0
AACACGGCCTGCTGAC,0
AACACGGCTTAGCACC,0
AACACGGGAGCTTGAG,0
AACACGGGAGGGACAA,0
AACACGTAACAGTCGT,0
AACACGTATCAACTAT,0
AACACGTCAACTACCA,0
AACACGTCCCCATGTT,0
AACACGTCTCCATTTA,0
AACACGTGGACAATTG,0
AACACGTTACCCTGAA,0
AACACGTTATAAGTGA,0
AACACTAAAAATCAGC,0
AACACTAAAACGAACA,0
AACACTAAAAGTACCC,0
AACACTAAATTGAATT,0
AACACTACGGACACTT,0
AACACTACTAAACCTA,0
AACACTAGAAAAGTAA,0
AACACTAGTTCGTTGT,0
AACACTATAAAACCCC,0
AACACTATCCCAAAAA,0
AACACTATCGCATCTC,0
AACACTATGACACACA,0
AACACTCAATGCAAAA,0
AACACTCACCCTGACA,0
AACACTGAAGAAAGAT,0
AACACTGATGAGATAT,0
AACACTGCCACTTGCT,0
AACACTGTATACGAAT,0
AACACTGTGTCGGTGC,0
AACACTTATAATCAAT,0
AACACTTATACCGTCC,0
AACACTTCCGACTGCT,0
AACACTTGTGACTGTC,0
AACACTTTCAACACAG,0
AACACTTTGACAGTAC,0
AACAGAAACAAGAATG,0
AACAGAAACAGTCAAG,0
AACAGAACCGACACAA,0
AACAGAAGTACAGAAA,0
AACAGAATAATCCCAT,0
AACAGAATCCAGTCGC,0
AACAGAATGTGAACCT,0
AACAGACAAAGGAAGA,0
AACAGACAGATAGAGA,0
AACAGACATAAACTAT,0
AACAGACCGCCAATAA,0
AACAGACGTACCAAGC,0
AACAGACTAAATCATA,0
AACAGACTAATTACCA,0
AACAGACTGTAGACTA,0
AACAGACTTCACGCTT,0
AACAGAGACAACCGGG,0
AACAGAGCCTTCGAGC,0
AACAGAGGACTCATTC,0
AACAGAGGCGCTTATG,0
AACAGAGGCTTCTAGA,0
AACAGAGTTAGTAAGC,0
AACAGATAATAGTAAA,0
AACAGATAGTGGAAAT,0
AACAGATATAAAACGA,0
AACAGATATAGTCTTG,0
AACAGATCGACTCAAC,0
AACAGATGCACTAACT,0
AACAGATGCAGCTTAT,0
AACAGATGGTTTAGTG,0
AACAGATTCGCGCACT,0
AACAGATTGACGTCCT,0
AACAGATTTAACTCCT,0
AACAGCAACAACGTTG,0
AACAGCAAGATTATCC,0
AACAGCAGACACTACA,0
AACAGCAGAGTTAACA,0
AACAGCAGATACAATT,0
AACAGCATATGACATA,0
AACAGCATGTTTTACA,0
AACAGCATTATTCACC,0
AACAGCATTTCAGAAT,0
AACAGCCATACCAGAT,0
AACAGCCATTAGACCC,0
AACAGCGAAATTGTGA,0
AACAGCGACGGCGCAG,0
AACAGCGATTAACAAT,0
AACAGCTAGTATCAGC,0
AACAGCTATGTGTTAC,0
AACAGCTATTGCCTAT,0
AACAGCTATTTTGACT,0
AACAGCTCAATACATC,0
AACAGCTCAGTATAAT,0
AACAGCTCTCAAACCA,0
AACAGCTGGTACAACA,0
AACAGGAAAAGCTCAA,0
AACAGGAATTACTCAA,0
AACAGGACATGAGATC,0
AACAGGACCATTTCAA,0
AACAGGAGCGTTAACT,0
AACAGGATATAAATCC,0
AACAGGATATACGGAC,0
AACAGGCATTAATCGG,0
AACAGGCCATATGATC,0
AACAGGGTCTCACATC,0
AACAGGGTGTGCTGAT,0
AACAGGTAAAGGTATT,0
AACAGGTTCCTAATCA,0
AACAGGTTTAGTCACT,0
AACAGTAAGATGAGAA,0
AACAGTACATAAAAAC,0
AACAGTACTGGCAAAC,0
AACAGTAGATAGAACA,0
AACAGTCATACTTAGA,0
AACAGTCCCAGAGCAT,0
AACAGTCTGAAAAGTT,0
AACAGTCTTAAATGTA,0
AACAGTGATTAGAGAC,0
AACAGTGCCTAAAGAT,0
AACAGTGGAATCCCTT,0
AACAGTGTTGCATTTG,0
AACAGTTACTCCGCAG,0
AACAGTTAGCTTAAGT,0
AACAGTTCCGGCACCG,0
AACAGTTCCTTTCACA,0
AACAGTTGGAGCATGA,0
AACAGTTTATACGAAA,0
AACATAAAAACGCAAA,0
AACATAAAACTTTTCA,0
AACATAAAGGCGAATA,0
AACATAAAGTATGAAA,0
AACATAAATATAACGG,0
AACATAACGTTTTGCA,0
AACATAAGCGAGAGAA,0
AACATAATATCATATA,0
AACATAATCTGCAGTT,0
AACATAATGACTTATA,0
AACATACAGCAACATC,0
AACATACATTAGTGTA,0
AACATACCAAGACAAA,0
AACATACGCAAGACTA,0
AACATACGCTTAAACC,0
AACATACGTAATTAAA,0
AACATACGTTTTACTG,0
AACATACTAACCACTG,0
AACATACTCCGGAAGT,0
AACATACTTCGAGAGT,0
AACATAGAAAATAACA,0
AACATAGCGCTTGCGG,0
AACATAGCTACAAGAT,0
AACATAGGAAAGTATG,0
AACATAGTCAAAATAG,0
AACATAGTTCGCCATC,0
AACATATAATATTATA,0
AACATATATATAAAAG,0
AACATATATCTAATGG,0
AACATATATGCTGGTT,0
AACATATATTAAAACA,0
AACATATCCAACAAAT,0
AACATATGAAGAACTA,0
AACATATGACGAAAAA,0
AACATATGCTTTACGT,0
AACATATGGCCTGGGT,0
AACATATGTCGAAACT,0
AACATATTAGCTCGGC,0
AACATATTTTCAGATA,0
AACATATTTTCCTATT,0
AACATCAAATACGAAC,0
AACATCAATATGCAAA,0
AACATCAATCCCTTTA,0
AACATCACGTATATTA,0
AACATCAGAAATATAT,0
AACATCCAAATTATAA,0
AACATCCACAATAAAA,0
AACATCCACCCCATAA,0
AACATCCAGCACTAAG,0
AACATCCCAAACCTAG,0
AACATCCCCGTTAGAT,0
AACATCCGCAGTACTG,0
AACATCCTCTTTGCCT,0
AACATCGAATACAATC,0
AACATCGACGAATTCT,0
AACATCGCAAACCTCT,0
AACATCGCAGTCTAAA,0
AACATCGGATCTCTAG,0
AACATCGTGGGATTAA,0
AACATCTCAGCCCTAT,0
AACATCTGGATATAGA,0
AACATCTTCCCAGTGC,0
AACATCTTGTCCAAGA,0
AACATGAAAAAGAATG,0
AACATGAAACTTAAAC,0
AACATGAAAGTAATAA,0
AACATGAATCAAATTA,0
AACATGACGTAGTTGA,0
AACATGAGAATGAATT,0
AACATGATAAACTTGG,0
AACATGATACTTTAGT,0
AACATGATAGTAGGGA,0
AACATGATTAGGCGAC,0
AACATGATTTTTACAG,0
AACATGCAAAGCGATG,0
AACATGCAAATAATAC,0
AACATGCAATCTAGGC,0
AACATGCCAATATCCT,0
AACATGCGAAACCTGA,0
AACATGCTCAGTCACG,0
AACATGGAGACCTATA,0
AACATGGCAAGCGCTC,0
AACATGGCCAGATCAC,0
AACATGTAAATAGTCC,0
AACATGTAACCTCTGA,0
AACATGTCCACATGGT,0
AACATGTGAATATCCA,0
AACATGTGGTACTCAC,0
AACATGTGTGCAGCAC,0
AACATGTTAAAAGGTG,0
AACATGTTAAGAGATG,0
AACATGTTAAGGCAAT,0
AACATGTTAGCCCCTA,0
AACATTAACGTCACAG,0
AACATTACACATTGGC,0
AACATTACATGATAGA,0
AACATTAGAGCGACGG,0
AACATTATGCTATTCA,0
AACATTCACCACTATT,0
AACATTCATATTATAT,0
AACATTCCGTTAAATT,0
AACATTGCCATTAATG,0
AACATTGGTACATAAT,0
AACATTTAAATAGAAA,0
AACATTTATTAAGTAC,0
AACATTTCAGTTGCCT,0
AACATTTGAACATAGT,0
AACATTTGATGATGGA,0
AACATTTGCTGTTACA,0
AACATTTTATAAATTT,0
AACATTTTGAGCAGCG,0
AACATTTTTTCCGCCC,0
AACCAAAAAAGATTCA,0
AACCAAAACGTTGTCC,0
AACCAAAATTGCGACT,0
AACCAAACAAAATCGC,0
AACCAAACAAAGTGGA,0
AACCAAACCCCTGTCA,0
AACCAAACTAGAGAGA,0
AACCAAAGAACTGTAA,0
AACCAAAGACATCCTC,0
AACCAAAGCACCTTAC,0
AACCAAAGTTATCTTT,0
AACCAAAGTTTCAGAA,0
AACCAAATAACGGAAA,0
AACCAAATAAGCTGAA,0
AACCAAATATCCCTAT,0
AACCAAATTACCGCGT,0
AACCAAATTCTACTAA,0
AACCAAATTGTACCAA,0
AACCAACACTTAACAC,0
AACCAACAGCTATTCA,0
AACCAACATGCCTGAA,0
AACCAACATTACTTTA,0
AACCAACCTCGCCAGT,0
AACCAACGGCGTATAC,0
AACCAACTTAGTTCGT,0
AACCAAGAGATATTTC,0
AACCAAGCCAGTTTTC,0
AACCAAGCTAGAATAG,0
AACCAAGTGTTCAATA,0
AACCAAGTTTCACTTA,0
AACCAATAATAACTAC,0
AACCAATACACTCTAT,0
AACCAATAGAAGGAAA,0
AACCAATAGACACGCG,0
AACCAATAGCATTTCA,0
AACCAATATTACCCAG,0
AACCAATCAATGACTC,0
AACCAATCACAAGAAC,0
AACCAATGTACCCTGT,0
AACCAATGTCAAAGAT,0
AACCAATTCCATTAAC,0
AACCAATTCTACATCA,0
AACCACAAAACGCTTG,0
AACCACAAAATATCAA,0
AACCACAAACAGACCA,0
AACCACAATGCACATT,0
AACCACACAGTGATCA,0
AACCACAGAATCATAC,0
AACCACAGAATTAAGC,0
AACCACAGGTCCATTA,0
AACCACAGTCGCGGAC,0
AACCACATCTTAAGCC,0
AACCACCAAGATAAAC,0
AACCACCCAATGTTAC,0
AACCACCTAGGATAAT,0
AACCACGACCAGTCAC,0
AACCACGCATGACTCA,0
AACCACGGCTTCAGTG,0
AACCACTAAGAGGACC,0
AACCACTATATCATGT,0
AACCACTGAAAACAAT,0
AACCACTGAGATTACG,0
AACCACTGATAGATAA,0
AACCACTTAGTTGGCG,0
AACCACTTATTAAGGC,0
AACCAGAAAATCTAAT,0
AACCAGAAAGCTTTCT,0
AACCAGACCAATATTT,0
AACCAGACGATCCAAG,0
AACCAGATATCTAGAG,0
AACCAGATTAAAAAGA,0
AACCAGCAACATGGGA,0
AACCAGCGTTGTGCGG,0
AACCAGCTGGACGACG,0
AACCAGGAAGCCTAAA,0
AACCAGGATGACTCAG,0
AACCAGGTCTATTCGT,0
AACCAGGTGGGCCGAT,0
AACCAGGTTAGTTATA,0
AACCAGGTTGTATCAA,0
AACCAGTAACTCGTGA,0
AACCAGTCCGGGGAAT,0
AACCAGTCCTTCGTGC,0
AACCAGTCGCCAGGGA,0
AACCAGTGTTCATATG,0
AACCAGTTGTAATTCT,0
AACCAGTTTGAAAGAA,0
AACCAGTTTTGTATCT,0
AACCATAAATAGTGAG,0
AACCATAACGAAAATG,0
AACCATACACGGGAAC,0
AACCATACAGGGTAAG,0
AACCATACCAAAAGAA,0
AACCATACGCCGCCTC,0
AACCATATAATAGATG,0
AACCATATTATCCATG,0
AACCATATTTCTATAT,0
AACCATCACCCTTTCG,0
AACCATCTAATAACAG,0
AACCATCTAGAGCAGA,0
AACCATCTATCGACAA,0
AACCATCTCTACAAGC,0
AACCATCTTAAGCGAA,0
AACCATGACATGCACG,0
AACCATGACTACCTCC,0
AACCATGACTATGCCA,0
AACCATGCCATAGCTC,0
AACCATGTGAAATAAT,0
AACCATGTTCTCTTCT,0
AACCATTATATTAAAT,0
AACCATTCGCAAGTCC,0
AACCATTGGAAAAATA,0
AACCATTTAATAAGGT,0
AACCCAAAAGAATCAC,0
AACCCAAAAGGTCCGC,0
AACCCAAAGCAATAAA,0
AACCCAAATCCGAAAC,0
AACCCAACACCAAATG,0
AACCCAACCAGACAAT,0
AACCCAACCATATCCC,0
AACCCAAGCACTGGCT,0
AACCCAATAGTTTACA,0
AACCCAATCGCTCGAC,0
AACCCAATGACTATTG,0
AACCCAATGTTTGAAA,0
AACCCAATTAAATGGA,0
AACCCACAACCATTGG,0
AACCCACAGATTCTTT,0
AACCCACAGCATCATT,0
AACCCACCATGAAGAC,0
AACCCACCGCCCATTA,0
AACCCACTGAAAAACA,0
AACCCACTGCGGACCA,0
AACCCACTTAAAAATA,0
AACCCAGACATTGCGA,0
AACCCAGAGAACTGGA,0
AACCCAGATATCAAAT,0
AACCCAGCATTTGAGG,0
AACCCAGGCACCGTGT,0
AACCCAGGGAAGTACC,0
AACCCAGTTACAAGAA,0
AACCCATACGGAGAAG,0
AACCCATATTCGACTT,0
AACCCATGCAGCACGT,0
AACCCATGTATGCACA,0
AACCCATGTCCCAATA,0
AACCCATTCAAACTCA,0
AACCCATTGCCCTCAA,0
AACCCCAAAATTAGGT,0
AACCCCAACACTACAC,0
AACCCCAACAGACCTT,0
AACCCCAACTACAACC,0
AACCCCAATACAATAT,0
AACCCCAATCACTAGC,0
AACCCCACCGTCCAAA,0
AACCCCACCTGGCCAT,0
AACCCCACTCTACACG,0
AACCCCAGCAAGGAAT,0
AACCCCATCTAAAAGA,0
AACCCCATTAAGGTAC,0
AACCCCCGCCTAGACT,0
AACCCCCTAACAAATG,0
AACCCCGAATTTTCCA,0
AACCCCGAGTTGGTAT,0
AACCCCGGAGTCACAG,0
AACCCCGGCTATCAAC,0
AACCCCGGTTAGCTGT,0
AACCCCTAACGACACC,0
AACCCCTAAGTGCAGT,0
AACCCCTAGTAGCGTA,0
AACCCGAAAATACAGT,0
AACCCGAAGAATACTG,0
AACCCGAAGTCTCAAT,0
AACCCGAATAAGATCA,0
AACCCGACTTCCCAAT,0
AACCCGAGAAAAAGAA,0
AACCCGATTCGAATCA,0
AACCCGCATCGTCCAC,0
AACCCGCTACCTACGT,0
AACCCGGAAAGAGCCG,0
AACCCGGCCACGTGGC,0
AACCCGGGGACAGAAG,0
AACCCGTAACGATATG,0
AACCCGTAGCCAACGA,0
AACCCTACCCTCTAAC,0
AACCCTACTACCTACC,0
AACCCTACTCCCCGAG,0
AACCCTAGCATGGTTA,0
AACCCTAGTCACACCT,0
AACCCTCAAAAGAATG,0
AACCCTCAATAACTAG,0
AACCCTCATAGAAATA,0
AACCCTCCAACAACAA,0
AACCCTCTAACCTAAA,0
AACCCTGACAGAGAGA,0
AACCCTGACGTGAGGA,0
AACCCTGAGGGAAGCG,0
AACCCTGCATTTGGAA,0
AACCCTGCGCGCTCTA,0
AACCCTGGGATCATAT,0
AACCCTGGTCAAGTGT,0
AACCCTGTGCAAATAA,0
AACCCTTACTGCGGGA,0
AACCCTTAGAATACCC,0
AACCCTTCAAGAAATA,0
AACCCTTGATGAGAAA,0
AACCCTTGCAGACTTA,0
AACCCTTGCCAAAATT,0
AACCCTTGTATTACAT,0
AACCCTTTAGCCACGA,0
AACCCTTTCCACCGAC,0
AACCGAAAAAAGAAAC,0
AACCGAAAATGAGCAA,0
AACCGAAAGAATCCCT,0
AACCGAAAGACGATAA,0
AACCGAACTGACAATC,0
AACCGAAGAACCAGCA,0
AACCGAATCAGAAAGA,0
AACCGACAATTATAGT,0
AACCGACAGATATTAT,0
AACCGACCAACCCTAT,0
AACCGACGATGTAGGC,0
AACCGAGAATATACCG,0
AACCGAGACAAATATT,0
AACCGAGGTCCAATAT,0
AACCGAGTACCAGCGG,0
AACCGATAAGGACCAC,0
AACCGATAGTGACAGT,0
AACCGATCATACAAGG,0
AACCGATCGCGCTCAT,0
AACCGATTCGACTCCT,0
AACCGCACCGCAGACT,0
AACCGCCACGTAATAA,0
AACCGCCACTAAAACA,0
AACCGCCAGTACCCAG,0
AACCGCCCCAAATACC,0
AACCGCGAGTACAACA,0
AACCGCGATTGGGAAC,0
AACCGCGCTCCATATC,0
AACCGCTCCAGAACTA,0
AACCGGATGGGTTACT,0
AACCGGCTCTAAATGG,0
AACCGGGAATTCACCG,0
AACCGGGACAAGTGCC,0
AACCGGGATACTATAT,0
AACCGGGATTTAGAAA,0
AACCGGGGATCTCACA,0
AACCGGGGTAGGATGG,0
AACCGTAAAACCTACG,0
AACCGTAAACGCATAA,0
AACCGTAACTAAGTAA,0
AACCGTAACTACTAGC,0
AACCGTAATTTAATCA,0
AACCGTACCAACCTTG,0
AACCGTATATCTCCCC,0
AACCGTATCGTCAGAC,0
AACCGTATTAAATGTT,0
AACCGTCAATTCTTCA,0
AACCGTCGAACACTAG,0
AACCGTGAACCGCACG,0
AACCGTGATATTCACC,0
AACCGTGCACTATACG,0
AACCGTTAAGCTAACA,0
AACCGTTATAATTGTG,0
AACCGTTCCTATGGAC,0
AACCGTTCGTAAATGA,0
AACCGTTTTTAATAAT,0
AACCTAAAAAATCAGT,0
AACCTAAAACTCAAAG,0
AACCTAAAAGATGTAA,0
AACCTAAACAAAGGGC,0
AACCTAAAGTACATGA,0
AACCTAAAGTACGCCA,0
AACCTAAATATATCAG,0
AACCTAAATATGTCCA,0
AACCTAAATCAAACGC,0
AACCTAACAACTTGGT,0
AACCTAACATTAGCGA,0
AACCTAAGCATTGCAC,0
AACCTAAGTCATGCTT,0
AACCTAATGCCTAGCG,0
AACCTAATTACTAATC,0
AACCTAATTGCCCTCG,0
AACCTAATTGCGATAC,0
AACCTACACAGCCGCC,0
AACCTACAGAATCCAT,0
AACCTACCAATAAGGT,0
AACCTACCAGCAGTAA,0
AACCTACCCAAACCAT,0
AACCTACCGCTATCAT,0
AACCTACGACATTCTG,0
AACCTACTCATCACTA,0
AACCTACTCCCCAAAC,0
AACCTAGAAAAGGAGC,0
AACCTAGAATAATAAA,0
AACCTAGAATGATCTC,0
AACCTAGCATCAAGCT,0
AACCTAGCTGTAGTTC,0
AACCTAGGGGCCCATG,0
AACCTAGTAAACACAC,0
AACCTAGTAAATGATT,0
AACCTAGTACTATTAT,0
AACCTATAAAAAGAGA,0
AACCTATCCCACGCCA,0
AACCTATGGTTATGAT,0
AACCTATTCATCTGCC,0
AACCTATTTCAGAAAA,0
AACCTCACATTAAAGA,0
AACCTCACCAGAATGG,0
AACCTCACTACAATTG,0
AACCTCACTAGCACGA,0
AACCTCACTGATTAAA,0
AACCTCACTTTATGGG,0
AACCTCAGAATACACC,0
AACCTCATAAAAAATA,0
AACCTCATAACCTTTA,0
AACCTCATCTGGTATT,0
AACCTCATTCACCTCG,0
AACCTCCAGATCCATC,0
AACCTCCTTACAGCCA,0
AACCTCCTTACTAGAC,0
AACCTCGAAACTAGTA,0
AACCTCGGAAGTTCTG,0
AACCTCGGTAATAACG,0
AACCTCTATTGCCCAA,0
AACCTCTCGTAGCCAA,0
AACCTCTCTCGCGACA,0
AACCTCTGAATTTCGC,0
AACCTCTTGTTCTTAT,0
AACCTGAAAGTCTATC,0
AACCTGAACTCCAAAC,0
AACCTGACACAGTTAC,0
AACCTGACAGTAAAAA,0
AACCTGAGATAATAAT,0
AACCTGAGGCTCACGG,0
AACCTGAGTCAAGTTC,0
AACCTGCTTTACACCT,0
AACCTGGACCTGGAAT,0
AACCTGGCTTTAACTG,0
AACCTGGTATAAATCC,0
AACCTGTTAGAGAGCA,0
AACCTTAACACCGTAG,0
AACCTTAACAGTTAGC,0
AACCTTAACCCGGCCC,0
AACCTTAATGTGACTT,0
AACCTTAATTAACACA,0
AACCTTACTCTTAAGG,0
AACCTTATGAATGCAA,0
AACCTTCAAGCTCTCA,0
AACCTTCCGCATTAAC,0
AACCTTCGAAACCAAC,0
AACCTTCGAACAAGAC,0
AACCTTCTAACGAAGC,0
AACCTTGATACCCTAG,0
AACCTTGTAAGTAAAA,0
AACCTTGTACAACCGG,0
AACCTTGTTATTAACG,0
AACCTTTGCAGTAAAC,0
AACGAAAAAATAGTTC,0
AACGAAAACTTCTCTA,0
AACGAAAATTCCAAGG,0
AACGAAACGCTAGAGT,0
AACGAAAGCATGGGAG,0
AACGAAAGTCGCAAAA,0
AACGAAATATACTAAG,0
AACGAAATGTAAGAGG,0
AACGAAATTCAGAATA,0
AACGAACAAAATTAAA,0
AACGAACACACAAGAA,0
AACGAACAGTACCGAA,0
AACGAACATAAAATGG,0
AACGAACCGAGTCCTA,0
AACGAACCGGCTGGGG,0
AACGAAGAAAAAGAAC,0
AACGAAGACCTAGGCA,0
AACGAAGACTAAATCG,0
AACGAAGATTTTACCC,0
AACGAAGGCCTTATCG,0
AACGAAGGTTAACAGT,0
AACGAATAACTACGTG,0
AACGAATAAGACGCGT,0
AACGAATAATGTGATA,0
AACGAATACGACCTGC,0
AACGAATATATAATCC,0
AACGAATATTCTATAT,0
AACGAATCACAAGTTC,0
AACGAATGTAATTGTC,0
AACGAATGTCCCCCAA,0
AACGAATTGAGCCCCC,0
AACGAATTGTAAATGA,0
AACGACAAGTAAATTA,0
AACGACACATGTAAAA,0
AACGACACCTAATAAC,0
AACGACACGAACAGTT,0
AACGACAGTAATAATG,0
AACGACCATGGCGACT,0
AACGACCCATACGCAA,0
AACGACCGAAATGTGC,0
AACGACCGGAATAAAC,0
AACGACCGGAATAGAT,0
AACGACCGGTTCCCTA,0
AACGACCTGTTATCAA,0
AACGACGCTTCTTAGC,0
AACGACTAATCCAGAC,0
AACGACTTACGATCTG,0
AACGACTTCACGCCCA,0
AACGAGAAAGACCAGG,0
AACGAGACAAAACAAT,0
AACGAGAGAAAAAACA,0
AACGAGAGAACCGACG,0
AACGAGGAGACGACTA,0
AACGAGGGATCGCCAT,0
AACGAGTGTTCGGATC,0
AACGAGTTGATTTCGC,0
AACGATAAAACATCTC,0
AACGATAAAATATTCC,0
AACGATAAGGGTGAGA,0
AACGATACTACAACTG,0
AACGATCAGTATCCAT,0
AACGATCATTCTGGCC,0
AACGATCCAGATTCCT,0
AACGATCGTAATCCTT,0
AACGATTAACCTCGGT,0
AACGATTATTGGGTAC,0
AACGATTCTCCGAAAT,0
AACGATTGATTTAAAA,0
AACGATTGGCCTCCAC,0
AACGATTGTACGATAT,0
AACGATTTATAGCCCA,0
AACGCAAAAACAGAAA,0
AACGCAAAACCACTCC,0
AACGCAAATGCATACA,0
AACGCACAACCTTAAA,0
AACGCACACTTGATAG,0
AACGCACCGAGTTGAT,0
AACGCACGACATGATC,0
AACGCACGAGCTAAGG,0
AACGCACTGGAAGTAA,0
AACGCAGACCTAGGTT,0
AACGCAGGCAACTTTA,0
AACGCAGGGATACGCT,0
AACGCAGGGGAGGTCT,0
AACGCATATATATGCG,0
AACGCATGATCGTGTA,0
AACGCATGGAGCGAAT,0
AACGCATTAAAAGCCC,0
AACGCATTTAACTCTC,0
AACGCCAAATGTACAC,0
AACGCCAACTCTTCGC,0
AACGCCACATCCTATC,0
AACGCCACCTCACGTT,0
AACGCCATAGCGCTAT,0
AACGCCATTGTATCAA,0
AACGCCCAACACTCAG,0
AACGCCCCAGCATACA,0
AACGCCCCGATTTTGA,0
AACGCCTAAAAACAAA,0
AACGCCTGGAACAAAA,0
AACGCCTTAATGCTCA,0
AACGCGAATGGTAATC,0
AACGCGACTACCGTGG,0
AACGCGAGCTTAAGCT,0
AACGCGAGTCAAACCA,0
AACGCGCCGTTGGTAA,0
AACGCGCTATCCCGCG,0
AACGCGGACTAAATTG,0
AACGCGGATTCATTAC,0
AACGCGGTAGTGTTTG,0
AACGCGTAACCATTGC,0
AACGCGTCGAATAACC,0
AACGCGTGTGGACAGT,0
AACGCGTTATAACCTA,0
AACGCTAAAAACCAGA,0
AACGCTACGTTGTCAA,0
AACGCTAGCTTTGTAC,0
AACGCTATTCCTAATG,0
AACGCTCAATTAGCGT,0
AACGCTCGCAAGAATG,0
AACGCTGAGAGTCGGT,0
AACGCTGTATTGCGTT,0
AACGCTTAACTAAGGC,0
AACGCTTATAGTATCC,0
AACGGAAAAAAGAAAT,0
AACGGAAAACTCTTAC,0
AACGGAAAATATGTAT,0
AACGGAACACTATACA,0
AACGGAACATTAAAGC,0
AACGGAAGACTTGAAA,0
AACGGAATTATATAGT,0
AACGGACAAGTTCCGA,0
AACGGACACACGAGAC,0
AACGGACAGGCCTCTA,0
AACGGACCATCAATCG,0
AACGGACGGCTAGGAT,0
AACGGACTAATGTGTG,0
AACGGACTACTACAAA,0
AACGGAGACTCACGAT,0
AACGGAGATGTTGTAC,0
AACGGAGGTTAAAACC,0
AACGGATGATTTTCGT,0
AACGGCAAAACATTAC,0
AACGGCAAATTGACCG,0
AACGGCAACCCCTGTT,0
AACGGCAAGTCAGATA,0
AACGGCACATCGAGTT,0
AACGGCACGATATGGC,0
AACGGCACTACTCTCT,0
AACGGCAGATACTGTG,0
AACGGCATGATTATTC,0
AACGGCCTCCCATAGC,0
AACGGCGCACTAAGAC,0
AACGGCTAAAACTACT,0
AACGGCTCGTAAAAGG,0
AACGGCTGTAAATCTG,0
AACGGGAATATCTTAG,0
AACGGGACTCTTCATA,0
AACGGGATATAAACTT,0
AACGGGATCATTCTCC,0
AACGGGATTACCCGTC,0
AACGGGCCGCAGTCCT,0
AACGGGCTAGCTTCAC,0
AACGGGGCGTATATTG,0
AACGGGTAAAACACGC,0
AACGGGTCTGCCACAG,0
AACGGGTGCTATCCAA,0
AACGGGTTTCGACAGC,0
AACGGTATAGAATGGA,0
AACGGTATATAAGAAC,0
AACGGTCTATGTCTAC,0
AACGGTGAACTACTAT,0
AACGGTGAGATATGCC,0
AACGGTGCACGATACT,0
AACGGTGGCGATGACC,0
AACGGTTAAAATAAAT,0
AACGGTTGACAGAATA,0
AACGTAAAAAGCATAA,0
AACGTAAAATGCCCGA,0
AACGTAACAAATAACA,0
AACGTAACCTTGAAAA,0
AACGTAATTTATACCA,0
AACGTACAAAAGGAGA,0
AACGTACAAGAACAGG,0
AACGTACATCCACCTA,0
AACGTACCAACTTATT,0
AACGTACGGTATATGA,0
AACGTAGAAAATACTA,0
AACGTAGAGAGCCTCA,0
AACGTAGAGTATAGTT,0
AACGTAGCAACTTCTA,0
AACGTAGCCTGTCATA,0
AACGTAGGAACTCACA,0
AACGTAGGGTCTGAGC,0
AACGTATCAAAAGGAA,0
AACGTATGGACCGTCC,0
AACGTATTAAAAGAAA,0
AACGTATTACGAGAGT,0
AACGTATTTAAAAAGA,0
AACGTATTTGAATATC,0
AACGTCAAAAAACTTT,0
AACGTCACCACCAAGT,0
AACGTCCAGCGCGCAC,0
AACGTCCGTACTTTGA,0
AACGTCCTCATTAACT,0
AACGTCGCATGAATAG,0
AACGTCTCGCAACACT,0
AACGTCTGGAACCCTA,0
AACGTGAAATTCTTGG,0
AACGTGATGTAACCAA,0
AACGTGGACAATTGGG,0
AACGTGGATGCAGGAA,0
AACGTGGGAACGAATA,0
AACGTTACAAAGTTAA,0
AACGTTATAGGGTAGA,0
AACGTTATATAATTTC,0
AACGTTCACATAGTGA,0
AACGTTCCCATGGGAA,0
AACGTTGACTGATTCG,0
AACGTTGAGCACAATC,0
AACGTTGCCTGTATTT,0
AACGTTTAAGAATTAC,0
AACGTTTACACGGGTG,0
AACGTTTGGGGAACCA,0
AACGTTTTAATTTCCG,0
AACGTTTTCTTGCTAG,0
AACTAAAAAATACATA,0
AACTAAAAAATCTTTC,0
AACTAAAAAGAGAACA,0
AACTAAAAATTAGCTC,0
AACTAAAACTGCAAAA,0
AACTAAAAGAAGACTC,0
AACTAAAAGCGAGGTT,0
AACTAAAAGGCGCAGT,0
AACTAAAAGTCGGAAG,0
AACTAAAAGTCTTACT,0
AACTAAAATTTCCCAC,0
AACTAAACGAATGATT,0
AACTAAACGGGTTCAC,0
AACTAAACTTACATAA,0
AACTAAAGAGCAGGGA,0
AACTAAAGTCCTTTAA,0
AACTAAATACTAAGTT,0
AACTAAATCATGACGA,0
AACTAAATCATGTTAT,0
AACTAAATCCAAAGAT,0
AACTAAATTACACGAT,0
AACTAAATTCTAAAAC,0
AACTAACAACCCTATG,0
AACTAACAAGACTAAC,0
AACTAACATAACTAAG,0
AACTAACCTCTACAAT,0
AACTAACGAAAGCTCG,0
AACTAACGTCAGCGTA,0
AACTAACTACTTCTTC,0
AACTAACTAGGTGGCT,0
AACTAACTCCGTGACA,0
AACTAACTGGAATTAC,0
AACTAACTGTGAAGAT,0
AACTAACTTACGCAAA,0
AACTAAGAAACCATAG,0
AACTAAGAAGAGCATT,0
AACTAAGGCTTATGGA,0
AACTAAGTAAAGATTA,0
AACTAAGTAGCATATT,0
AACTAAGTTCCAATAA,0
AACTAATATTGTCTCC,0
AACTAATCAACCTGCG,0
AACTAATCATGGTGGT,0
AACTAATCCAACCAAA,0
AACTAATCGTTGGCCT,0
AACTAATGATAAATAC,0
AACTAATGCCGATCAG,0
AACTAATTAAAGTCCT,0
AACTAATTACATCTAG,0
AACTAATTACCATATA,0
AACTACAAAACCTCGC,0
AACTACAACATGCCAC,0
AACTACAACATTAACC,0
AACTACAACTTATCTG,0
AACTACACATATGGTG,0
AACTACACCGCAGCAA,0
AACTACACCGGCACTA,0
AACTACAGAAACTTCA,0
AACTACAGTACGTAGC,0
AACTACATAAACAGAA,0
AACTACATATGTTTAA,0
AACTACATCCATAATG,0
AACTACATTTGCAGGG,0
AACTACCAGCGCATAA,0
AACTACCAGTACTAGT,0
AACTACCGACGGATGT,0
AACTACCTGGATTGTC,0
AACTACCTGTTCGTCA,0
AACTACCTTTGTCAAA,0
AACTACGAAGTTCATG,0
AACTACGCGGCCTTTT,0
AACTACGCTTAGACTA,0
AACTACGGTACGGCTT,0
AACTACGTAGAGACTG,0
AACTACGTTGCAAATA,0
AACTACTAACGCTAAA,0
AACTACTAGCTACAAC,0
AACTACTCTTGGGGTT,0
AACTACTTCACCTAAA,0
AACTACTTCTACCCTG,0
AACTACTTGCGTGGTG,0
AACTAGAAACAATATA,0
AACTAGAAACGTAGTT,0
AACTAGAATATGCATT,0
AACTAGAATATTTGCG,0
AACTAGACGGACACTC,0
AACTAGACTAATAAGT,0
AACTAGAGCAACGTAG,0
AACTAGAGTAAATATG,0
AACTAGAGTCTCACAT,0
AACTAGATTCCTACGA,0
AACTAGCATCCAAGTA,0
AACTAGCTCATAAACA,0
AACTAGGTAGGACCAG,0
AACTAGGTGAATGAAA,0
AACTAGTATACCTCAT,0
AACTAGTCCTGTGACC,0
AACTAGTTTAGGAAAT,0
AACTATAAATAGGAAC,0
AACTATACATACATTT,0
AACTATACATATGAGA,0
AACTATACCCGTATGA,0
AACTATACGAAAACGC,0
AACTATACGAAATACC,0
AACTATAGGAAACCAG,0
AACTATAGGATAACAA,0
AACTATATCGCGGGAA,0
AACTATATTACTCCCG,0
AACTATATTCCCCGGA,0
AACTATATTGCTGAAT,0
AACTATCAAACATAGA,0
AACTATCACACATAAC,0
AACTATCACTGTGGGA,0
AACTATCCCTAATGTC,0
AACTATCTCCTCAACA,0
AACTATGAAATCTCTA,0
AACTATGAATAAAACC,0
AACTATGAGACATCCT,0
AACTATGCATAGACAA,0
AACTATGCGGCACCGC,0
AACTATGGTGATTAGT,0
AACTATTAACTTGACG,0
AACTATTATAGTCTGC,0
AACTATTCACCTTACG,0
AACTATTGATTTGGAG,0
AACTATTTAGAACTTT,0
AACTATTTGTAGACGA,0
AACTCAAAAAAAGTAA,0
AACTCAAAATAGCGAG,0
AACTCAAACAACTTTA,0
AACTCAAACTAAATGG,0
AACTCAAATGTAAAAT,0
AACTCAACAAGTATCT,0
AACTCAACCGTTATGG,0
AACTCAACTCCCTTCA,0
AACTCAAGAAAGACAC,0
AACTCAAGCACAACTG,0
AACTCAAGCTAACCTC,0
AACTCAAGTTACGTCA,0
AACTCAATACCACTCT,0
AACTCACATGATTACC,0
AACTCACCATAGCACA,0
AACTCACCCCGTTCCT,0
AACTCACCTACCCTAA,0
AACTCACTTTTTCGAC,0
AACTCAGACGCTTTTC,0
AACTCAGAGTCGTATG,0
AACTCAGCTCTGGTAC,0
AACTCAGGGACCAAAT,0
AACTCAGGGCTCCCAG,0
AACTCAGGGTAAATTT,0
AACTCAGGGTAGATGT,0
AACTCATAAAAACACA,0
AACTCATAACCACTAT,0
AACTCATAACCTAATC,0
AACTCATACATGAGTA,0
AACTCATGGATACAGA,0
AACTCATTAAGAAACA,0
AACTCATTCGCACCCA,0
AACTCATTTATCTCGT,0
AACTCCACACCTCCTA,0
AACTCCACTTCCTGTG,0
AACTCCAGCCTCCAGA,0
AACTCCATAATTTTTA,0
AACTCCATGAATCATG,0
AACTCCATGTCGAAAA,0
AACTCCCCCTTGTCTA,0
AACTCCCCGAGAATTC,0
AACTCCCGACATAAAA,0
AACTCCCGAGCGGAAT,0
AACTCCCTCTAACTGA,0
AACTCCCTTGCGGTCT,0
AACTCCGCCTCAGAAT,0
AACTCCGGTTAAACAA,0
AACTCGAATTATATAA,0
AACTCGACAACCTCAT,0
AACTCGACGAGTGGTA,0
AACTCGAGTAATCACT,0
AACTCGCAGAAATCAA,0
AACTCGCGAATTCCAT,0
AACTCGCGATGATAAA,0
AACTCGCGTGCCGGGG,0
AACTCGGATCCATAGC,0
AACTCGTCATAACTAT,0
AACTCGTGTGAAAACA,0
AACTCGTTCCTTTTAC,0
AACTCTAAAAGTTACA,0
AACTCTAACCATCGGT,0
AACTCTAATACACTAA,0
AACTCTACAAGACGAG,0
AACTCTATCAAGCTGT,0
AACTCTATCACTGCAA,0
AACTCTATCCTGAACG,0
AACTCTATGACGTACA,0
AACTCTCAAACCCATA,0
AACTCTCAACAGCCCG,0
AACTCTCACAAGACGA,0
AACTCTCACACCATAT,0
AACTCTCCCATCCCTA,0
AACTCTGAGCATGCTA,0
AACTCTGTCTATTCCA,0
AACTCTGTCTCAAACA,0
AACTCTTAACATATCT,0
AACTCTTACTATCAAG,0
AACTCTTCAAACGATG,0
AACTCTTCTAACTACC,0
AACTCTTTAGCCCAAA,0
AACTCTTTTGGTTCGG,0
AACTGAAAAAACACCG,0
AACTGAAAAATACGAT,0
AACTGAAACAATAATC,0
AACTGAACAGCGAATC,0
AACTGAACCGGCAGGA,0
AACTGAATAATTTACT,0
AACTGAATAGTGTCAA,0
AACTGACAGCTCTTTC,0
AACTGACATAGTATGA,0
AACTGACGATCATCCG,0
AACTGACTCAACAAGT,0
AACTGACTCTCCTCCC,0
AACTGACTGGGTGTTT,0
AACTGAGACATGCGGA,0
AACTGAGAGTACAAAC,0
AACTGAGATTTTAGCG,0
AACTGATAACAAGTAC,0
AACTGATAACGTGCCC,0
AACTGATACCCAACGT,0
AACTGATCACATGAAA,0
AACTGATGAAATGTAA,0
AACTGATGAGGTATAC,0
AACTGATGGTATCAAC,0
AACTGATTAAACTTAA,0
AACTGATTAACCTCTG,0
AACTGCAATACTCCAA,0
AACTGCAATCAAAAAC,0
AACTGCATAACTTGTT,0
AACTGCATTTCCTCTA,0
AACTGCCAAACTAAAT,0
AACTGCCAGTATTTAC,0
AACTGCGGCCGGTTTT,0
AACTGCTATAAAAACA,0
AACTGCTCGAATCAGT,0
AACTGGAGCACCCGGC,0
AACTGGAGGTTTCAAT,0
AACTGGGATGTCGCGT,0
AACTGGGGCGTAACGT,0
AACTGGTAAACAAGTA,0
AACTGGTACACGAAAA,0
AACTGGTACCAGATGA,0
AACTGGTAGTCTCTTT,0
AACTGGTATACTTAGA,0
AACTGGTGCTAAATCA,0
AACTGTACAGGATATA,0
AACTGTACTTCCTGCG,0
AACTGTAGCTAACGAA,0
AACTGTCCTTTGAAAA,0
AACTGTCTTCACAAAA,0
AACTGTGCAACGACAT,0
AACTGTGGATATAATA,0
AACTGTGTTCAAAACT,0
AACTGTTCGCCAAGAG,0
AACTGTTTGGACTTTA,0
AACTTAAAATGAAACA,0
AACTTAAAATTGTTGA,0
AACTTAAAGTATACAA,0
AACTTAAGCCTGATGG,0
AACTTAAGGGTCAACG,0
AACTTAATAAATGAAA,0
AACTTACAAAAGATAG,0
AACTTACAAAATGGAC,0
AACTTACACTTAAGTT,0
AACTTACCCATCATTA,0
AACTTACCTACTCATT,0
AACTTACGATCAGTAG,0
AACTTACTCAAATACC,0
AACTTACTGAACTAAC,0
AACTTACTGTCACCTA,0
AACTTACTTCTTATAC,0
AACTTAGAAATTGAGA,0
AACTTAGCAGAACACA,0
AACTTAGCCATAATAA,0
AACTTAGCGACAACCT,0
AACTTAGCTAATCATT,0
AACTTAGTAACTTCTC,0
AACTTAGTATGGGAGG,0
AACTTAGTCATATTCT,0
AACTTATACAGGGCTA,0
AACTTATCATTCAGTT,0
AACTTATTCATCACGA,0
AACTTATTTGGGCAAC,0
AACTTCAAAATGATCT,0
AACTTCCATATTAATT,0
AACTTCCCGGTCTGTA,0
AACTTCCGCCAGTTAC,0
AACTTCCGCTCTCATT,0
AACTTCGCTTCCGATC,0
AACTTCTAGAAGAGTA,0
AACTTCTATGTCCACC,0
AACTTCTGGATAAGTA,0
AACTTCTTAATAACTG,0
AACTTCTTCATGCGCA,0
AACTTCTTGCCTGGCC,0
AACTTGAAAATCCGAT,0
AACTTGACATCCATAA,0
AACTTGACGCAATTGC,0
AACTTGAGTCAGAAAC,0
AACTTGAGTTGTATAG,0
AACTTGCAAAAGCGTG,0
AACTTGCACGCAACAT,0
AACTTGCTAAACAAGC,0
AACTTGGAATGACGGC,0
AACTTGGCCGTTCCAC,0
AACTTGTAATACATCC,0
AACTTGTACCTTTATT,0
AACTTGTAGCCCAATT,0
AACTTGTATTGTAAGG,0
AACTTGTCGCCATTAG,0
AACTTGTTTCTAAAGC,0
AACTTGTTTCTCAAAG,0
AACTTGTTTTATTACA,0
AACTTTAAACGCAGAT,0
AACTTTAATCAACAGG,0
AACTTTACAAGAAGAA,0
AACTTTACCAGACTTT,0
AACTTTAGAATAGCAA,0
AACTTTAGAGCGAAGA,0
AACTTTATAAACTAAA,0
AACTTTATAAGTAGAG,0
AACTTTATAATCTCAA,0
AACTTTATATCTCTTT,0
AACTTTATCAGCTGAA,0
AACTTTATCCGTAACT,0
AACTTTCAATGATAAG,0
AACTTTCAGCTAATGT,0
AACTTTCAGTAAGTTG,0
AACTTTCCTAGGGTTA,0
AACTTTCTTAGAGCTA,0
AACTTTGAAAGTTGGA,0
AACTTTGTAAAGACGC,0
AACTTTTAAAAGTGGA,0
AACTTTTAACTGAACT,0
AACTTTTCAGGACACA,0
AAGAAAAAATCTTCGC,0
AAGAAAAACAAGTACC,0
AAGAAAAACACCAAGC,0
AAGAAAAACCGTTCAA,0
AAGAAAAACGAACTTT,0
AAGAAAAATACAAACC,0
AAGAAAAATGGTTGAG,0
AAGAAAACAAAAATCA,0
AAGAAAACAGATTCAT,0
AAGAAAACTATAAAAT,0
AAGAAAAGGGCTCGCG,0
AAGAAAATAACCAACT,0
AAGAAAATAGGAAAAA,0
AAGAAAATGCTCAGAG,0
AAGAAAATGGTAAACA,0
AAGAAAATTCGACCCC,0
AAGAAACAAAGATGAC,0
AAGAAACAAGATAAAA,0
AAGAAACAAGGCACCA,0
AAGAAACAATTTTTAC,0
AAGAAACATGCTTTAG,0
AAGAAACATGTTATTT,0
AAGAAACCATCACGTC,0
AAGAAACCCACTTCTA,0
AAGAAACCCCTATAGA,0
AAGAAACGATCAGGTG,0
AAGAAACTGGAGCCAC,0
AAGAAACTTGAACGTT,0
AAGAAACTTTAAAACC,0
AAGAAACTTTAGAGAG,0
AAGAAAGAAAAACATG,0
AAGAAAGAAAACCATC,0
AAGAAAGACTCTAGTT,0
AAGAAAGGCATTTGCA,0
AAGAAAGTTGCCAATT,0
AAGAAATAATAAATTT,0
AAGAAATAATCTTGCA,0
AAGAAATACAGAGGCA,0
AAGAAATACGAAAAAG,0
AAGAAATATAAGACAT,0
AAGAAATATACTCTTA,0
AAGAAATATGATTATG,0
AAGAAATCCAACCAAA,0
AAGAAATCTAACATCT,0
AAGAAATGAAAATTTA,0
AAGAAATGACTATAAA,0
AAGAAATGTGAGTCAA,0
AAGAAATTAATGCAAA,0
AAGAAATTCAATCGGT,0
AAGAAATTCATGTACA,0
AAGAAATTCTCAATGT,0
AAGAACAAACAAGTAT,0
AAGAACAACAAGCAGG,0
AAGAACAAGACGCTTT,0
AAGAACAAGCATAGTC,0
AAGAACACACCTAGCG,0
AAGAACACAGACCGAA,0
AAGAACACCATAAGTG,0
AAGAACACCGTGTGTG,0
AAGAACACTACAAATG,0
AAGAACACTCCATTAC,0
AAGAACAGCACTATGT,0
AAGAACAGTAACGAAA,0
AAGAACAGTCAATGGA,0
AAGAACATAGATGGGC,0
AAGAACATAGCGTAAA,0
AAGAACATCCTTAAGA,0
AAGAACCAAAACTAAC,0
AAGAACCACCGCCAAA,0
AAGAACCACCTTAGAC,0
AAGAACCAGACTAATA,0
AAGAACCAGGCGAGTC,0
AAGAACCATGTTTTAA,0
AAGAACCCTAACATGA,0
AAGAACCGAAACATAA,0
AAGAACCGCTCTATTA,0
AAGAACCGTAGAGTAG,0
AAGAACCGTTTCCACA,0
AAGAACCTTATAATTC,0
AAGAACCTTATACGCT,0
AAGAACGCCCAGGAAT,0
AAGAACGCGTGTATCA,0
AAGAACGGAAGAAACT,0
AAGAACGTATGTTAGC,0
AAGAACTAGCATGATT,0
AAGAACTAGTTTTATT,0
AAGAACTATGGCTTTA,0
AAGAACTCCATATGGG,0
AAGAACTGCCATTCTA,0
AAGAACTGTACTCCCT,0
AAGAACTGTCTTGATT,0
AAGAAGACAAAACATA,0
AAGAAGACAACAGACA,0
AAGAAGACATGAATGG,0
AAGAAGAGAACTATCT,0
AAGAAGAGATGCCAAT,0
AAGAAGAGCTAATATT,0
AAGAAGATCCGAAAAT,0
AAGAAGATGAATAACT,0
AAGAAGCAGAGACAAA,0
AAGAAGCAGTAATCTC,0
AAGAAGCCGATCAAAC,0
AAGAAGCTGAAGGCCA,0
AAGAAGGCAAGTCAAT,0
AAGAAGGTACGTATTC,0
AAGAAGGTACTTTAAT,0
AAGAAGGTAGGGCAAC,0
AAGAAGTAACTTACAC,0
AAGAAGTAAGCCAAAT,0
AAGAAGTACATTAAGT,0
AAGAAGTACTAAAATT,0
AAGAAGTCAGCATCGA,0
AAGAAGTGAATAATTC,0
AAGAATAAGCACAACA,0
AAGAATAAGTGGTCAT,0
AAGAATAATCGAATCA,0
AAGAATAATGTACACA,0
AAGAATACGAAGGTAT,0
AAGAATACTGGCACTT,0
AAGAATACTTTACAAA,0
AAGAATAGACACAGAA,0
AAGAATAGGTGGAAAC,0
AAGAATATAACTAGGT,0
AAGAATATAACTCAAA,0
AAGAATATAGACACAC,0
AAGAATATCTGCCTAC,0
AAGAATATGTATATTA,0
AAGAATATGTGCAAAA,0
AAGAATATTAACCTCT,0
AAGAATATTACATGCT,0
AAGAATCAAACCTAAA,0
AAGAATCAAACTTATT,0
AAGAATCACAGATGAT,0
AAGAATCGAATTTGTG,0
AAGAATCTCTAATCAT,0
AAGAATCTTCATATAT,0
AAGAATCTTGCGTGTT,0
AAGAATGAATACCCAA,0
AAGAATGACCATAGGT,0
AAGAATGATGCTAATA,0
AAGAATGCCCGACGTC,0
AAGAATGCTTCGACGA,0
AAGAATGGACTAATAT,0
AAGAATGGATGCATTG,0
AAGAATTACGTGTAAA,0
AAGAATTAGCCATAAG,0
AAGAATTATACAAGGT,0
AAGAATTATAGGCTGA,0
AAGAATTATGAGATAC,0
AAGAATTCGAAATCAA,0
AAGAATTCGCTGCACA,0
AAGAATTCTAACCTCT,0
AAGAATTGACAGCCAG,0
AAGAATTGATTTGTTT,0
AAGAATTTATATCCCG,0
AAGAATTTGTTAAAAC,0
AAGAATTTTCTCCAAG,0
AAGACAAAAAAACTGT,0
AAGACAAAAAACCCCG,0
AAGACAAACAAAAATA,0
AAGACAAAGGAATAAT,0
AAGACAACCATCCGAT,0
AAGACAACCATTATAT,0
AAGACAACGAGGTATA,0
AAGACAAGAAGCAATT,0
AAGACAAGCAGCGTAG,0
AAGACAAGTACCTCTT,0
AAGACAAGTATACGCG,0
AAGACAAGTGGCAACT,0
AAGACACAATTTTCAA,0
AAGACACATTCAGTAC,0
AAGACACATTCGCAAG,0
AAGACACCATGGTAGA,0
AAGACACGCTAAGAAG,0
AAGACACGGCCTATAT,0
AAGACACGGGCAGGGT,0
AAGACACGTTAGACAA,0
AAGACACTTAAAGGTT,0
AAGACACTTGATTCTT,0
AAGACAGACCGCTAAA,0
AAGACAGCACCAGAAG,0
AAGACATAAAAGCCAC,0
AAGACATAAACCATCT,0
AAGACATAGCGTACCT,0
AAGACATCAAATAGAA,0
AAGACATCCCGACATC,0
AAGACATCTCTGAAAC,0
AAGACATGTACGCTAG,0
AAGACATTAGCCTAAA,0
AAGACATTATTTTTGG,0
AAGACATTGATGTCGC,0
AAGACCAAATACTACT,0
AAGACCAACACGGAAC,0
AAGACCAATTTATTCA,0
AAGACCACTTGCTATA,0
AAGACCAGACATAAAA,0
AAGACCAGTGAGTAAA,0
AAGACCATCCGAACCG,0
AAGACCCAACTGTATT,0
AAGACCCCGAACGAAA,0
AAGACCGAAGCTTAAT,0
AAGACCGATAAAGCTT,0
AAGACCGCATCAATGG,0
AAGACCGTCTACACTA,0
AAGACCGTTGTCAGAG,0
AAGACCTAGCCGGGTA,0
AAGACCTCTGACTCCG,0
AAGACCTGATGACTGT,0
AAGACCTGCCAGTCAA,0
AAGACCTGCGACGAGG,0
AAGACCTTATTGTACG,0
AAGACCTTCCGATGAT,0
AAGACCTTCGTCCCCT,0
AAGACGAACCAAAAAC,0
AAGACGAAGCCATAAT,0
AAGACGACAAATTAAT,0
AAGACGAGATTATAGT,0
AAGACGAGCCCGTGGG,0
AAGACGAGTTACAACA,0
AAGACGCAAAATTATT,0
AAGACGCCAAGGTGGT,0
AAGACGCCTAACAATA,0
AAGACGCTCAAACCCT,0
AAGACGGCCAAGAGCG,0
AAGACGTAAAAAGGCC,0
AAGACGTAGAAGCTAT,0
AAGACGTCAATACAAC,0
AAGACGTCAGCACATA,0
AAGACGTCATCATTAA,0
AAGACGTCCTAAAACT,0
AAGACGTCGATTACCG,0
AAGACGTGGGATGTTG,0
AAGACGTTCAACAAAC,0
AAGACGTTCTCGGGAC,0
AAGACTAAAATTCGCC,0
AAGACTAAATAAACCC,0
AAGACTAACGACATTC,0
AAGACTAATATTCCTC,0
AAGACTAGACTTAGCA,0
AAGACTAGACTTAGCG,0
AAGACTCAAAAAAATA,0
AAGACTCAGCCCCATC,0
AAGACTCCCTCAAGCG,0
AAGACTCTGCCCGATT,0
AAGACTGTATGGCGTC,0
AAGACTTAGCAATTAG,0
AAGACTTCGATAAGCA,0
AAGACTTCTCGTATGC,0
AAGACTTCTGATCATA,0
AAGACTTTAAGCTACC,0
AAGAGAAAAAAGGTAC,0
AAGAGAAAAACCTACA,0
AAGAGAAAAATGCATT,0
AAGAGAAAATCCAGAT,0
AAGAGAACAAACTCTC,0
AAGAGAACAATGAAAA,0
AAGAGAACCAAGCTAA,0
AAGAGAACCGATAATA,0
AAGAGAACTGGACAGT,0
AAGAGAACTTTTCCGA,0
AAGAGAAGTCGATAGC,0
AAGAGAATGCAGACGA,0
AAGAGACAGACGATTT,0
AAGAGACGAAACGGGA,0
AAGAGACGGAAAATAA,0
AAGAGACTGACCAAAG,0
AAGAGACTTGATCAAC,0
AAGAGAGAAGAGAAGG,0
AAGAGAGACTAACCAA,0
AAGAGAGATTGTGGAC,0
AAGAGAGCAGACTAGG,0
AAGAGAGTAAAATATC,0
AAGAGAGTTTATTCCA,0
AAGAGATAAACAGAGC,0
AAGAGATAAAGTACAT,0
AAGAGATACAGAACCA,0
AAGAGATATATCAGAC,0
AAGAGATCTGAGCGTC,0
AAGAGATGCTTATCTC,0
AAGAGATGTGCGCATT,0
AAGAGATGTTGCTCTT,0
AAGAGATTAACACACT,0
AAGAGCAAAGCCTGAG,0
AAGAGCAATGAATATT,0
AAGAGCACTAAATCCT,0
AAGAGCATCACATCAA,0
AAGAGCCAAAAACACA,0
AAGAGCCAAAGTCTCC,0
AAGAGCCATTTTACGC,0
AAGAGCCGCTTGATTT,0
AAGAGCCTGGCCCCAA,0
AAGAGCGAAGAAATTC,0
AAGAGCGATAACGAAC,0
AAGAGCGCTTACAAGG,0
AAGAGCTAAAACATAA,0
AAGAGCTAACATAAAA,0
AAGAGCTAATAAATAT,0
AAGAGCTATGACTATA,0
AAGAGCTCACAATGAC,0
AAGAGCTGGAATAAAT,0
AAGAGCTTAACTAAAA,0
AAGAGCTTTAGTACCC,0
AAGAGGAACACTTGAC,0
AAGAGGAATAATCTTA,0
AAGAGGAATATACAAT,0
AAGAGGAATCTCACCC,0
AAGAGGAATGTAACAT,0
AAGAGGAGCCTGAACG,0
AAGAGGATACCCAGAG,0
AAGAGGATGACCTACA,0
AAGAGGATGTATTTAT,0
AAGAGGCACGACCAGT,0
AAGAGGCAGGGACGAA,0
AAGAGGCTGATACAAA,0
AAGAGGGCGACAGAAG,0
AAGAGGGGTGAAGACT,0
AAGAGGTAATTTGGTG,0
AAGAGGTCTACAAAAA,0
AAGAGGTCTGGTGTAC,0
AAGAGGTCTTATAACT,0
AAGAGGTGTCCAAAAA,0
AAGAGTAAAGTTAATG,0
AAGAGTAAATGTAAAA,0
AAGAGTAACCCGGGAC,0
AAGAGTAGACATAGAT,0
AAGAGTAGCTAAGCGA,0
AAGAGTATACTGTCTA,0
AAGAGTATTTGATCGC,0
AAGAGTCATAAATTTA,0
AAGAGTCCAAATAATA,0
AAGAGTCTAAGAAAAG,0
AAGAGTGTAGAGGTCT,0
AAGAGTTAAAAACTTA,0
AAGAGTTTCACCCAGC,0
AAGATAAAAAACAACC,0
AAGATAAAAACAAGCT,0
AAGATAAAACCCGAGA,0
AAGATAAAATACACCG,0
AAGATAAAATTATAAT,0
AAGATAAACACAGCCG,0
AAGATAAATAACCAAT,0
AAGATAACACAAGGTT,0
AAGATAAGATTCAGTC,0
AAGATAAGGGCAATAA,0
AAGATAAGGTTCTAAA,0
AAGATAAGTCGTAACG,0
AAGATAAGTTGATCCA,0
AAGATAAGTTTTAAAG,0
AAGATAATCGGCGATT,0
AAGATACAAACAACCT,0
AAGATACAACCTTACA,0
AAGATACAAGGATTTT,0
AAGATACAGAACTAAG,0
AAGATACATGACCCAT,0
AAGATACGCATACAAA,0
AAGATACGCATTTAAA,0
AAGATACTCGCTGACT,0
AAGATAGAAGAAGAGC,0
AAGATAGACCCCTTTG,0
AAGATAGATTCTGACT,0
AAGATAGCTGGTGTCA,0
AAGATAGGCAGTACGG,0
AAGATAGTGATAAACT,0
AAGATAGTGGTTTCAG,0
AAGATATAAGCATTTA,0
AAGATATACGAGCAAA,0
AAGATATAGTTTGGAA,0
AAGATATATCATAGGA,0
AAGATATATGGATATA,0
AAGATATCCAAAAGAA,0
AAGATATCCAAAATAG,0
AAGATATCCTAATGCT,0
AAGATATCTTACTAAC,0
AAGATATGAAAGACTC,0
AAGATCAAGCCGAAGA,0
AAGATCACAGCGCACA,0
AAGATCACCTGCCTCT,0
AAGATCCACAATAGAG,0
AAGATCCACCAAGCAA,0
AAGATCCCGATCAGAG,0
AAGATCCTAACCAATA,0
AAGATCCTACTATCAT,0
AAGATCGATCGTAAAG,0
AAGATCGCAATGGAAA,0
AAGATCGCAGCGAGTT,0
AAGATCGTATGGGGCG,0
AAGATCTCGAAAGTAA,0
AAGATCTCTACAAGTA,0
AAGATCTCTCATTAAT,0
AAGATCTTTGGTAGTA,0
AAGATGACAACTCACC,0
AAGATGACACACAAAC,0
AAGATGAGGAAAAGCA,0
AAGATGAGGGAGCCGT,0
AAGATGAGTAGCACAA,0
AAGATGATACAACCAC,0
AAGATGATCTATATAG,0
AAGATGATTTCCAAAT,0
AAGATGATTTGAGCGA,0
AAGATGCAACAAAGCT,0
AAGATGCCGACCTTAA,0
AAGATGCTCAAGTTGA,0
AAGATGCTCAGGTGTA,0
AAGATGGACGACCAAA,0
AAGATGGGTACCCTTT,0
AAGATGTAAACTTACG,0
AAGATGTCATATCACA,0
AAGATGTTATCTACCA,0
AAGATTAACAACTTAA,0
AAGATTAATATTGATA,0
AAGATTACAAGGACAT,0
AAGATTACAGAACATC,0
AAGATTAGTTAAGGTT,0
AAGATTATACGCGGAC,0
AAGATTATTTGAACTA,0
AAGATTCAATTGGGAA,0
AAGATTCATTTTGCGA,0
AAGATTCCACTAATAG,0
AAGATTCCGGTTTGTC,0
AAGATTCCTATCAAGA,0
AAGATTCTTATAACTC,0
AAGATTGCAACGTTCC,0
AAGATTGCGTCGAAAA,0
AAGATTGGCCAAGTGC,0
AAGATTGTGATTAAAA,0
AAGATTTAGTGGAGAA,0
AAGATTTCACATAACC,0
AAGATTTCAGAAAGAC,0
AAGATTTCTAAGGGTC,0
AAGATTTCTAATTAAC,0
AAGATTTCTTAACGGT,0
AAGATTTTGAAAAAAT,0
AAGATTTTTAATTCTA,0
AAGCAAAACCAAAAAT,0
AAGCAAAACTCAGCTA,0
AAGCAAAAGAAATGCT,0
AAGCAAAAGTTACTTC,0
AAGCAAAATCACACTC,0
AAGCAAACAATGGAAC,0
AAGCAAACATAGATCG,0
AAGCAAACTGAAACAG,0
AAGCAAACTTAAGAAA,0
AAGCAAAGAACGCCAA,0
AAGCAAAGAAGCTCAT,0
AAGCAAAGAGGGTGGT,0
AAGCAAATACCATCTT,0
AAGCAAATCAACATCC,0
AAGCAAATCTGGGCCA,0
AAGCAACAAATTGGTC,0
AAGCAACACATTGCAG,0
AAGCAACCCAATGCCA,0
AAGCAACTAATGAACA,0
AAGCAACTATTTACAG,0
AAGCAACTCGAATGCA,0
AAGCAACTGAAAAATG,0
AAGCAAGAATAAAAAA,0
AAGCAAGACTAATCAA,0
AAGCAAGCGTAAACTG,0
AAGCAATAACACTCGT,0
AAGCAATAACGTCAGC,0
AAGCAATCTAAATAGG,0
AAGCAATCTATTAACT,0
AAGCAATGATGCACTC,0
AAGCAATTCTGTTAAT,0
AAGCACAAAATAGATA,0
AAGCACAAGAATAAGG,0
AAGCACACTAACGCCC,0
AAGCACAGTAAAAAAT,0
AAGCACATGTGACGCC,0
AAGCACATTAACTGTC,0
AAGCACATTTAAGTAT,0
AAGCACCAACACGTGG,0
AAGCACCAATACCATT,0
AAGCACCAGCGGGACT,0
AAGCACCAGTTTTATA,0
AAGCACCATTCCCACA,0
AAGCACCCAAAATAGA,0
AAGCACCGACAGAAAA,0
AAGCACCTGAGATATC,0
AAGCACGAATTTTACC,0
AAGCACGATATTAACA,0
AAGCACGCCACCCCAG,0
AAGCACTGTTTGTCAA,0
AAGCACTTCCTAAGAT,0
AAGCACTTGTATATCA,0
AAGCAGACTCAAAATA,0
AAGCAGAGATAGATTA,0
AAGCAGATCACGCATA,0
AAGCAGATGTGCACAA,0
AAGCAGCACTTATATG,0
AAGCAGCCCTGTTACA,0
AAGCAGGCATAACTTA,0
AAGCAGGTTAATGGGT,0
AAGCAGGTTTAAATAC,0
AAGCAGTATAGTCAGA,0
AAGCAGTCAGCACTGA,0
AAGCAGTCAGTCGACC,0
AAGCAGTCTCCGGCAA,0
AAGCAGTTTACCAGAA,0
AAGCAGTTTATTATAG,0
AAGCATAAAGCTGAAA,0
AAGCATAACTAAAGAA,0
AAGCATAATTGAAATT,0
AAGCATACCGAAGCGT,0
AAGCATAGCCATAAGA,0
AAGCATAGCTATAAAC,0
AAGCATATGATTAATA,0
AAGCATATTAACGGAT,0
AAGCATATTTGAGGAT,0
AAGCATCACCCCAGTA,0
AAGCATCATCAGCTGA,0
AAGCATCGGCCAAAAG,0
AAGCATCTAATCAAAG,0
AAGCATGTAATTATGT,0
AAGCATTAACAATCCA,0
AAGCATTACATTGATA,0
AAGCATTAGAACTAAG,0
AAGCATTGGTAAAGCC,0
AAGCCAAAAATCGCAT,0
AAGCCAAAACCTCGAA,0
AAGCCAACTAATACAA,0
AAGCCAATATTCAATT,0
AAGCCAATCTGAACAC,0
AAGCCAATGGATCCAA,0
AAGCCACATGAACCGG,0
AAGCCACCCCCATAGT,0
AAGCCACGGTAAATAA,0
AAGCCACGTTTTAAAG,0
AAGCCAGAAACTAAAA,0
AAGCCAGAGGGAACAG,0
AAGCCAGGACTGTGTA,0
AAGCCATAACTATACT,0
AAGCCATAGAAAGCTA,0
AAGCCATGTATATTAC,0
AAGCCATTGCTAAAGT,0
AAGCCATTTCACCTGA,0
AAGCCATTTCTATATT,0
AAGCCCAAAATTAGAT,0
AAGCCCAAGTTGAGTA,0
AAGCCCAATTCATAGG,0
AAGCCCACATGTAGGA,0
AAGCCCAGACTAGAAG,0
AAGCCCAGCAGAGTTG,0
AAGCCCAGCCATTCGC,0
AAGCCCATGTCTTAAA,0
AAGCCCATTAATTACA,0
AAGCCCCACTTTATAC,0
AAGCCCCCGTAAATTA,0
AAGCCCGAAGATTACA,0
AAGCCCGACAAGATAC,0
AAGCCCGTAAAGGGTA,0
AAGCCCTACCAGTGTT,0
AAGCCCTTACACCAAC,0
AAGCCGAATGAGAATC,0
AAGCCGATCGATACCA,0
AAGCCGCCCCAGGGAG,0
AAGCCGCCTGCAAACA,0
AAGCCGGCAACTATTA,0
AAGCCGGCTTCTTGCC,0
AAGCCGGGTAGGCCTC,0
AAGCCGTGGAAGAGTA,0
AAGCCTAAAGGATCTG,0
AAGCCTAAGTAAATAG,0
AAGCCTAATAGCAATT,0
AAGCCTAGCCTGATAA,0
AAGCCTATAATTTGAA,0
AAGCCTATACAAATCA,0
AAGCCTCTCACCGCAA,0
AAGCCTGAAAGCGTAG,0
AAGCCTGAGACGGCTC,0
AAGCCTGCGAATAATG,0
AAGCCTGGCATCCAAG,0
AAGCCTGTAGATTAGG,0
AAGCCTTAAAGGTCTT,0
AAGCCTTAATCAACGA,0
AAGCCTTAATGAAAGA,0
AAGCCTTATCCTTCAC,0
AAGCCTTGTCTTACCG,0
AAGCCTTTTAGATGCG,0
AAGCCTTTTTAACGTA,0
AAGCGAAACAACTAAA,0
AAGCGAAACAGTGCTC,0
AAGCGAAACTAATGTC,0
AAGCGAAACTGTAGAT,0
AAGCGAAATACGAAAT,0
AAGCGAACAGACATAT,0
AAGCGAAGTAAACATA,0
AAGCGAATCAGATGTA,0
AAGCGACATAACATAT,0
AAGCGACGACCTGAGC,0
AAGCGACGTTAATCAA,0
AAGCGACGTTACATAT,0
AAGCGACTGTAAGAAT,0
AAGCGAGAAATCAGAC,0
AAGCGAGAATGCATCC,0
AAGCGAGAGCGTGCTT,0
AAGCGAGGCAAAATTT,0
AAGCGAGTTCATCGAC,0
AAGCGAGTTCGGAAGT,0
AAGCGATAAATCGGTT,0
AAGCGATCGAGGTACA,0
AAGCGATTATATAATA,0
AAGCGATTTAACTAAA,0
AAGCGCACGGAAAAAC,0
AAGCGCAGGACCCCTG,0
AAGCGCCCAACAAAAA,0
AAGCGCCTGAATCTAA,0
AAGCGCGGCACCCCCC,0
AAGCGCGGTTTAACCT,0
AAGCGCTCAGTTTTCT,0
AAGCGCTCCCTAATTT,0
AAGCGGACACGTATCA,0
AAGCGGGACTCTAACT,0
AAGCGGGTTAACCTTT,0
AAGCGTAAACAAAACA,0
AAGCGTAGCTGCTTCT,0
AAGCGTCAACGATTAG,0
AAGCGTCAATGCGGTG,0
AAGCGTCGATAAACGA,0
AAGCGTCTCAGCACGT,0
AAGCGTGAGGTCCCGT,0
AAGCGTGGTAGAGCTT,0
AAGCGTTACTACACTA,0
AAGCGTTGAGATAATT,0
AAGCGTTGGGGTTAAA,0
AAGCGTTGTTCTTGGC,0
AAGCTAACCAGTAGCG,0
AAGCTAACGGCTTAAA,0
AAGCTAACTCAAGATA,0
AAGCTAAGACTTAAAA,0
AAGCTAAGAGGTATTT,0
AAGCTAAGTGATATAA,0
AAGCTAATATATTTAG,0
AAGCTACACAACTTAG,0
AAGCTACCACCCACAC,0
AAGCTACCTTTAGACT,0
AAGCTACGCAGGCAAA,0
AAGCTACTTTAATAGA,0
AAGCTAGAAAAAACAT,0
AAGCTAGAGGAGAAAT,0
AAGCTAGCCTTGAAAA,0
AAGCTAGGCAAAAATT,0
AAGCTATACAGAAACG,0
AAGCTATATTTATTTC,0
AAGCTATTCTAACTTC,0
AAGCTCAAACATGAGC,0
AAGCTCAATATATAAA,0
AAGCTCAATTTCTGAA,0
AAGCTCACACGCATAA,0
AAGCTCACATTATCCG,0
AAGCTCAGCTTTATGA,0
AAGCTCCAAATGAAAA,0
AAGCTCCCCATGATAG,0
AAGCTCCCGTGCAATT,0
AAGCTCCCTGTTACGG,0
AAGCTCCTACGCAAAG,0
AAGCTCGATACCAAAG,0
AAGCTCGCTTCTAAAA,0
AAGCTCTACAACTGTC,0
AAGCTCTACTGGAATA,0
AAGCTCTAGAGTAACT,0
AAGCTCTCTGGTTGAG,0
AAGCTGCAAAGCAAGC,0
AAGCTGTCCCGCCTCA,0
AAGCTTAAATGCCTTA,0
AAGCTTAATTTTTTCA,0
AAGCTTACATATGTCC,0
AAGCTTACCTCTGAGT,0
AAGCTTAGCATTTATG,0
AAGCTTATAAAACATA,0
AAGCTTCAAAGGGTTA,0
AAGCTTCAGAAGGTCC,0
AAGCTTCAGTACAACA,0
AAGCTTCCGAACTAAA,0
AAGCTTTAGTTTTTGA,0
AAGCTTTATGGACAAA,0
AAGCTTTATTACGATC,0
AAGCTTTCTGTTTACT,0
AAGCTTTTTAGATAAC,0
AAGGAAAAAACCAGAC,0
AAGGAAAAAATAACTT,0
AAGGAAAAATACAATA,0
AAGGAAAATGTTGAAC,0
AAGGAAACTATATAAC,0
AAGGAAAGAACATGTC,0
AAGGAAATAAACTTTT,0
AAGGAAATAGGATATG,0
AAGGAAATGTAAAAGG,0
AAGGAACAAATATATT,0
AAGGAACATCCTATTA,0
AAGGAACCAACGAGAA,0
AAGGAACGTCACTGTA,0
AAGGAAGAAAAATGAG,0
AAGGAAGAATAACTGG,0
AAGGAAGACAACTCAT,0
AAGGAAGATACATAAG,0
AAGGAAGTGCTTTAAG,0
AAGGAATAGAACTGTA,0
AAGGAATCCGAATTTA,0
AAGGAATCCGGAATGG,0
AAGGAATGCGACCACG,0
AAGGAATGTCCTAATT,0
AAGGAATTATCTGTAC,0
AAGGAATTGTTAGGAC,0
AAGGACAAATTAAGGT,0
AAGGACAGTAGTTGAA,0
AAGGACAGTCAAGGAT,0
AAGGACATGCATGATA,0
AAGGACCATAGAGATC,0
AAGGACCGGAATAACA,0
AAGGACGGAAATAGAA,0
AAGGACGGATACTAAA,0
AAGGACTAAACTGGAT,0
AAGGACTAATACTGCT,0
AAGGACTCACGAAGAA,0
AAGGACTCAGAACAAC,0
AAGGACTTATGAGTTG,0
AAGGAGAATAACTGCA,0
AAGGAGACTATATTAT,0
AAGGAGACTATTCAGT,0
AAGGAGATCTACCTAA,0
AAGGAGATGTTTGTAG,0
AAGGAGATTACTCACA,0
AAGGAGCCATCATCAA,0
AAGGAGGGTACTTACC,0
AAGGAGTTCTGGTTGC,0
AAGGATAAGATAGCCC,0
AAGGATAGCCATGATT,0
AAGGATATACTTCAAC,0
AAGGATCGTGAGTAAC,0
AAGGATGAACTTAACT,0
AAGGATGACTAAAAGT,0
AAGGATGGATGGTACT,0
AAGGATGTAACTATCG,0
AAGGATGTGAGGTATT,0
AAGGATGTGCATCGCA,0
AAGGATTATACACAAG,0
AAGGATTATTAATTTA,0
AAGGATTGACTATGAG,0
AAGGATTGGACTAACA,0
AAGGATTGGCCAGGTA,0
AAGGATTGTTTACCCA,0
AAGGATTTACTAAGAC,0
AAGGCAAAAAGTTAGT,0
AAGGCAAAACATAACC,0
AAGGCAACCAGTACTT,0
AAGGCAACGACGATGT,0
AAGGCAATTGGAAGTG,0
AAGGCACATACACTTA,0
AAGGCAGAATCTGCAC,0
AAGGCAGACATTGTTT,0
AAGGCAGATGCTTCTT,0
AAGGCAGGCAGCCGTT,0
AAGGCATATTCTCCCA,0
AAGGCATTGAAGTGCA,0
AAGGCATTTATAATTT,0
AAGGCCAAAGAGCAGA,0
AAGGCCAGACCTGAAA,0
AAGGCCCGACCCTGCC,0
AAGGCCCTGAAGAGAA,0
AAGGCCGAATTACGAC,0
AAGGCCGCTTGTTATA,0
AAGGCCGGCGTTACAG,0
AAGGCCTAAATAATAA,0
AAGGCCTAAGCACCAA,0
AAGGCCTCATAATAGG,0
AAGGCCTTAAGTCCTA,0
AAGGCGATTATAATCA,0
AAGGCGCTTGGATACA,0
AAGGCGGAAGTTTTTA,0
AAGGCGGACTTCATAA,0
AAGGCGGCCAAATGTA,0
AAGGCGTAGAATGGGA,0
AAGGCGTATTATTCAG,0
AAGGCTAAATATATAT,0
AAGGCTAACGAGATCA,0
AAGGCTAAGATATATA,0
AAGGCTAAGGTATTTA,0
AAGGCTACACGCAACG,0
AAGGCTACGCCATGAA,0
AAGGCTATTACCTGAA,0
AAGGCTCAAAAACAAA,0
AAGGCTCACACAACTT,0
AAGGCTCACTTTTTTA,0
AAGGCTCCAGATCAAA,0
AAGGCTCGGTCATATA,0
AAGGCTGGGCTAAATC,0
AAGGCTGTATTAATCT,0
AAGGCTTGACTATCGA,0
AAGGCTTTAGTAATCT,0
AAGGCTTTCCACTATC,0
AAGGGAAACAATAATG,0
AAGGGAACTATGTTAG,0
AAGGGACATCAGACCC,0
AAGGGACCAAACAATA,0
AAGGGACGGAGTCAAC,0
AAGGGAGAACAAAGGC,0
AAGGGATAAAGCGCTA,0
AAGGGATAACGGAATC,0
AAGGGATAATGAATCC,0
AAGGGATGAATCCAAA,0
AAGGGCAAGTGTGTTG,0
AAGGGCACCCGCAATA,0
AAGGGCATACGCCATA,0
AAGGGCATCGGTACTA,0
AAGGGCCTTCAGTAAT,0
AAGGGGTACAAGAAAT,0
AAGGGGTAGCATTAAC,0
AAGGGGTGTGTGTTAA,0
AAGGGTAAAATAACAA,0
AAGGGTAATAATCATT,0
AAGGGTCCGTTTAATA,0
AAGGGTCGTAAACAGA,0
AAGGGTGAACGCCTAG,0
AAGGGTGAGCTGAGCT,0
AAGGGTTAAAATTACT,0
AAGGGTTATTTAAACG,0
AAGGGTTCAAGCGTGC,0
AAGGGTTCCAAACCGT,0
AAGGGTTGATCAAAAT,0
AAGGGTTGGTTGCCCA,0
AAGGGTTTACTTCCTT,0
AAGGTAAACCCGCCAA,0
AAGGTAAATTTACAAA,0
AAGGTAATCCTCAAAT,0
AAGGTACTGCGCATCC,0
AAGGTACTGTCGAATC,0
AAGGTAGAGAGAGACG,0
AAGGTAGCAATACCAT,0
AAGGTAGTACCTGCAT,0
AAGGTATAACGGGCCG,0
AAGGTATACTGAGTGA,0
AAGGTATCTGTGGCCC,0
AAGGTATTGAACGATA,0
AAGGTCAAACTCACTG,0
AAGGTCATAGATGAAA,0
AAGGTCATGAATCACA,0
AAGGTCATTGAGGCGC,0
AAGGTCCACTATAATC,0
AAGGTCCCTAATACAT,0
AAGGTCCTAAACAAAG,0
AAGGTCGGACGCTAGA,0
AAGGTCTAAGTTAAGA,0
AAGGTCTACGAATACC,0
AAGGTGAAAAAGAACC,0
AAGGTGAAAGCAGGAA,0
AAGGTGACACGGCCCC,0
AAGGTGACTAAACTTT,0
AAGGTGAGGCAATCCG,0
AAGGTGGACTCATCAA,0
AAGGTGGTTAGTACCA,0
AAGGTGTCCACATTAA,0
AAGGTGTGAAAAGATG,0
AAGGTGTGATAGTGAA,0
AAGGTTAAAAAATACC,0
AAGGTTAACTATCAGA,0
AAGGTTAAGCTGCTTT,0
AAGGTTAATAATCCCA,0
AAGGTTACACAAAGAT,0
AAGGTTCACATCAGAC,0
AAGGTTCACCACGAAC,0
AAGGTTCAGCTCAAAT,0
AAGGTTCATAAGAAAG,0
AAGGTTCATACTAAAA,0
AAGGTTCCATTTTGAT,0
AAGGTTCGACGCCCGG,0
AAGGTTCTCAAAAATA,0
AAGGTTCTCTGAGATT,0
AAGGTTCTGGTAAATA,0
AAGGTTGAAACTAAGC,0
AAGGTTGTAAATACTA,0
AAGGTTTAGCAGGTAC,0
AAGGTTTGAATTGATA,0
AAGGTTTTAAATGAAC,0
AAGGTTTTCTTATACT,0
AAGTAAAAAACCCGAA,0
AAGTAAAACCACCACA,0
AAGTAAAACGAAAATC,0
AAGTAAAACGGAGAAA,0
AAGTAAAATAAAATGC,0
AAGTAAAATGGTGCCC,0
AAGTAAACAATCAAAC,0
AAGTAAAGGCTTATAC,0
AAGTAAAGGTTGCCTA,0
AAGTAAATCGGTTTGT,0
AAGTAAATGGAGAAAA,0
AAGTAAATGTAATACT,0
AAGTAAATTCTGACAA,0
AAGTAACAAACGGTCC,0
AAGTAACCCTAAAAAA,0
AAGTAACCTGGTGGAG,0
AAGTAACGCCCCATTA,0
AAGTAACGTAGTCGGA,0
AAGTAACTTATGAGAC,0
AAGTAACTTTAGTATT,0
AAGTAAGAAATACATT,0
AAGTAAGAACGCAAGA,0
AAGTAAGATGCATCTA,0
AAGTAAGCCGACAGAT,0
AAGTAAGCGTCTAAAC,0
AAGTAAGCTGTTAATA,0
AAGTAAGTAAGGGTAT,0
AAGTAATAATTGACTA,0
AAGTAATAGGCGTTAA,0
AAGTAATATAGCTTTC,0
AAGTAATCCATGATGA,0
AAGTAATCCGCTGAAC,0
AAGTAATCGCGACACT,0
AAGTAATCTGTTGAGT,0
AAGTAATGGGACTATT,0
AAGTAATGTTTTTATT,0
AAGTAATTATCATGCA,0
AAGTACACAATAACGA,0
AAGTACACTAATCTAA,0
AAGTACAGAGATAAAC,0
AAGTACAGGGTGTTTG,0
AAGTACATAACCATTC,0
AAGTACATAAGTCGTA,0
AAGTACATCTTATGAT,0
AAGTACATCTTGCACG,0
AAGTACCAAAAAAACG,0
AAGTACCAGATCCAAC,0
AAGTACCATACATTTA,0
AAGTACCCCTCCGCGA,0
AAGTACGCTCTCACGC,0
AAGTACTAATAACCAT,0
AAGTACTACCAGACCA,0
AAGTACTAGCCCACAA,0
AAGTACTATATGTTAC,0
AAGTACTTGTCGGCAT,0
AAGTAGAAAGTTTGAT,0
AAGTAGAAGAACTGCT,0
AAGTAGACACTAACGA,0
AAGTAGACTTCAAAAA,0
AAGTAGAGAAACTTCA,0
AAGTAGATTAAGAACC,0
AAGTAGCAAAGGACTA,0
AAGTAGCAACACAGGT,0
AAGTAGCAAGAGCGTA,0
AAGTAGGAAATGCTAC,0
AAGTAGGTAAATTTGT,0
AAGTAGGTAGCATACT,0
AAGTAGGTTGATATAT,0
AAGTAGTAATATCTAG,0
AAGTAGTCTTCACTTA,0
AAGTATAAAAACGCGA,0
AAGTATAAAACTAAAC,0
AAGTATAAAAGTTGTG,0
AAGTATAACAGGCTAT,0
AAGTATAATTAACATT,0
AAGTATACAACAGCAA,0
AAGTATATAGAACTAA,0
AAGTATATTGGGAACG,0
AAGTATCATACCGCAG,0
AAGTATCCAGGCTTGA,0
AAGTATCCTCACATGT,0
AAGTATCGAGACAAGG,0
AAGTATGACTCATGTC,0
AAGTATGCAACAGTAA,0
AAGTATGCTTCAAGAG,0
AAGTATGGCAACAATA,0
AAGTATGTTACATCTA,0
AAGTATTAACCGCCGG,0
AAGTATTAATAAGATG,0
AAGTATTACGTAGAAA,0
AAGTATTATATGCTTT,0
AAGTATTCATATGAAT,0
AAGTATTCCGTATTAC,0
AAGTATTCTAAATGGA,0
AAGTATTGAAAAAAGA,0
AAGTATTGAATCTGAA,0
AAGTATTGATTGTCAC,0
AAGTATTTAAAGCCTT,0
AAGTATTTCGAGAACC,0
AAGTCAAAAATTTAGG,0
AAGTCAACAAGATCAC,0
AAGTCAACCATTTGAG,0
AAGTCAACCTCCTTGA,0
AAGTCAAGATACAGAG,0
AAGTCAAGATGTACTT,0
AAGTCAATAATAAATC,0
AAGTCAATACCAATAT,0
AAGTCAATATTCTTCA,0
AAGTCACACAAAGACG,0
AAGTCACACAACCTAA,0
AAGTCACACATCCCAA,0
AAGTCACATCAAGATA,0
AAGTCACTAAAAACTT,0
AAGTCACTTGCCATCA,0
AAGTCAGAGTAAAACG,0
AAGTCAGATCAAGGAG,0
AAGTCAGATTAATAGG,0
AAGTCAGCAAAAAATG,0
AAGTCAGCGTGCGTGT,0
AAGTCAGGCCCTTAGA,0
AAGTCATCAGCCATAT,0
AAGTCATCGATGATGC,0
AAGTCATCTAGAAGTT,0
AAGTCATTAAGGCATA,0
AAGTCATTAGTATTAT,0
AAGTCATTGCATCGAA,0
AAGTCCAAATGACTGA,0
AAGTCCACAAAACACC,0
AAGTCCACACTATACA,0
AAGTCCATATACAAAA,0
AAGTCCATTGAGATCT,0
AAGTCCATTTTTACCT,0
AAGTCCCATAACAGTA,0
AAGTCCCGGTGAGACG,0
AAGTCCGTAAGTTTGG,0
AAGTCCTAAAAATTGA,0
AAGTCCTCAAACAATA,0
AAGTCCTCTGGTAGAG,0
AAGTCCTTACTCTCAT,0
AAGTCGAAAGGACGAT,0
AAGTCGACAAGACATG,0
AAGTCGGCACAAGTGA,0
AAGTCGGCCTAAACAA,0
AAGTCGGTCACAAACG,0
AAGTCGTTTGTCTGCA,0
AAGTCTAAACGGTAAC,0
AAGTCTAAATCTCACC,0
AAGTCTACAAGAAGCA,0
AAGTCTACACTAAAAT,0
AAGTCTACATAGGTGA,0
AAGTCTATATGACTAC,0
AAGTCTATGAAGCCCA,0
AAGTCTATGATAATTG,0
AAGTCTCAAGAATAAT,0
AAGTCTCACTTCTATT,0
AAGTCTCTGAGGTCGG,0
AAGTCTGCCAAAAGTA,0
AAGTCTGTGGATGGTG,0
AAGTCTTAAATCCACT,0
AAGTCTTACAGTAAAT,0
AAGTCTTATAGACCAA,0
AAGTGAAAGCGGACCC,0
AAGTGAAATCCTCGAG,0
AAGTGAAATTGACAAA,0
AAGTGAACAACAATGT,0
AAGTGAACATGGTGCT,0
AAGTGAATAAAAAGGT,0
AAGTGAATTTACCCAT,0
AAGTGACACATTTGCC,0
AAGTGACAGCGCCCTT,0
AAGTGACCATTCAGAC,0
AAGTGACCCTCCACTG,0
AAGTGAGAAAAAAAAG,0
AAGTGAGGAGATCAAG,0
AAGTGAGTTGCTAAAA,0
AAGTGATCCTAAGTGG,0
AAGTGATGCCTACAAT,0
AAGTGCAAATACTTAG,0
AAGTGCAATACGATAC,0
AAGTGCAATTCATAAC,0
AAGTGCACTTAACGCT,0
AAGTGCATAACGTATA,0
AAGTGCCAACAGATTA,0
AAGTGCCATAACCGTC,0
AAGTGCCTCAGTTGAA,0
AAGTGCTGATCTAATT,0
AAGTGCTTCGTAATAC,0
AAGTGGAAATTGAAAA,0
AAGTGGACTCAAAAAG,0
AAGTGGATAGAGGATA,0
AAGTGGCAACCACTAA,0
AAGTGGGAACTTTAGA,0
AAGTGGTTGTCAGAGC,0
AAGTGTAAAAAGTCAA,0
AAGTGTACACAAGACC,0
AAGTGTACCGTCTAAA,0
AAGTGTAGCCCAAATG,0
AAGTGTCATTCATTGA,0
AAGTGTCCCCGTAACC,0
AAGTGTCTGTAAGATG,0
AAGTGTCTTGAAATTT,0
AAGTGTGAACTGACGG,0
AAGTGTGGAAACTTCC,0
AAGTGTTACATAAAAA,0
AAGTGTTACGTAATAC,0
AAGTGTTCACCACAGT,0
AAGTGTTTAGTGAGCT,0
AAGTTAAAACTACTAA,0
AAGTTAACAGGAAACA,0
AAGTTAACTGAACTTA,0
AAGTTAACTTCAAGTC,0
AAGTTAAGGACCGAAC,0
AAGTTAATATGGCATC,0
AAGTTAATTACCATGG,0
AAGTTAATTGCACAGC,0
AAGTTACACTGTTAAT,0
AAGTTACCAAACATCA,0
AAGTTACTAGCAACAA,0
AAGTTACTCCCTCGTC,0
AAGTTAGAAAACAAAC,0
AAGTTAGTTAAATAGA,0
AAGTTATACCCCGTAC,0
AAGTTATACCTATTAA,0
AAGTTATAGTCACAGC,0
AAGTTATATAATCCTC,0
AAGTTATATCAGAATA,0
AAGTTATATGACGTGC,0
AAGTTATCGCATCAAA,0
AAGTTATTTGTTAATA,0
AAGTTCAAACAGAACG,0
AAGTTCAAAGAAGAAC,0
AAGTTCAAATGTCGGA,0
AAGTTCACCAAACCTG,0
AAGTTCAGAATCGCGT,0
AAGTTCAGGAGTTCAA,0
AAGTTCATAGGTACAG,0
AAGTTCCAACCAACAG,0
AAGTTCCAGGTTAGAA,0
AAGTTCCATCAGTTCC,0
AAGTTCCATCTATTTA,0
AAGTTCCCCTGGTAGT,0
AAGTTCCGCCATTCGC,0
AAGTTCCGTTATGACT,0
AAGTTCCTCATAATGC,0
AAGTTCGAAAGAATTA,0
AAGTTCGTAGGGATGA,0
AAGTTCTAGAGGAAGA,0
AAGTTCTATAGTAGTC,0
AAGTTCTGAAAACCAC,0
AAGTTCTGCTACTTCG,0
AAGTTCTTAGCTGAAG,0
AAGTTGAAGATGTACT,0
AAGTTGAATACAAGTT,0
AAGTTGACATGAAGTA,0
AAGTTGACCACAAATA,0
AAGTTGAGGTCATCGC,0
AAGTTGCGTATAGACC,0
AAGTTGGAGGCCAAGC,0
AAGTTGTAAACATGGC,0
AAGTTGTACCACTTCA,0
AAGTTGTCCTAAACGC,0
AAGTTGTTGTCGCCCA,0
AAGTTTACACAAACGG,0
AAGTTTACATCATATA,0
AAGTTTACCTGCTTAT,0
AAGTTTAGTTGGGCGA,0
AAGTTTATCTACGAAA,0
AAGTTTCAGATACTAT,0
AAGTTTCTGAGCTCAC,0
AAGTTTGAACTCGCTC,0
AAGTTTGTATAAGGCA,0
AAGTTTGTCATATCAA,0
AAGTTTTCCGATTATT,0
AAGTTTTGTCCATATC,0
AATAAAAAAATATGAC,0
AATAAAAAATAGACAA,0
AATAAAAAATGAATAG,0
AATAAAAACAACATCC,0
AATAAAAAGATGACCT,0
AATAAAAATGAAATAA,0
AATAAAACAAAAGTTA,0
AATAAAACAGAAATAA,0
AATAAAACCAAGATAA,0
AATAAAACCCACGCCA,0
AATAAAACCGACAACA,0
AATAAAACGACTCTAT,0
AATAAAAGACAACTCT,0
AATAAAAGTGACACAA,0
AATAAAATAAAAAAAC,0
AATAAAATAACATAAC,0
AATAAAATCAAAATTA,0
AATAAAATCAAATGTT,0
AATAAAATGTCATATA,0
AATAAACAAACTGAAG,0
AATAAACAGACAGTTA,0
AATAAACATAATGACA,0
AATAAACATCCGATAG,0
AATAAACATTTCCTTA,0
AATAAACCAAAACCGC,0
AATAAACCAAGTGACC,0
AATAAACCAGAAGTAG,0
AATAAACCATTTTATG,0
AATAAACCGGGGTTTG,0
AATAAACCTAAGTCCC,0
AATAAACTAAAAACCC,0
AATAAAGAAGTTAGGT,0
AATAAAGACAACATAT,0
AATAAAGCAATTACAC,0
AATAAAGGAGATACAA,0
AATAAAGGATGTGAAC,0
AATAAAGGCTCAAGTA,0
AATAAAGGTCAAATCC,0
AATAAAGGTCCGGTTA,0
AATAAAGGTTAAGCGT,0
AATAAAGTGGAATGAG,0
AATAAATAAATCATAT,0
AATAAATAAGTAACTA,0
AATAAATACAGAAAAA,0
AATAAATACTGAAACT,0
AATAAATACTTAACAG,0
AATAAATAGGTGAAAA,0
AATAAATATAAGATGC,0
AATAAATATCAGCGAC,0
AATAAATATCCACATC,0
AATAAATCTCTGCAAT,0
AATAAATCTGGGGCAG,0
AATAAATGCGTGAGAC,0
AATAAATGGGGGAAGT,0
AATAAATTATAAAGTC,0
AATAAATTCCTACACT,0
AATAAATTTTCACAGG,0
AATAACAAAACGTGTA,0
AATAACAAAGCGTGAA,0
AATAACAAAGTTTAAT,0
AATAACAACAACGTAA,0
AATAACAACCTACAAG,0
AATAACAACTTGACTA,0
AATAACAATAAGCGAG,0
AATAACAATTCTATAA,0
AATAACACATGGTAAA,0
AATAACACATTTATGT,0
AATAACAGAAAATAGA,0
AATAACAGAGCCAAAT,0
AATAACAGGGGCAATA,0
AATAACATGCTATGTA,0
AATAACATTCCACCTC,0
AATAACATTGAAAAAA,0
AATAACATTTAGAATA,0
AATAACATTTAGGACT,0
AATAACCAAAAGATAC,0
AATAACCACAGGCCGA,0
AATAACCACTTTATTG,0
AATAACCAGAGGGGTA,0
AATAACCGCGGACTTA,0
AATAACCGGAAAGAAA,0
AATAACCTAAGCAAAA,0
AATAACCTAATAACCT,0
AATAACCTGAAGAACC,0
AATAACGAACCAGCTA,0
AATAACGACAAAATAT,0
AATAACGCGGGCACAC,0
AATAACGCTCCTGAGT,0
AATAACGTGTAAACAA,0
AATAACTAACCCGAAC,0
AATAACTAAGATCCCA,0
AATAACTAAGGCTTCA,0
AATAACTACACTAATA,0
AATAACTACATATAAG,0
AATAACTACGAGGTAG,0
AATAACTAGATGAAAA,0
AATAACTCAGCACACA,0
AATAACTCAGCCACAC,0
AATAAGAAACTAACAA,0
AATAAGAAATAAGCCA,0
AATAAGAACGGATTGA,0
AATAAGAAGAGAATCT,0
AATAAGAATCCAACAC,0
AATAAGAGACAAAGTT,0
AATAAGAGCAATTATT,0
AATAAGAGGAGAACGG,0
AATAAGATACCATACT,0
AATAAGCAAAGGTCGG,0
AATAAGCAATACAAGG,0
AATAAGCACTATAGAA,0
AATAAGCAGACTAAGT,0
AATAAGCAGCCCACTC,0
AATAAGCATATAGGCA,0
AATAAGCATTTGCGGC,0
AATAAGCCTAGGCAGA,0
AATAAGCCTCTAACTA,0
AATAAGCGATCCTCTA,0
AATAAGCTAACTACTA,0
AATAAGCTTAATACTC,0
AATAAGGAATAGAAAA,0
AATAAGGATAAACAAA,0
AATAAGGCAATTGCTA,0
AATAAGGCCTAATGGA,0
AATAAGGCGCAAATTC,0
AATAAGGGTTAGATAA,0
AATAAGGTAAGAATTA,0
AATAAGTAAAAAGCTT,0
AATAAGTAAACCAACA,0
AATAAGTATAACACTA,0
AATAAGTCATGGGTCC,0
AATAAGTCATTGAATA,0
AATAAGTCTAAGATTA,0
AATAAGTTACGTTCTC,0
AATAAGTTGTACCATA,0
AATAAGTTTCGGTCGA,0
AATAATAAAAACGGGT,0
AATAATAAAGAAGCCT,0
AATAATAAATGATACA,0
AATAATAACATACAAC,0
AATAATAACCGAACAT,0
AATAATAACTAAAGCT,0
AATAATAATCGAATCT,0
AATAATAATGCACAAT,0
AATAATACAGGAGAAT,0
AATAATACATCCAATA,0
AATAATACCAAATGAG,0
AATAATACCAACACAG,0
AATAATACCCTTAAGT,0
AATAATACCTTAAGAA,0
AATAATACTGAAATGA,0
AATAATACTTTTTCCA,0
AATAATAGAAATTTTC,0
AATAATAGAAGATCTG,0
AATAATAGAGCGAGGC,0
AATAATAGATCTTGTC,0
AATAATAGATGTCTGC,0
AATAATAGGGAGCCTG,0
AATAATAGTGTTCGGT,0
AATAATATGACATTAG,0
AATAATATGGTACACG,0
AATAATATTTAACAAA,0
AATAATCAGCGCGAAA,0
AATAATCATAAGGATG,0
AATAATCATCTATCAT,0
AATAATCCAACACTCC,0
AATAATCCACCGTAGA,0
AATAATCGACACGAGG,0
AATAATCGATAAATTG,0
AATAATCTCATGAATG,0
AATAATGGCAACTACC,0
AATAATGGTACATCAG,0
AATAATGTGAATAAGA,0
AATAATTAAAACAAAA,0
AATAATTAATTGGGAC,0
AATAATTAGAAATAAT,0
AATAATTATTTGCCCA,0
AATAATTCACCCCAAA,0
AATAATTGAATAGTTA,0
AATAATTGCCCTAAAG,0
AATAATTTACCTAATG,0
AATAATTTACTAACCG,0
AATAATTTCAACCATA,0
AATAATTTCATACCGA,0
AATAATTTCATACTCT,0
AATAATTTCCACCATA,0
AATAATTTCCGAGAGT,0
AATAATTTTATAAGCT,0
AATAATTTTTACCCAT,0
AATACAAAAACCACCG,0
AATACAAAACATGACT,0
AATACAAAGATAATAC,0
AATACAAAGGACACAT,0
AATACAAAGTGGACGA,0
AATACAAATAATAATT,0
AATACAACCATGCATG,0
AATACAACCCTCTAAG,0
AATACAACGAAACCTT,0
AATACAACTAAATAAG,0
AATACAAGTCTCTGCC,0
AATACAATATGATAAT,0
AATACAATCCCTCGTG,0
AATACAATTTTAAGGA,0
AATACACAAGTGCCCA,0
AATACACAGTCCACCG,0
AATACACATAAGACGC,0
AATACACATTGATTAG,0
AATACACCATGTCATT,0
AATACACCCCGTGGTA,0
AATACACGCCTCACAC,0
AATACACTAATATTCT,0
AATACACTTTGTTGGA,0
AATACAGATGCCTTTT,0
AATACAGATTAATTTA,0
AATACAGGTGCCATTC,0
AATACAGTGTATTTAC,0
AATACATAGCCCGAGA,0
AATACATAGCTCAGCC,0
AATACATATTTCCGCA,0
AATACATCCTGGACAA,0
AATACATCGGTTAAAT,0
AATACATCGTATCTCT,0
AATACATCTGATTACA,0
AATACATCTTACACAT,0
AATACATGATGTAATA,0
AATACATTAATGAAAG,0
AATACATTAGCAAATC,0
AATACCAAACTATCAA,0
AATACCAACCCAGAGC,0
AATACCAACGCGAGGA,0
AATACCAACTAGTGGC,0
AATACCAAGAAACGTA,0
AATACCACAATAAACT,0
AATACCACAGATCAGA,0
AATACCACGTTCAGTT,0
AATACCAGACTAAAGC,0
AATACCAGGACATTGA,0
AATACCATAGGCCTCA,0
AATACCATAGTACGTC,0
AATACCATTCTGAAGG,0
AATACCATTCTGACAC,0
AATACCCACGACTGAT,0
AATACCCCAAGCTCAT,0
AATACCCGCCACAGAT,0
AATACCCGTAACATAG,0
AATACCCGTAATCCAT,0
AATACCGAGCACACAC,0
AATACCGAGGAATGAG,0
AATACCGAGTATGGTC,0
AATACCGGATCTAGTG,0
AATACCTAACCCGTCT,0
AATACCTATACAGTAA,0
AATACCTCCGTACTGC,0
AATACCTCCGTGCAAT,0
AATACCTGCTTATTCT,0
AATACCTTACAGTATC,0
AATACCTTATTCAATG,0
AATACGAAAAATAATC,0
AATACGAACGTGACAT,0
AATACGAACTACCAAA,0
AATACGAACTTGTATA,0
AATACGACTAGTACTT,0
AATACGACTTCCGAAA,0
AATACGAGCTCGAGCA,0
AATACGAGTAAATATT,0
AATACGATATTTAACT,0
AATACGATCGATCAAC,0
AATACGCAAACATAAT,0
AATACGCGACAGATAC,0
AATACGCGTCATCAAA,0
AATACGCTGATTGTAA,0
AATACGGACACCGCAC,0
AATACGGATCGAACCT,0
AATACGGTGGTAACAA,0
AATACGGTTTTGTTTC,0
AATACGTAAAACATTG,0
AATACGTCCAAGCAAA,0
AATACGTGACCGAGGT,0
AATACGTTAATCATGG,0
AATACGTTTCCCGGAT,0
AATACTAAAAAGTGAG,0
AATACTAAAAATATGA,0
AATACTAAAAGGCAAC,0
AATACTAACAAGACCC,0
AATACTAAGTTGTTAA,0
AATACTAATTTTATAA,0
AATACTACCAGAAGAC,0
AATACTACCCTGGCAG,0
AATACTACGCTAAAGG,0
AATACTAGAGACACAA,0
AATACTATACTAATAC,0
AATACTATGCCACCCC,0
AATACTATGGATTCAC,0
AATACTATTATCTTCA,0
AATACTCAAAAACAAG,0
AATACTCCGAGACGGA,0
AATACTCGCAAAATTT,0
AATACTCGCAAGTCTA,0
AATACTCTAACTATTG,0
AATACTCTACCGACTA,0
AATACTCTCGAATAGA,0
AATACTGATGGCCTAC,0
AATACTGCCTCGCTCT,0
AATACTGTCTCACTAC,0
AATACTTACCATAGTT,0
AATACTTAGAACAACA,0
AATACTTGAACTGTAG,0
AATACTTTAGTCAAAC,0
AATACTTTATCATTTC,0
AATACTTTATTACAGC,0
AATAGAAAAATCATTC,0
AATAGAAACATCTAGC,0
AATAGAAAGCCTATTT,0
AATAGAAATGTTGCGC,0
AATAGAAATTGCCTAA,0
AATAGAACAGAAGCGG,0
AATAGAACAGAGTATT,0
AATAGAACCCTATGAC,0
AATAGAAGAAGGAGAT,0
AATAGAAGCATAACTA,0
AATAGAAGGACTTTCC,0
AATAGAATATGGTATC,0
AATAGAATATTGAACT,0
AATAGAATCCGGTGTG,0
AATAGAATGGCATATG,0
AATAGACAAAATACGA,0
AATAGACAAACATACC,0
AATAGACACTTTGTCT,0
AATAGACAGTGTTAGG,0
AATAGACAGTTCTGTA,0
AATAGACATGTCGAGA,0
AATAGACGAAAGATTC,0
AATAGACTTAACGGTT,0
AATAGAGAACCTCTAT,0
AATAGAGAGGCTACGT,0
AATAGAGCCTTAACTC,0
AATAGAGCTGAATTAG,0
AATAGAGGAAAACCTG,0
AATAGAGGACCCAAAA,0
AATAGAGTCCAAGAAC,0
AATAGAGTGCAACAAA,0
AATAGAGTTAACGTTC,0
AATAGAGTTACAGACG,0
AATAGAGTTTAACGAT,0
AATAGATAAAACACTG,0
AATAGATAAGGGAAAT,0
AATAGATAATCTGTCC,0
AATAGATAGGCATGAC,0
AATAGATATCGGCTCT,0
AATAGATCGAACAGAA,0
AATAGATCGGAGTCTG,0
AATAGATGGACAGAAC,0
AATAGATTAACCATAG,0
AATAGATTAGCATTCT,0
AATAGATTCCGGTCTA,0
AATAGATTGGGACCAT,0
AATAGCAACTTGACCC,0
AATAGCACCACTCAGT,0
AATAGCACTAAAAATA,0
AATAGCACTTGAAGCT,0
AATAGCAGAGACTCGA,0
AATAGCAGATTGCAGA,0
AATAGCATAAGAACAT,0
AATAGCATAGCACATC,0
AATAGCATAGGGAGAT,0
AATAGCATTCCTATAC,0
AATAGCCGAGAACTTT,0
AATAGCCGCCAGAGCA,0
AATAGCCTCATAAATT,0
AATAGCGAACTGAATT,0
AATAGCTAACCAGTAA,0
AATAGCTAGCACTACA,0
AATAGCTATCTTGTTC,0
AATAGCTGACAATCAA,0
AATAGCTGTCGAGGAG,0
AATAGCTGTGATACCA,0
AATAGCTTAAAATCAT,0
AATAGCTTAAGTTTTA,0
AATAGCTTTAATCCGG,0
AATAGGAACTAATTAG,0
AATAGGACAATAAACT,0
AATAGGAGCTTACCGA,0
AATAGGATTCCCTATG,0
AATAGGCAAGTAGTAA,0
AATAGGCATAACACTA,0
AATAGGCGTAACGTTT,0
AATAGGCGTAATCCCG,0
AATAGGCTCACAAACA,0
AATAGGCTTCCAGCCT,0
AATAGGCTTTGACATC,0
AATAGGGGAAGCAAAG,0
AATAGGGGAGTTGAAG,0
AATAGGGTGGCGAAAA,0
AATAGGTAGCACCGTT,0
AATAGGTATCCCGATT,0
AATAGTAAACGAACAG,0
AATAGTAAATAATTTA,0
AATAGTAAATAGCACC,0
AATAGTAACCGCAGCT,0
AATAGTAAGAAACTAA,0
AATAGTAATTAAGGCA,0
AATAGTACGCTTTTCA,0
AATAGTACGTACGGCA,0
AATAGTAGAGTACGAT,0
AATAGTAGATGGAGAA,0
AATAGTATACAACCAG,0
AATAGTATACCGCAAA,0
AATAGTATCATGTGAG,0
AATAGTATTTTATGCC,0
AATAGTCACGTCTATT,0
AATAGTCCATTCCAAA,0
AATAGTCGTACTTTTA,0
AATAGTGAAACATGCG,0
AATAGTGAAATTACTT,0
AATAGTGAGAATGAAC,0
AATAGTGCACACTTTA,0
AATAGTGGGGTCTACA,0
AATAGTGTCTGATAAA,0
AATAGTTAAGGACCTC,0
AATAGTTAGGAGAGAT,0
AATAGTTATAATAAAT,0
AATAGTTATACAATCT,0
AATAGTTCTGGACAAT,0
AATAGTTGGGCATTAT,0
AATAGTTTATATCAAA,0
AATAGTTTCTCAATAT,0
AATAGTTTTTAAGATC,0
AATATAAACACAGCCT,0
AATATAAACATGAAAA,0
AATATAAAGATCCATA,0
AATATAAATTTCCGGC,0
AATATAACACTAATAT,0
AATATAACAGTCACTA,0
AATATAACCCAGCCTG,0
AATATAACCGTAATTC,0
AATATAACTTCTGAGG,0
AATATAAGTACTCACA,0
AATATAATATATAGTA,0
AATATAATGAACTTAT,0
AATATAATTCCATAGA,0
AATATACAAAAAACCA,0
AATATACAACTTAAGA,0
AATATACAAGCGCGTG,0
AATATACAATCAGGCA,0
AATATACAATTCAAAT,0
AATATACAATTCACCT,0
AATATACATTAGTGAA,0
AATATACGAATTACGT,0
AATATACGATTCGTAC,0
AATATACTAATAGATA,0
AATATACTAATGTCCG,0
AATATACTACAGTCTT,0
AATATACTCGCCTGCA,0
AATATACTGTGGTGGG,0
AATATACTTTACTATC,0
AATATAGAAGGCAGTA,0
AATATAGACAGCACAC,0
AATATAGCCAAAGCTT,0
AATATAGCCTTCACTG,0
AATATAGCTCTTGTAC,0
AATATAGGAACAGATT,0
AATATAGGACAGAGTG,0
AATATAGTAAGAACAG,0
AATATATAAGTTGATC,0
AATATATACATCATCA,0
AATATATAGGCCGATG,0
AATATATATCCGAGAA,0
AATATATCAATAGATC,0
AATATATCACTACTAG,0
AATATATCATCATTGT,0
AATATATCATGTACTA,0
AATATATCTATAGCAT,0
AATATATGTCAATTAC,0
AATATATGTTTACCAC,0
AATATATTAACGGAAA,0
AATATATTATTCAAGT,0
AATATATTCAGTCATT,0
AATATATTCGTTGGAA,0
AATATATTGAGCGGGG,0
AATATATTTCATACAA,0
AATATCAAAGAGACAA,0
AATATCAAGGACACTA,0
AATATCAGAAAATCAT,0
AATATCAGGGTACTAC,0
AATATCAGTCCGTGAC,0
AATATCATAAATTACA,0
AATATCATAGACCTAT,0
AATATCATCGCTTAAG,0
AATATCCAGAAGAGCG,0
AATATCCCACTGAAAC,0
AATATCCGACCTTTGT,0
AATATCCTATGAGCCA,0
AATATCCTCTCCCTGC,0
AATATCTATGCTCTTC,0
AATATCTCTGGAACAT,0
AATATCTGGTGACAAA,0
AATATCTTTGCGACTA,0
AATATGAAAACACCTT,0
AATATGAAGTCGGCCG,0
AATATGACAGCGTGAT,0
AATATGACATCTTAAA,0
AATATGAGCTAGTGGC,0
AATATGAGTTCATCTT,0
AATATGCAAGACGCCA,0
AATATGCACCCTTAAA,0
AATATGCATTTTGATA,0
AATATGCCATAAAGAA,0
AATATGCCATAGTACA,0
AATATGCGTCATTCGA,0
AATATGGAATTTAATG,0
AATATGGCTCACAGGA,0
AATATGGGAACCTCCG,0
AATATGTAACCAAACG,0
AATATGTACCCTTGTA,0
AATATGTATGTATAAC,0
AATATGTCAAACAGTG,0
AATATGTGGCGCTTAA,0
AATATGTGGTACCCTG,0
AATATGTGGTCTCTAG,0
AATATGTGTACGCTAA,0
AATATGTGTGGCTTGC,0
AATATGTTTACCGGGC,0
AATATTAAAACAAACG,0
AATATTAAAAGATTCC,0
AATATTAACTATACGT,0
AATATTAAGGATAGCA,0
AATATTAATAGCGTTA,0
AATATTAATTTCTATC,0
AATATTACAACAAGTT,0
AATATTACAACCAAGT,0
AATATTACATACTGCA,0
AATATTACCCGAGCCT,0
AATATTACCTGTCCCT,0
AATATTACGACCTATG,0
AATATTACTCTCTGGC,0
AATATTATAAAAGAGT,0
AATATTATAATATAAA,0
AATATTATACACCGCC,0
AATATTATACTCAACC,0
AATATTATCTATTAAA,0
AATATTCAAAGGAAAC,0
AATATTCAAATATCAA,0
AATATTCATAGAGCCT,0
AATATTCCTGCTGAGA,0
AATATTCTGTAAAGAT,0
AATATTGCTATCTACC,0
AATATTGGCATAACCA,0
AATATTTAAGTGGGAA,0
AATATTTATAACGAAG,0
AATATTTGATTGTAAG,0
AATATTTGGATCCTGA,0
AATATTTGTACAATGC,0
AATATTTTACAAGCTT,0
AATATTTTACCTATCT,0
AATATTTTATATGTGT,0
AATCAAAAAATCACCG,0
AATCAAAACTTCGGTT,0
AATCAAAAGTTACACA,0
AATCAAAATTGAAATC,0
AATCAAACAAAGCTTA,0
AATCAAACCCCTGTTG,0
AATCAAACTCGTTAGA,0
AATCAAAGCCGGACTG,0
AATCAAAGTCAGGCAA,0
AATCAAAGTCGATTGT,0
AATCAAAGTCGGAATC,0
AATCAAATAAGACGGG,0
AATCAAATCTTCAAAA,0
AATCAAATGAACGGAC,0
AATCAAATGCTTAGCT,0
AATCAAATTACAACAT,0
AATCAACAACCTTTTT,0
AATCAACACCTTTTGA,0
AATCAACACTATGGTA,0
AATCAACAGACCTAAA,0
AATCAACAGGCCAGAC,0
AATCAACATATGTCAA,0
AATCAACATCCAGATT,0
AATCAACCAGAGCATA,0
AATCAACCTAAGTCGA,0
AATCAACTGCCTGAGC,0
AATCAACTTACATTTA,0
AATCAAGAATCAGTCC,0
AATCAAGAATTACCAA,0
AATCAAGACAGAAAAC,0
AATCAAGCTCATGACG,0
AATCAAGGACGGCATT,0
AATCAAGGACTTTGAT,0
AATCAAGGGTAGAAAA,0
AATCAATAACTGGAAA,0
AATCAATACATTAGTC,0
AATCAATACCGTCATT,0
AATCAATCACAAACTT,0
AATCAATCCAATGCAT,0
AATCAATCCTATATAC,0
AATCAATCTGTACGAA,0
AATCAATGGCACAATA,0
AATCAATGTGCTGAAA,0
AATCAATTACACATGC,0
AATCAATTGACTAGAC,0
AATCAATTTATACACG,0
AATCACAAGCACAACT,0
AATCACAAGTGTAAAG,0
AATCACAATATAATTT,0
AATCACACATTGAATT,0
AATCACACTATTCCTG,0
AATCACACTTTGCCCC,0
AATCACAGTGTTTATC,0
AATCACATACCGCCAT,0
AATCACATAGCAAATT,0
AATCACCAATTGGCCA,0
AATCACCAATTTACAG,0
AATCACCCAAATTAAC,0
AATCACCGAGAGTGGA,0
AATCACCGGTTACACC,0
AATCACCTCAAATCTA,0
AATCACCTGTACATGC,0
AATCACGAGCAAGAAA,0
AATCACGATTAAAAAC,0
AATCACGGAATTTGCC,0
AATCACGGCAATAGAA,0
AATCACGGGATTCCCT,0
AATCACGGGCTGTAAT,0
AATCACGTTCACCAGA,0
AATCACTAAGCAACGG,0
AATCACTAATTAGCCG,0
AATCACTAGCACCACA,0
AATCACTATACAACGG,0
AATCACTATGCTCCGA,0
AATCACTCACACTGCC,0
AATCACTCACTGACCT,0
AATCACTCATCCTAAC,0
AATCACTTTCACAGTA,0
AATCACTTTCGTACGA,0
AATCAGAAAACTTAAT,0
AATCAGAACACCATTG,0
AATCAGAATTGCAAAG,0
AATCAGAGACTCGACG,0
AATCAGCAACATGCAT,0
AATCAGCAATAGGTCA,0
AATCAGCACTAAAGAC,0
AATCAGCATCAGTAAA,0
AATCAGCATCCTTTGC,0
AATCAGCCAGGAAAAT,0
AATCAGCCGTGTAATA,0
AATCAGCGAGAAACAA,0
AATCAGCTAGCCGTCA,0
AATCAGCTTATATACT,0
AATCAGGATCCCTCAC,0
AATCAGGCGTTAAAGG,0
AATCAGGGCGGATAAA,0
AATCAGTACTGCTCCA,0
AATCATAAAATGAGGA,0
AATCATAAAATTATTC,0
AATCATAAAGACCAAC,0
AATCATAATGACCACT,0
AATCATAATTCTGTCC,0
AATCATACCATTGAAT,0
AATCATACCTGAGCTG,0
AATCATACGACGACCA,0
AATCATACGATTGAAA,0
AATCATACGGTTCCGA,0
AATCATATACGCCGAT,0
AATCATATATTGACAG,0
AATCATATTCCATTTG,0
AATCATATTGTTAGAT,0
AATCATCACGAAAACC,0
AATCATCAGCATGTAC,0
AATCATCATACACTCA,0
AATCATCATACCCGAT,0
AATCATCCCAAAATAA,0
AATCATCCCAACAGGT,0
AATCATCCTTAGCCGA,0
AATCATCGAACTAACA,0
AATCATCTAAACCAGA,0
AATCATGACATCTAGT,0
AATCATGACCCCAAAG,0
AATCATGATTCCCTAA,0
AATCATGTAACACACA,0
AATCATGTTAAAGAAT,0
AATCATTAGAACAGTG,0
AATCATTATATAAAGT,0
AATCATTCAAGCATAG,0
AATCATTTAAGTACAT,0
AATCATTTGCTTGAAC,0
AATCATTTTATAGTGG,0
AATCCAAAACCCGCTT,0
AATCCAAACTAACCTC,0
AATCCAAAGGAAGCCA,0
AATCCAACACTACATA,0
AATCCAACCAATCTTT,0
AATCCAACCTCAAATG,0
AATCCAATCACTCGTA,0
AATCCAATGCCAACCA,0
AATCCAATTGCTTTAT,0
AATCCACATTAAATGT,0
AATCCACATTGCAGAG,0
AATCCACCACAGATAA,0
AATCCACGAAGCCGAA,0
AATCCACGAATCAGGG,0
AATCCACGCTGTTCCA,0
AATCCACGTAAAACAC,0
AATCCACTGCTTTCTA,0
AATCCAGAATGGAACT,0
AATCCAGATCACAAGA,0
AATCCAGGGGTAAAGA,0
AATCCAGTAGCACTTT,0
AATCCAGTTAAGAGCC,0
AATCCATAACCACGTC,0
AATCCATAAGTGACCG,0
AATCCATAAGTGGCTT,0
AATCCATACAATTCCA,0
AATCCATACCAGATAC,0
AATCCATTAACACCAG,0
AATCCATTAGAAACGC,0
AATCCATTGATATTAC,0
AATCCCAAATAACGGG,0
AATCCCAACAGTAGGG,0
AATCCCACAGTAAAAT,0
AATCCCACTTGTCAAA,0
AATCCCAGGCAGCGCG,0
AATCCCATACATTCCT,0
AATCCCATTGGACGAT,0
AATCCCCAAATGTAAA,0
AATCCCCCAAAACACC,0
AATCCCGAAATCGCGG,0
AATCCCGAGGCTACTG,0
AATCCCGGAAGCACGA,0
AATCCCTACTTGATTA,0
AATCCCTCGCACTATG,0
AATCCCTCTGCTGAAA,0
AATCCCTGATTCGGAT,0
AATCCGAAATATTTCA,0
AATCCGAACATTACGA,0
AATCCGACAATATCGG,0
AATCCGACCCTTAGTG,0
AATCCGATGCTTTCAC,0
AATCCGCAACACATCC,0
AATCCGGGCTAACCTT,0
AATCCGTCAACGCCTA,0
AATCCGTCCGACAAAA,0
AATCCGTCTTATGGTG,0
AATCCTAAAATGTCAA,0
AATCCTAACAAAACTT,0
AATCCTAACAGGCAAT,0
AATCCTAACATCCATA,0
AATCCTAATTAACTTC,0
AATCCTACAATTAGCT,0
AATCCTATGAAAAAAG,0
AATCCTCGCAACAAAC,0
AATCCTCGCGAACGTT,0
AATCCTCTCATCGAAA,0
AATCCTGGACCAATAA,0
AATCCTGGTCCCATAC,0
AATCCTGTGTTCTGCT,0
AATCCTGTTGCCGTGT,0
AATCCTTAAACATATT,0
AATCCTTAACACCAGA,0
AATCCTTAAGATTTAA,0
AATCCTTGACGATTTA,0
AATCGAAAAAAAATAA,0
AATCGAAAGGCGTAAA,0
AATCGAAATCACAGAG,0
AATCGAACACATTGTA,0
AATCGAACATTTTGAC,0
AATCGAACCGAAGCGT,0
AATCGAAGTATTAACA,0
AATCGAATAAGTCAAC,0
AATCGAATAATCTGAA,0
AATCGACACTTTCACA,0
AATCGACCAAGACTGT,0
AATCGACCCTTTAGCA,0
AATCGACGAGGCTTAT,0
AATCGACTACATCGGA,0
AATCGACTATAACCAA,0
AATCGAGCGATCTAAA,0
AATCGATAAAACCGTG,0
AATCGATACCAGCATA,0
AATCGATCACAAAGAT,0
AATCGATCTTAGAACA,0
AATCGATGTTTTCATG,0
AATCGATTATTTATTT,0
AATCGCAACCATTTAA,0
AATCGCAGAAATCATA,0
AATCGCAGATCATGTT,0
AATCGCATCGTAAATC,0
AATCGCCACATTTCTA,0
AATCGCCTAGTAGATA,0
AATCGCCTCACCTCAC,0
AATCGCCTCGAAAGAG,0
AATCGCCTGAACAACC,0
AATCGCGAAAGTGTAT,0
AATCGCGTAAACCTCA,0
AATCGCTAGTCCAATT,0
AATCGGAAAGTACATG,0
AATCGGAACGGGTAAA,0
AATCGGACCGCAAGCT,0
AATCGGCAATGATAAC,0
AATCGGCATTCATCGG,0
AATCGGCGTAGTTAAA,0
AATCGGCGTTGGCTTA,0
AATCGGCTAGGCACAG,0
AATCGGGAAACTTAGA,0
AATCGGGGCGGTCGCT,0
AATCGGGGTACAACAC,0
AATCGGTGGTATTCCT,0
AATCGGTTACGTAAGT,0
AATCGGTTCTGATATT,0
AATCGTAAAACTTAAG,0
AATCGTAAATTAACTG,0
AATCGTACTGTAGTAG,0
AATCGTATACAGTTTA,0
AATCGTATATTTAAAC,0
AATCGTCAAAAACGTA,0
AATCGTCACATAAACC,0
AATCGTCCAAAGAAAA,0
AATCGTCCACTTAGCC,0
AATCGTCTACAAAAAG,0
AATCGTGGCAACTGAA,0
AATCGTTTCAGCAAAT,0
AATCGTTTCCTACAGT,0
AATCTAAAAGAGACAG,0
AATCTAAAATTTACCA,0
AATCTAAATGTAAATA,0
AATCTAACATCTGAAG,0
AATCTAACCCTTACCA,0
AATCTAACTTACCAGC,0
AATCTACAACGCATTA,0
AATCTACATAAACTTA,0
AATCTACCATTTTGAA,0
AATCTACTAGCAAAGA,0
AATCTACTCTATTATA,0
AATCTAGAACGAACGA,0
AATCTAGACTACAAAT,0
AATCTAGCCCATATTT,0
AATCTAGTAAAAGCCT,0
AATCTAGTAGAATTCC,0
AATCTATAACCAAAAA,0
AATCTATCAAAGCTTT,0
AATCTATCAAGCTGCC,0
AATCTATCCAGATTAT,0
AATCTATCGAAGAATA,0
AATCTATCTAGCAACA,0
AATCTATGAAATATCT,0
AATCTATGAACTAAAA,0
AATCTATGGGAGTAAT,0
AATCTCAAGCCCAAGG,0
AATCTCACAGACCTTG,0
AATCTCCAACTAACTA,0
AATCTCCACCAGTGCA,0
AATCTCCACGGCGAAT,0
AATCTCCAGTTTAGAC,0
AATCTCCCGTATATAT,0
AATCTCCTTTAAGCAT,0
AATCTCGAATTTAGAT,0
AATCTCGACAAGGAGA,0
AATCTCGTACATAGAC,0
AATCTCGTGACTTGTG,0
AATCTCTCCGGTTGAA,0
AATCTCTTAAAAGTCC,0
AATCTGAATCAAGTGA,0
AATCTGACAACATCTG,0
AATCTGACAATGCCAT,0
AATCTGACAGTAATTG,0
AATCTGACATCTGAAT,0
AATCTGCTCAACACTG,0
AATCTGCTCTAACTGT,0
AATCTGGCCACTTGGG,0
AATCTGTACTAGCCCC,0
AATCTGTCCGCTCTAA,0
AATCTGTGATACAAAG,0
AATCTGTGCACGCGAT,0
AATCTGTGGTGCTATT,0
AATCTTAAAGAGAGAC,0
AATCTTAAGCCCATCC,0
AATCTTACAGGTTCTA,0
AATCTTACGAATTATC,0
AATCTTAGTCTAACAC,0
AATCTTATTGACCAAG,0
AATCTTATTTTCCGGC,0
AATCTTCACGAACCTA,0
AATCTTCCATTCCCCA,0
AATCTTCCCGGATAAA,0
AATCTTCCGTTGTGCA,0
AATCTTCTGAGTTGCA,0
AATCTTGAAAACATTA,0
AATCTTGAGAAACGTT,0
AATCTTGAGACAAGTG,0
AATCTTGATTTAGAAT,0
AATCTTGCACTTTGAA,0
AATCTTGTAACGACAC,0
AATCTTGTGTAGACGG,0
AATCTTTAGCTTTATA,0
AATCTTTCCTGACACT,0
AATCTTTGTTTACATG,0
AATGAAAAAAATAGAA,0
AATGAAAAAGTATGGA,0
AATGAAAACCAGTGCT,0
AATGAAAACGCTAGGA,0
AATGAAAAGGCAGAGC,0
AATGAAAATCTCATTG,0
AATGAAACTCGAGCAA,0
AATGAAACTGGACTGA,0
AATGAAAGACCGATTA,0
AATGAAAGAGCGTCGT,0
AATGAAAGAGTAAAAC,0
AATGAAAGTTGCATTA,0
AATGAAATCCCCACAA,0
AATGAAATGGCCACAG,0
AATGAAATTGAATAGG,0
AATGAAATTGGCAAGC,0
AATGAACAACCTGAAT,0
AATGAACAAGTGTTAC,0
AATGAACACTTGTGAT,0
AATGAACATAAAAGAG,0
AATGAACATACAAGAT,0
AATGAACATTAGGTCC,0
AATGAACCACATAAAC,0
AATGAACCCGATATAA,0
AATGAACCTAACATCC,0
AATGAACCTCCATCTA,0
AATGAACCTTAGAGAT,0
AATGAACGTGCAACAC,0
AATGAACTCAAAGTGT,0
AATGAACTTAGCTCTG,0
AATGAACTTATGATAG,0
AATGAAGAAAAGGAAA,0
AATGAAGCAACTGGAT,0
AATGAAGCACCATAAA,0
AATGAAGCCGACCTAG,0
AATGAAGCTAATCGTA,0
AATGAAGTCCAGCTAA,0
AATGAATACCAGACTA,0
AATGAATACTCGCTAG,0
AATGAATATCATATAC,0
AATGAATCGCATCCAT,0
AATGAATGAAAAGTCT,0
AATGAATGACGGTGAA,0
AATGAATGGAGTAGGA,0
AATGACAAACAATCGG,0
AATGACAACCCACCAA,0
AATGACAATAAAAATA,0
AATGACAATTGACACC,0
AATGACACATGGTATC,0
AATGACATATAATAAC,0
AATGACATTACCTAAG,0
AATGACATTCTAGCGC,0
AATGACCAACAATAAT,0
AATGACCATGAGATAT,0
AATGACCCAACGTCAA,0
AATGACCCGACCCTGT,0
AATGACCCGCATTTCA,0
AATGACCGAGTAATAC,0
AATGACCTATCCAAAC,0
AATGACCTATTGAGTG,0
AATGACCTCACCCTCA,0
AATGACCTCAGGATAC,0
AATGACGAAGAAAGTA,0
AATGACGATTCGCCCA,0
AATGACGCGATACACC,0
AATGACGTGTTATATA,0
AATGACGTTCTTACTG,0
AATGACGTTTATACTA,0
AATGACTAAATACAAT,0
AATGACTATGGGGTAC,0
AATGACTCCCTAATTG,0
AATGACTCCGATCAAT,0
AATGACTGCACAACCG,0
AATGACTGTGTATGAT,0
AATGACTTTCGTAGGT,0
AATGAGAAAAAAGCAT,0
AATGAGAATTCTATTG,0
AATGAGACAAAGTACT,0
AATGAGACTTAAAAAC,0
AATGAGATATCCCCTT,0
AATGAGCATCATTTAT,0
AATGAGCCCTCTGGTG,0
AATGAGCCGTGTCGGA,0
AATGAGCCTCGAATGA,0
AATGAGCTAAGGTGAC,0
AATGAGCTACCCAACG,0
AATGAGCTTAGGTTAA,0
AATGAGGGAGTACTAT,0
AATGAGTAACACTTTC,0
AATGAGTAGCAGACAT,0
AATGAGTCTGACACAG,0
AATGATAAACAACACG,0
AATGATAAACCTAAAG,0
AATGATAAATGAGATC,0
AATGATAAATTCAAAG,0
AATGATAAGGTTGAAA,0
AATGATAAGTCCCTTA,0
AATGATAATCACAATT,0
AATGATACCAAAGAAA,0
AATGATACTCTAAAGA,0
AATGATAGAAAGCCTG,0
AATGATAGAGCCAGCA,0
AATGATAGGCGATAAA,0
AATGATAGGTAAATTA,0
AATGATATCACTATAT,0
AATGATATCTAATAGA,0
AATGATATGGACTCCC,0
AATGATATTTCATACA,0
AATGATCAACAGAAGT,0
AATGATCACAAAAAGA,0
AATGATCATAACTGAC,0
AATGATCATCTATCCT,0
AATGATCGCAATTCTA,0
AATGATCGGACCTGTC,0
AATGATGACACCACGT,0
AATGATGATAGTGTCG,0
AATGATTATGACTCTT,0
AATGATTGAAAAGACG,0
AATGCAAGGGTGCCAT,0
AATGCAATAAGAAGCG,0
AATGCAATACAAATAC,0
AATGCAATACAGAATG,0
AATGCAATCTCCACTT,0
AATGCACCACTATATG,0
AATGCACCATGAAGAT,0
AATGCACGATATCGTG,0
AATGCACGTTTGTCAC,0
AATGCACTCCACAACC,0
AATGCACTGAAAATGT,0
AATGCAGAATAATCCC,0
AATGCAGACGCAAAAA,0
AATGCAGTTACCCATT,0
AATGCATAACACCGGT,0
AATGCATAGCTAGCCC,0
AATGCATGAACTATTA,0
AATGCATGATACACAA,0
AATGCATGCAATCCTA,0
AATGCATGTAGCATGA,0
AATGCATTAGCCTTGA,0
AATGCATTAGTATCCA,0
AATGCCAAATAAATAG,0
AATGCCAACGTACATT,0
AATGCCAATTCTTCAA,0
AATGCCAGTAAAACGG,0
AATGCCCACTCGACCG,0
AATGCCCATAGAAATG,0
AATGCCCATTCCTTGG,0
AATGCCCCAGAAGCTC,0
AATGCCCGCAAAGTCC,0
AATGCCCGGCTGAGGC,0
AATGCCCTCACCCTAG,0
AATGCCCTCACTTAAA,0
AATGCCCTGGTCCGAG,0
AATGCCCTTAATAAGC,0
AATGCCGAGTCTCGTA,0
AATGCCGATTCTAGAG,0
AATGCCGCACAGCCCA,0
AATGCCGCTCAGAAAT,0
AATGCCTACTAAGTAC,0
AATGCCTATTACTGAT,0
AATGCCTGCAAATTGA,0
AATGCCTTGTCAATGA,0
AATGCGAACTTGCAAC,0
AATGCGACAGAGCTCA,0
AATGCGACTATTTAGA,0
AATGCGAGTGGAATAA,0
AATGCGCAATAACCCT,0
AATGCGCGACTAACTG,0
AATGCGCTAGGTCTTC,0
AATGCGGACTTTGCTG,0
AATGCGTATATATCTC,0
AATGCGTATCTCCTTA,0
AATGCGTGGGAGGACC,0
AATGCTAAATTACGTG,0
AATGCTAACAATACCT,0
AATGCTAACACAGTTA,0
AATGCTACCTTCCTCA,0
AATGCTCATAAAATTC,0
AATGCTCCTAAACCCA,0
AATGCTCGCCAACTTG,0
AATGCTCTTTGACAAC,0
AATGCTGAAAAAAAAA,0
AATGCTGAAATAGGCA,0
AATGCTGATAAAGAGC,0
AATGCTGCATGGTAAT,0
AATGCTGTGCACTGTC,0
AATGCTTAACCAAGCG,0
AATGCTTACTACAGAC,0
AATGCTTGTCTAGATG,0
AATGCTTTATAGTGGC,0
AATGCTTTGTAACGCA,0
AATGGAAATACTCTAT,0
AATGGAAGATTATCGT,0
AATGGAATCTTTCGAT,0
AATGGACAAAAAAGTA,0
AATGGACAAAGCGTAT,0
AATGGACAACAGTACC,0
AATGGACAAGTCTCAC,0
AATGGACAATCCGTAA,0
AATGGACACCTAGACG,0
AATGGACACCTCCGCC,0
AATGGACATCTCCAGT,0
AATGGACCTTACTACT,0
AATGGACGAGATAGGA,0
AATGGACTGAATCAAG,0
AATGGAGAACAATGAC,0
AATGGAGAGCTGTCAT,0
AATGGAGATACTCCAA,0
AATGGAGGTTTAGAAA,0
AATGGAGTTTACCAGC,0
AATGGATCTAGATCGT,0
AATGGATTAACACGAT,0
AATGGCAACAACAGAC,0
AATGGCACCAATAAGC,0
AATGGCATAAGGAACG,0
AATGGCATCACCCACA,0
AATGGCATCAGTAGTG,0
AATGGCCCTGGCCAAA,0
AATGGCCTATTATAAA,0
AATGGCGAAACAAATT,0
AATGGCGCTATATAGT,0
AATGGCGTGAGTAGGC,0
AATGGCTACTGGCCTG,0
AATGGCTGAATATCAC,0
AATGGCTTCAATAACA,0
AATGGGAACTTACCAT,0
AATGGGAAGCGGCTCA,0
AATGGGAGGCCTATTA,0
AATGGGATTCACTCGA,0
AATGGGCTAAATGACC,0
AATGGGGAACAAGCGC,0
AATGGGTAGATTAGCG,0
AATGGTAAACAGACCA,0
AATGGTAAGGTTAAGG,0
AATGGTAATAGCTTTG,0
AATGGTACATAACGGT,0
AATGGTATAACGAATA,0
AATGGTATAATCCCTG,0
AATGGTGTGACGTAAA,0
AATGGTTCACTATTTC,0
AATGGTTCCGAACCCT,0
AATGTAAAATTAAAAG,0
AATGTAAACCCGAGAG,0
AATGTAAAGTCAGTCC,0
AATGTAAATTAGCGCA,0
AATGTAACAAATTTCG,0
AATGTAACCGACACAT,0
AATGTAACGTGGACAC,0
AATGTAAGTCGAAGCC,0
AATGTAAGTGAACCTC,0
AATGTAATAAGACCAC,0
AATGTAATACTTCCTC,0
AATGTAATCACTACGA,0
AATGTAATGAACATAC,0
AATGTAATTATCGACA,0
AATGTACATCTCAAAT,0
AATGTACCCCATGCCG,0
AATGTACCCGTATAAT,0
AATGTACGGAGTAGTA,0
AATGTACTAAAAATGC,0
AATGTACTACGTATAA,0
AATGTAGAACTGTGCG,0
AATGTAGCGGATGAAT,0
AATGTATAAGTCATAT,0
AATGTATACTCACTGC,0
AATGTATATTAGTACT,0
AATGTATCCAATCCTT,0
AATGTATGCCCCAAAT,0
AATGTATGTAAAACAA,0
AATGTATTCACATGTC,0
AATGTATTTTTGTATG,0
AATGTCAAAAAAACGA,0
AATGTCAAGATATCTT,0
AATGTCACACAAAAAT,0
AATGTCAGACGGTGAG,0
AATGTCAGTTAATTGA,0
AATGTCAGTTTATGTC,0
AATGTCCATAAATCGC,0
AATGTCCATTTTACTT,0
AATGTCCTAGAACAAA,0
AATGTCCTCTACAAAA,0
AATGTCGAAGGTAATA,0
AATGTCGGCAAGGATC,0
AATGTCGGTCCAAACG,0
AATGTCGTAGCACAGA,0
AATGTCTATAAAAACC,0
AATGTCTGATTATCCT,0
AATGTCTGTCACGCCG,0
AATGTCTGTCTGTGGC,0
AATGTCTTCAACCTCT,0
AATGTGAAACAACCTC,0
AATGTGAGGATATTGC,0
AATGTGATAAACTTTA,0
AATGTGCAAACAACGC,0
AATGTGCACCATTTAA,0
AATGTGCCCAAAATAA,0
AATGTGTACATTATTT,0
AATGTGTATGTTTGAC,0
AATGTGTTCCTTGAAC,0
AATGTTAAAAAAGGAA,0
AATGTTAAAAATATCA,0
AATGTTAAAATCAGAC,0
AATGTTAACGATTACA,0
AATGTTAAGAAATTAC,0
AATGTTAAGATAAAGG,0
AATGTTATATCATACA,0
AATGTTATATCCTGTA,0
AATGTTATTATTCTAC,0
AATGTTCACTCCTATA,0
AATGTTCAGTGGGTGT,0
AATGTTCCATTAAGAG,0
AATGTTCTCACATACG,0
AATGTTGAGCACGTAC,0
AATGTTGTCTTTGGGT,0
AATGTTTAACCACTAA,0
AATGTTTACGAAATAT,0
AATGTTTCCATTAGGG,0
AATGTTTGAATTGCAG,0
AATGTTTTAGATGAGA,0
AATTAAAAAAATAACT,0
AATTAAAAAATAGTAT,0
AATTAAAACAAGTATA,0
AATTAAAACCCTCCGG,0
AATTAAAACTAAAGTG,0
AATTAAAAGAGAAGGA,0
AATTAAAAGGATCAAT,0
AATTAAAATAAGATAC,0
AATTAAAATACAACTG,0
AATTAAAATTAGCTAT,0
AATTAAACACTGATGC,0
AATTAAACGCAAAATA,0
AATTAAACTATACAAC,0
AATTAAAGTCCACTTA,0
AATTAAAGTGCTCATG,0
AATTAAAGTTCATATA,0
AATTAAATAAACGAGG,0
AATTAAATACCCTGGA,0
AATTAAATCCGCCATA,0
AATTAAATGCTTGAAG,0
AATTAAATGGAACCTT,0
AATTAAATGTACGGGG,0
AATTAACACACCGAGA,0
AATTAACAGTACGGCG,0
AATTAACCACACCCCT,0
AATTAACCGCGAACAG,0
AATTAACGGAGAGAAT,0
AATTAACGTTTCGTAA,0
AATTAACTAAATCTAC,0
AATTAACTAGACACTG,0
AATTAACTCATCCTAA,0
AATTAACTTATAACTG,0
AATTAAGAGAACCAAA,0
AATTAAGATAAACACC,0
AATTAAGCAAGGCGAA,0
AATTAAGCGGGTGACG,0
AATTAAGCTACTTTCA,0
AATTAAGCTTATGTCA,0
AATTAAGGAGCCACTG,0
AATTAAGGCCCATACA,0
AATTAAGGCTACATAC,0
AATTAAGTACTTCTCA,0
AATTAAGTCAAGCCTC,0
AATTAAGTCTGCTATA,0
AATTAAGTCTGCTCAA,0
AATTAAGTTTTGAATA,0
AATTAATAAGTCTAAC,0
AATTAATACCGCAACC,0
AATTAATAGAGAGCTG,0
AATTAATAGAGCCCCA,0
AATTAATAGCACCAGG,0
AATTAATATAGGGTCT,0
AATTAATCAAAACGTG,0
AATTAATCCATAGGAG,0
AATTAATCTCTCCGCG,0
AATTAATCTTTACAGA,0
AATTAATGAAAGCAGT,0
AATTAATGATGACAGA,0
AATTAATGCGGCCAAA,0
AATTAATGTATTTAAT,0
AATTAATGTGTGGCCT,0
AATTAATTACGGGAGG,0
AATTAATTATTTATTA,0
AATTAATTCATTGATT,0
AATTAATTTCAGTCAA,0
AATTAATTTTAGGTCG,0
AATTACAACCGACTGG,0
AATTACAACCTGAACC,0
AATTACAACTAAGACC,0
AATTACAATAGACGAT,0
AATTACACTGTTAGAC,0
AATTACAGAGACCTGG,0
AATTACATATCCATAA,0
AATTACATGACTGCTC,0
AATTACATTGCCCTAC,0
AATTACCACCGCGGGG,0
AATTACCAGAATACCG,0
AATTACCAGCAAGAAA,0
AATTACCAGCGTGCGT,0
AATTACCATATCCAGA,0
AATTACCATGTGTAGG,0
AATTACCCACATAAAA,0
AATTACCCGTGCAACG,0
AATTACCCGTTGAAGA,0
AATTACCGGACTCACT,0
AATTACCTATCTTAGG,0
AATTACGAAAACTGCA,0
AATTACGAAATCCGAT,0
AATTACGCAAGATAGT,0
AATTACGCTGACAGCC,0
AATTACGGACATTCTA,0
AATTACGGCACGGTAT,0
AATTACGTACCTGGGC,0
AATTACTATACTATGT,0
AATTACTCCTACCATT,0
AATTACTTACGGTCAG,0
AATTACTTACTGTAGA,0
AATTACTTGCCGCATG,0
AATTACTTTACCCTGA,0
AATTACTTTTAGTAGT,0
AATTAGAAAATAACGG,0
AATTAGAAAGATAGAG,0
AATTAGAACACACGCG,0
AATTAGACCGGAAAAA,0
AATTAGAGGCATGCCC,0
AATTAGAGTACAGAAG,0
AATTAGATAAACTGGA,0
AATTAGATGCAAATCA,0
AATTAGCAATATTGCA,0
AATTAGCCATCTTTGT,0
AATTAGCCTAACCATG,0
AATTAGCCTTAGGCCA,0
AATTAGCTTGAAGATA,0
AATTAGGACAAATCAA,0
AATTAGGATTGCATAG,0
AATTAGGGTCTTGGTA,0
AATTAGTACCCATTCC,0
AATTAGTATAATATTA,0
AATTAGTCAACCACTT,0
AATTAGTCCAAATTCG,0
AATTAGTGGGCCCCAC,0
AATTAGTTCTGAATTA,0
AATTAGTTTGAACTTA,0
AATTATAAAGCTCTCA,0
AATTATAAGGCTACGA,0
AATTATAATAGAAACA,0
AATTATACACAGTCAC,0
AATTATACACCTCGAA,0
AATTATACAGGCTGTT,0
AATTATACATGAATGA,0
AATTATACCAGGAAAT,0
AATTATAGTCCAAATA,0
AATTATAGTGCACTAC,0
AATTATATCTGTAATA,0
AATTATATTGCACATA,0
AATTATATTGCTTTAG,0
AATTATATTTAACTAT,0
AATTATCACTTGACCT,0
AATTATCCCCCCACAC,0
AATTATCCGAGTATAC,0
AATTATCCGTTCGGCA,0
AATTATCTAAACCTTT,0
AATTATCTAAGCTACC,0
AATTATGACATCAAAT,0
AATTATGGGTTCGATT,0
AATTATGTAAGTTAAA,0
AATTATGTGATTTGTA,0
AATTATTCAGTAGTAG,0
AATTATTCTAAACTCA,0
AATTATTGACACCAGC,0
AATTATTGTGTCCACA,0
AATTCAAAAAAAAAGT,0
AATTCAAAAATGTGAC,0
AATTCAACACTCCTCT,0
AATTCAACTTAAATAT,0
AATTCAAGACCGTAGA,0
AATTCAATACTATGAA,0
AATTCAATGCCTTAAG,0
AATTCAATGTAATCTT,0
AATTCAATTTGAGACC,0
AATTCACAACAAAAAT,0
AATTCACACTTTTTAA,0
AATTCACAGATTAAAC,0
AATTCACATCAATGCA,0
AATTCACTAATGAACC,0
AATTCACTGAAAAGAC,0
AATTCAGACGCATCCA,0
AATTCAGCTTCGATGA,0
AATTCAGTCTGGTACT,0
AATTCAGTGACGAGGA,0
AATTCAGTTTTCTGAA,0
AATTCATAAACATTTT,0
AATTCATAAATAGGGT,0
AATTCATACGCGTAAT,0
AATTCATATCAAAACC,0
AATTCATATTGCGAAC,0
AATTCATATTTCTCTC,0
AATTCATCCGGACAGA,0
AATTCATGCACTTGGT,0
AATTCATGTGCTTGGT,0
AATTCATTAAAGAAGG,0
AATTCATTGGAAGCAT,0
AATTCATTTAACTATA,0
AATTCCAATGAGCCCA,0
AATTCCATAGAACCCA,0
AATTCCATGTTACTTT,0
AATTCCCAAAAATCAG,0
AATTCCCATATAAGTC,0
AATTCCCGAAACATTC,0
AATTCCCGCCAGTAAC,0
AATTCCCGCTCCCACA,0
AATTCCGACTTTGAAT,0
AATTCCGCACACAGAA,0
AATTCCTACAAAGTAA,0
AATTCCTACAAGCATA,0
AATTCCTCCCGCTTGA,0
AATTCGAATTTCCATT,0
AATTCGACAAAATTAT,0
AATTCGACAATCTATT,0
AATTCGACCATTAATA,0
AATTCGAGTATTTTAG,0
AATTCGATTATATATA,0
AATTCGATTGAAAAAG,0
AATTCGCATATAATGA,0
AATTCGGCGAATAGAA,0
AATTCGGCGTAACCGA,0
AATTCGGTCAAGGGAG,0
AATTCGTAAAATGGTA,0
AATTCGTACATTATCC,0
AATTCGTATAACAACC,0
AATTCGTCAAAACGAT,0
AATTCGTGTCTCCTGC,0
AATTCTAAAACCGACA,0
AATTCTAAAGACCATT,0
AATTCTAAATTGCGAA,0
AATTCTACAGACACTA,0
AATTCTACGTTTGAAT,0
AATTCTAGACATCAAT,0
AATTCTAGGAAATGGA,0
AATTCTATCATTCAGT,0
AATTCTATGATACTGA,0
AATTCTCACGCAAATA,0
AATTCTCGTAAGGACA,0
AATTCTGAAATTAGCA,0
AATTCTGAATGAAGCA,0
AATTCTGTAAAATTAG,0
AATTCTGTAGTCAAAT,0
AATTCTGTCTTTTGAC,0
AATTCTTAATCTCTCG,0
AATTCTTAGCGTGTTC,0
AATTCTTATAGGGGAT,0
AATTCTTGAAGATAAA,0
AATTCTTTACTTGGAG,0
AATTGAAAATATAACG,0
AATTGAACATCGCAAG,0
AATTGAACCATAAACC,0
AATTGAAGACTCGACC,0
AATTGAAGTCTGTCCC,0
AATTGAATACACTTAA,0
AATTGAATCAATATCG,0
AATTGAATGTCCGACT,0
AATTGAATGTCTACGC,0
AATTGACCACAATACA,0
AATTGACCAGAATAGA,0
AATTGACCAGTGAGTC,0
AATTGAGACTTGACAA,0
AATTGAGGTTTCCACG,0
AATTGATACGGACCAT,0
AATTGATGCTAATCAA,0
AATTGATGCTCGGTAA,0
AATTGATTTGAACGTA,0
AATTGCAAAAAAAAAA,0
AATTGCAAAAATCTAA,0
AATTGCAAATGGACTG,0
AATTGCAACATCGTAT,0
AATTGCAATATATAGT,0
AATTGCACCAAAACTC,0
AATTGCACTCAACGAG,0
AATTGCAGAACGGATC,0
AATTGCATATAGGAGA,0
AATTGCATTGTGACAC,0
AATTGCCACAGTGAGT,0
AATTGCCCCAAATGAT,0
AATTGCCCCCTTATAT,0
AATTGCGTAAACACTA,0
AATTGCTCTTGACCGT,0
AATTGCTGAGGCCTCG,0
AATTGCTTTATCATGT,0
AATTGGAAAAATACAC,0
AATTGGATACATGGTG,0
AATTGGATCTGAGCCC,0
AATTGGATTGAATTGA,0
AATTGGATTTTCCCTG,0
AATTGGCCTACTATTG,0
AATTGGCGAATTAACC,0
AATTGGCGCAGAGTAA,0
AATTGGGCTCGCCCAA,0
AATTGGTACCCAGGAC,0
AATTGGTCACAGTAAA,0
AATTGGTTCTTATTAA,0
AATTGTAAAACCAATA,0
AATTGTAAACTCTACC,0
AATTGTAAATACAGTA,0
AATTGTACAGAGCAAC,0
AATTGTACAGTAATCG,0
AATTGTATAGGAAGAT,0
AATTGTATCTATAAAC,0
AATTGTCAATGACGGA,0
AATTGTCATGAACGGA,0
AATTGTCGAACCCGCT,0
AATTGTGAACCAAAAT,0
AATTGTGGATGCAAAA,0
AATTGTGGGACAATCT,0
AATTGTGGTTTTTAAG,0
AATTGTGTACCAAATC,0
AATTGTTAAAAATCAA,0
AATTGTTACCTTATCA,0
AATTGTTATGGGTTTA,0
AATTGTTCATCCCCAA,0
AATTTAAAAGCACGAC,0
AATTTAAACATTGCTA,0
AATTTAAATCTAAAAA,0
AATTTAAATTCTATAT,0
AATTTAACGCTGGTAT,0
AATTTAACTAAGAATT,0
AATTTAAGAAAACAAA,0
AATTTAAGAAGACTAG,0
AATTTAAGACATGTAC,0
AATTTAAGATCAAAAC,0
AATTTAAGCCGAGATG,0
AATTTAATAATGCCCA,0
AATTTAATACCATTAA,0
AATTTAATCATCACAG,0
AATTTAATCCATGCTT,0
AATTTAATCCATTTTC,0
AATTTAATGAACTTCA,0
AATTTAATTGACAATG,0
AATTTACACTGCATGG,0
AATTTACCCAAAAAAT,0
AATTTACCCACCAACT,0
AATTTACCTCAAGAAA,0
AATTTACGGATATTGC,0
AATTTACGTAAATATA,0
AATTTACTCAAATCAA,0
AATTTACTGAAAACAT,0
AATTTACTTGAGGAGA,0
AATTTAGAGTAAAGAT,0
AATTTAGGCGTTCTTC,0
AATTTATCAAAAAAGT,0
AATTTATGCAATATCA,0
AATTTATTACTGAACG,0
AATTTATTATCCCAAA,0
AATTTATTCTCTACAA,0
AATTTATTGCCATTAG,0
AATTTCAAACGATAGA,0
AATTTCAAATTCACGG,0
AATTTCAAATTCCTTG,0
AATTTCAATAGCGATA,0
AATTTCACACAAAACC,0
AATTTCACTAATTCGA,0
AATTTCACTCATGCAT,0
AATTTCAGCTGATGAA,0
AATTTCCGGAGCCACG,0
AATTTCCGTACTCGTA,0
AATTTCCTACATGTGC,0
AATTTCCTTAGAGAAC,0
AATTTCGAAATAAACT,0
AATTTCGAACGAGCTA,0
AATTTCGAACTTCCTC,0
AATTTCGAATGAACTC,0
AATTTCGATGTAAACA,0
AATTTCGATTCTGACA,0
AATTTCGATTTGTTCT,0
AATTTCGCATGCTTCT,0
AATTTCTAGCTCTGCC,0
AATTTCTATGTTTTGA,0
AATTTCTGATTCCACC,0
AATTTCTTAATCTCCA,0
AATTTGAAAACTCTTA,0
AATTTGAAAGTTCATG,0
AATTTGAAATAACTCT,0
AATTTGAAATTGGATA,0
AATTTGAGTAACATCG,0
AATTTGATATGAGTCA,0
AATTTGATCGCGGCAC,0
AATTTGCAAATATCTT,0
AATTTGCCACGCCTAC,0
AATTTGCCTATCAAAG,0
AATTTGCTGATTAAGA,0
AATTTGGAAACAGAGA,0
AATTTGGCAGTTTTAT,0
AATTTGGGCTGAGGCC,0
AATTTGGGGGCCTCAA,0
AATTTGTCCCAGACGC,0
AATTTGTCCGAAAATC,0
AATTTGTCGACCCCTA,0
AATTTTACAAATAAAG,0
AATTTTACAGCATATG,0
AATTTTACGACAACAA,0
AATTTTAGACGTTGGA,0
AATTTTAGCACATGAG,0
AATTTTAGCCCCGTCT,0
AATTTTATAAAAGGAC,0
AATTTTATATATTGTC,0
AATTTTATGTCCTAAT,0
AATTTTCATCCACGTA,0
AATTTTCATCCGGCCT,0
AATTTTCCAAGCTATT,0
AATTTTCCCACGGATA,0
AATTTTCCTTTCATTC,0
AATTTTCGATAGCCGC,0
AATTTTCGATCAGCAC,0
AATTTTCTACGACATC,0
AATTTTGAAGTTTGAT,0
AATTTTGACAATATTG,0
AATTTTGATTAGCAAG,0
AATTTTGTCACTAACT,0
AATTTTGTTGTAAAGC,0
AATTTTTACAAATACC,0
AATTTTTAGCATAATC,0
AATTTTTCATGGACAA,0
AATTTTTCTAGCCGTC,0
AATTTTTTACGAATAT,0
ACAAAAAAAATTCTTT,0
ACAAAAAAATAACATT,0
ACAAAAAAATCAGGAA,0
ACAAAAAACCTCTACA,0
ACAAAAAAGCAACCGA,0
ACAAAAAAGGCCGAGT,0
ACAAAAACACTCTGCA,0
ACAAAAACCAAAGCTA,0
ACAAAAACCAGGCACA,0
ACAAAAACCCAACAAT,0
ACAAAAACGACGCCCC,0
ACAAAAACTAAGTTAG,0
ACAAAAACTTAAACAT,0
ACAAAAAGTCTAAAAT,0
ACAAAAAGTTCTTTGT,0
ACAAAAATAAACGAAA,0
ACAAAAATAAGTAGGA,0
ACAAAAATATCGTTTA,0
ACAAAAATTATGTACT,0
ACAAAAATTGGTAGAT,0
ACAAAAATTTAACTCA,0
ACAAAACAAAATCCAG,0
ACAAAACAACACAAAA,0
ACAAAACACCATACCG,0
ACAAAACAGAAGATTT,0
ACAAAACATCAATATA,0
ACAAAACCCTGTGTAT,0
ACAAAACCTAGACACC,0
ACAAAACCTCAGATGG,0
ACAAAACGAAAAAATT,0
ACAAAACGACAAAGCA,0
ACAAAACGACGATCCT,0
ACAAAACGATTAAACA,0
ACAAAACTTGCAAATA,0
ACAAAAGGAAAAAATG,0
ACAAAAGGCTCGTCGC,0
ACAAAAGGGTACCAAT,0
ACAAAAGTAACCCTAT,0
ACAAAAGTGTGATCCA,0
ACAAAAGTTCAACAAC,0
ACAAAATACCAGTGCT,0
ACAAAATAGACAAATC,0
ACAAAATAGAGAGGGT,0
ACAAAATATAAATATT,0
ACAAAATATAATAATA,0
ACAAAATCAGCAGTAA,0
ACAAAATCAGGAACCA,0
ACAAAATCCGTGCCGG,0
ACAAAATCGGTCACTA,0
ACAAAATCTCAATTTA,0
ACAAAATGATGTTGAA,0
ACAAAATGCAACAGCT,0
ACAAAATGGACTTATG,0
ACAAAATGGTTAGGAG,0
ACAAAATGTCGTGATC,0
ACAAAATTAGGAGCAG,0
ACAAAATTCCTCTTGT,0
ACAAAATTTTAATAAC,0
ACAAACAAAATGTACC,0
ACAAACAACCTGAACG,0
ACAAACAATGCTAGCG,0
ACAAACACAGGATTAC,0
ACAAACACGGTTTCTA,0
ACAAACACTTATTCAA,0
ACAAACAGATACTGCT,0
ACAAACAGGCTAGGTA,0
ACAAACATAGTTGATG,0
ACAAACATATGAATGA,0
ACAAACATGGACGAAT,0
ACAAACATTATCTATA,0
ACAAACCACTAGAACG,0
ACAAACCAGACAAAAG,0
ACAAACCCTAGTTTCC,0
ACAAACCGAACGGACC,0
ACAAACGAAAAGGCGT,0
ACAAACGATATCTTCA,0
ACAAACGCAACAAGAA,0
ACAAACGCTCATCACA,0
ACAAACGCTGCGTAGA,0
ACAAACGGGTCGAATC,0
ACAAACGTAGTAGATT,0
ACAAACGTGCAATAAA,0
ACAAACGTTATTCTAC,0
ACAAACGTTTTAAATG,0
ACAAACTAAACCTTAC,0
ACAAACTAACTCAGCC,0
ACAAACTAGAAATTTT,0
ACAAACTAGCCACTTA,0
ACAAACTATCGGCATA,0
ACAAACTCTGTTAAAC,0
ACAAACTTTAAACCGC,0
ACAAAGAAATAGCGAG,0
ACAAAGAATGAAAAAG,0
ACAAAGACAAAAGGTA,0
ACAAAGACACTCTATT,0
ACAAAGACTAAGTTAA,0
ACAAAGACTATCATCT,0
ACAAAGCAAAGATCCT,0
ACAAAGCAAGTCAAGT,0
ACAAAGCATCCATATC,0
ACAAAGCCATGAATTA,0
ACAAAGCCATTCGTTC,0
ACAAAGCCCCAGGTTA,0
ACAAAGCCGGGTGTAC,0
ACAAAGCTATACTAAA,0
ACAAAGGGATATTTTT,0
ACAAAGGGTTACATTT,0
ACAAAGGTAATACTGG,0
ACAAAGGTGTTAAAAA,0
ACAAAGTAAAGAAGAA,0
ACAAAGTAATTTAAGA,0
ACAAAGTATGAAACAT,0
ACAAAGTGACATATAC,0
ACAAAGTTCGCTGGCG,0
ACAAAGTTTTAGCGAT,0
ACAAATAAATCAAAAA,0
ACAAATAACCCTAGTA,0
ACAAATAAGACGAAAT,0
ACAAATACAGCTACCG,0
ACAAATAGAATCGCTC,0
ACAAATAGGATATTTA,0
ACAAATAGGTGAACCA,0
ACAAATAGTCACCAAA,0
ACAAATATAAACCTAG,0
ACAAATCACGGTGAAA,0
ACAAATCCACTATTTA,0
ACAAATCCCCATTCCG,0
ACAAATCGATTTCGGT,0
ACAAATCGGATAGCAC,0
ACAAATCTATACTTAT,0
ACAAATCTTGCTTGTT,0
ACAAATGAAACAATCA,0
ACAAATGAACACATGA,0
ACAAATGAAGTTATTG,0
ACAAATGACGCTCTAG,0
ACAAATGCCGCATTTG,0
ACAAATGTCGATGAGC,0
ACAAATGTCTATACTA,0
ACAAATTACACAATTA,0
ACAAATTAGAACAGTA,0
ACAAATTAGTAATAAC,0
ACAAATTGTGATAATA,0
ACAAATTGTTAAAAAC,0
ACAAATTTACCCAGCT,0
ACAAATTTCAGCTTAG,0
ACAAATTTCAGTATGA,0
ACAACAAAAGGACAAC,0
ACAACAAACCCAATTT,0
ACAACAAACGTGCCAC,0
ACAACAAACTAGAATC,0
ACAACAACACATCACA,0
ACAACAACCGAGATGC,0
ACAACAACGATGTATA,0
ACAACAACTAATACTA,0
ACAACAAGCAAATAGT,0
ACAACACAACCGATAT,0
ACAACACAATTGTATC,0
ACAACACAGAGAGTTG,0
ACAACACCAAACCAAA,0
ACAACACTACGCCAAC,0
ACAACACTGACTACGT,0
ACAACAGAAAAAACTC,0
ACAACAGAACCCTTAC,0
ACAACAGAATGAAGTA,0
ACAACAGATGACAGAC,0
ACAACAGCGAAATCCC,0
ACAACAGCGTTTCACA,0
ACAACAGGAAGCTAAA,0
ACAACAGGAGAGTAAA,0
ACAACAGTGATAAAGA,0
ACAACATAGGTTATAC,0
ACAACATATCCGCAAG,0
ACAACATCTGACCAAA,0
ACAACATTACTAAAAA,0
ACAACATTCGAATACG,0
ACAACATTCTTGTACA,0
ACAACATTTGGAACTG,0
ACAACCAACCACTAAT,0
ACAACCATAATTAGAG,0
ACAACCATACAAAAAG,0
ACAACCATATTTACTT,0
ACAACCATTATAATTG,0
ACAACCCAACGATTGT,0
ACAACCCACTGACTAA,0
ACAACCCAGATAGCAC,0
ACAACCCATTTCAACC,0
ACAACCCGATCTAAGA,0
ACAACCGAATCCATCA,0
ACAACCGGGAAGAGAA,0
ACAACCGGTAGTGAGA,0
ACAACCGTTATCTTAT,0
ACAACCTAAAAAAGCT,0
ACAACCTAAAAAGTAC,0
ACAACCTATATACTGA,0
ACAACCTATGAGGTTG,0
ACAACCTGGGTGCAGA,0
ACAACCTTAGTTACTC,0
ACAACGAACTCAGTAA,0
ACAACGAGAACTTAAG,0
ACAACGAGCCAATACG,0
ACAACGATATCAATCA,0
ACAACGATTGAGCAAA,0
ACAACGCCACACTTAA,0
ACAACGCCTTACTCTT,0
ACAACGCTCATTTGAA,0
ACAACGCTTCGTCAAT,0
ACAACGGATTCATCTG,0
ACAACGGCGCCGACAA,0
ACAACGTAAAGCCATA,0
ACAACGTAAATTTTTT,0
ACAACGTAACGCGATT,0
ACAACGTAACTGTATT,0
ACAACGTAGAACAATT,0
ACAACGTATAATACAA,0
ACAACTAAAAAGATAA,0
ACAACTAAAGAACACA,0
ACAACTAAATGACATC,0
ACAACTAGGCTGCCTG,0
ACAACTAGTATTATAA,0
ACAACTATAGCTATGA,0
ACAACTATTACAACCT,0
ACAACTCAACCAACTT,0
ACAACTCAATATCAAA,0
ACAACTCACACAAGAA,0
ACAACTCTCAATGACC,0
ACAACTCTCTAGATTA,0
ACAACTCTTTCCACAA,0
ACAACTGACGCAACAC,0
ACAACTGAGGAACTTA,0
ACAACTGCACTGCAAC,0
ACAACTGTGGCAACCC,0
ACAACTTAAAAGAAAA,0
ACAACTTAATGATATC,0
ACAACTTATGCAATTT,0
ACAACTTCACAAGAGT,0
ACAACTTGACTGTATT,0
ACAAGAAAAAAACAAT,0
ACAAGAAACATTGCGA,0
ACAAGAAAGTAGATTG,0
ACAAGAAAGTATGCAA,0
ACAAGAACTGTGCTAG,0
ACAAGAATCAAGTAGA,0
ACAAGAATCGATTAAA,0
ACAAGAATTAAGATAA,0
ACAAGAATTACTGGAT,0
ACAAGAATTTGAGCCA,0
ACAAGACTAACGCAAG,0
ACAAGAGAACACTGCA,0
ACAAGAGAACGCTATC,0
ACAAGAGAATTAGATC,0
ACAAGAGCTCGAATCA,0
ACAAGAGTATAACATA,0
ACAAGATAACTAGCAA,0
ACAAGATAGTCCCAAA,0
ACAAGATATGTTATCA,0
ACAAGATATTATTTTC,0
ACAAGATCGAAGGTAT,0
ACAAGATGCACGTGTG,0
ACAAGATTACCAAATC,0
ACAAGATTGGTCAGCC,0
ACAAGCATGTTACAGG,0
ACAAGCATTGGGTAAA,0
ACAAGCCAGGTGACAA,0
ACAAGCCCAGACGGCA,0
ACAAGCCTCCGAAGCA,0
ACAAGCCTGCTATTTA,0
ACAAGCCTGTGATATG,0
ACAAGCGAGCAAGGAG,0
ACAAGCGAGTATTACG,0
ACAAGCGTTTCAAACA,0
ACAAGCTACAAAGATT,0
ACAAGCTGTTTCTCTA,0
ACAAGGAAAGTTTTGG,0
ACAAGGAAATACGCAT,0
ACAAGGAAATGCAGAT,0
ACAAGGAATATAACCG,0
ACAAGGAATTTTATTA,0
ACAAGGAGAACCTATA,0
ACAAGGATGCGTGTCA,0
ACAAGGATTGTAGATA,0
ACAAGGCAAGTGGTAT,0
ACAAGGCAGGTATTTT,0
ACAAGGGAATTTCCGA,0
ACAAGGGGCGTGATAA,0
ACAAGGGTGCATATAG,0
ACAAGGTATACCCTGC,0
ACAAGGTGATCAAATC,0
ACAAGGTGCAAGTGTG,0
ACAAGGTTGAAATACC,0
ACAAGGTTTGCAAATA,0
ACAAGTAAAATTCTAT,0
ACAAGTAAATGAATGT,0
ACAAGTACTAACTTGG,0
ACAAGTACTTAAGAAG,0
ACAAGTAGTTCAACCC,0
ACAAGTATAAAGTCTC,0
ACAAGTCAACAGAAAG,0
ACAAGTCAACCAAACC,0
ACAAGTCAATACTATC,0
ACAAGTCCCCATTGTC,0
ACAAGTCGTTTACCGA,0
ACAAGTGAATAGACCT,0
ACAAGTGAATATACGA,0
ACAAGTGCGGATAGGT,0
ACAAGTGTTTGAAAAA,0
ACAAGTTAAAAAACGA,0
ACAAGTTAAGGCTGCA,0
ACAAGTTACAGCAGAT,0
ACAAGTTCTTTTTGGT,0
ACAAGTTGTAACCGTA,0
ACAATAAAAAGTAGAA,0
ACAATAAAAATTTTGT,0
ACAATAAAATACTAGC,0
ACAATAAATAAAGACA,0
ACAATAAATTGTTACA,0
ACAATAACAAATTTTA,0
ACAATAACACCCCCGT,0
ACAATAACGAGCATAT,0
ACAATAACTTGTTGGG,0
ACAATAAGCCAGAAAC,0
ACAATAAGTAGTACTG,0
ACAATAAGTTTCAAAC,0
ACAATAATATAGGAAA,0
ACAATAATCATATACT,0
ACAATAATTAAAAATT,0
ACAATAATTCATGTAA,0
ACAATACATCTTCGAA,0
ACAATACCTTGAATTA,0
ACAATACGTAACCCTA,0
ACAATAGAAACTATAA,0
ACAATAGAACCTCTTC,0
ACAATAGCCTGGATAG,0
ACAATAGGATTTTCTT,0
ACAATAGGTATGAGCC,0
ACAATAGTAAAACCCC,0
ACAATAGTGTTAATCC,0
ACAATATAACACAACA,0
ACAATATAGATAAAAG,0
ACAATATCCGCCGAAG,0
ACAATATGACGGCACC,0
ACAATCAAAATCAGAT,0
ACAATCAACCCTAGCT,0
ACAATCACTAACCGCG,0
ACAATCACTTAATATG,0
ACAATCACTTACCGGC,0
ACAATCAGTATAACCC,0
ACAATCATCTTAGAGT,0
ACAATCATGAACGGAG,0
ACAATCCAAGGTTATG,0
ACAATCCAGGTGAAAG,0
ACAATCCCGCCTGGGA,0
ACAATCCCTCATACTA,0
ACAATCCGCAATCAAG,0
ACAATCCGTGATCACT,0
ACAATCCTTCATCAAA,0
ACAATCGAACACCTGA,0
ACAATCGAGTAAGCAA,0
ACAATCGATAATCGTC,0
ACAATCGCCTGGAACC,0
ACAATCGGCACAGCCC,0
ACAATCGTATTCTCTA,0
ACAATCTAAGGATTGC,0
ACAATCTAATAAGACG,0
ACAATCTATAATTAAA,0
ACAATCTATACAATTG,0
ACAATCTTTCATTAAC,0
ACAATGAAAGGCTAAA,0
ACAATGAAGTGAAACG,0
ACAATGAATCTGAAAA,0
ACAATGACTACAAAAG,0
ACAATGAGCTATGATA,0
ACAATGAGTTATAGAT,0
ACAATGATATGAATTT,0
ACAATGATCCAACTAC,0
ACAATGATGATTGCCG,0
ACAATGCAAGAGAATG,0
ACAATGCATTTCTTTC,0
ACAATGCTATGTTACA,0
ACAATGCTTCACGTGG,0
ACAATGGTGCTACTTT,0
ACAATGTAAAAATGCT,0
ACAATGTAAACCGCTA,0
ACAATGTCACAGATAA,0
ACAATGTGGATCAGAC,0
ACAATGTTGATTAATA,0
ACAATGTTTTAGAACA,0
ACAATGTTTTTATAAG,0
ACAATTAAAAATGACA,0
ACAATTAAATCATCAT,0
ACAATTAACGCCCATC,0
ACAATTAATAGGCCAC,0
ACAATTAGAAATAACC,0
ACAATTAGAACACAAC,0
ACAATTAGATCCAATT,0
ACAATTATTAGATTGA,0
ACAATTCAAACATAGG,0
ACAATTCAACTTCAGC,0
ACAATTCCAACAAAAC,0
ACAATTCCTAGTCGAA,0
ACAATTCGAAAGAAAG,0
ACAATTGCATGCAGGT,0
ACAATTGCGAGCTTAA,0
ACAATTGTACACAAGT,0
ACAATTGTATTCTTCG,0
ACAATTGTGCTTGGTC,0
ACAATTTAGGGCGTAT,0
ACAATTTAGTACACTT,0
ACAATTTCGAATCAAG,0
ACAATTTCGTGTAAGA,0
ACAATTTGAAAATATA,0
ACAATTTTAAGCACTA,0
ACAATTTTAATGCTCT,0
ACACAAAAGAGTATAC,0
ACACAAAATATATAAA,0
ACACAAAATGAGACAA,0
ACACAAAATTGTGTAG,0
ACACAAAGAAAATAAC,0
ACACAAAGCAAGATAA,0
ACACAAAGTTAACGCA,0
ACACAAATATTGGATT,0
ACACAACAACAACAAA,0
ACACAACAACCACTAA,0
ACACAACAACTCATAT,0
ACACAACAATAACCCA,0
ACACAACACAGTTGAA,0
ACACAACAGACTTATT,0
ACACAACATTTCGGAC,0
ACACAACCCAATCAAT,0
ACACAACCTATCGTGT,0
ACACAACGTGAGCCAT,0
ACACAACTACCTTTTA,0
ACACAACTAGAAGCTT,0
ACACAAGAAGCCCTAA,0
ACACAAGAGAAAGACG,0
ACACAAGAGAACGACA,0
ACACAAGAGTCGAACA,0
ACACAAGATCTAACAT,0
ACACAAGCAGTTCAAA,0
ACACAAGCCGAAGACA,0
ACACAAGCGATTTCTA,0
ACACAAGGAATTTGCC,0
ACACAAGGCAAGTGAT,0
ACACAAGGTAAAAAAG,0
ACACAAGGTCATGCAA,0
ACACAATAAAAATCTG,0
ACACAATAATCAGACT,0
ACACAATAATTAAGAT,0
ACACAATCATTAAAAA,0
ACACAATCGAACACAA,0
ACACAATCTAACGATT,0
ACACAATGAGCACCTA,0
ACACAATGCATATTGC,0
ACACAATGCCAAATTC,0
ACACAATTAATGCTCC,0
ACACAATTCATAGTGT,0
ACACAATTCTAAATCC,0
ACACAATTGGACATCA,0
ACACACAAAAAATCTC,0
ACACACAAGAGCCGAT,0
ACACACACTCCATAAC,0
ACACACATAGAACGAC,0
ACACACATAGATTGCA,0
ACACACCATAACGGAT,0
ACACACCCAGTATAAC,0
ACACACCCATAAGTTA,0
ACACACCTGGTTAATT,0
ACACACGAGTCCTAGA,0
ACACACGCCTACCACA,0
ACACACTAGTAAGTAA,0
ACACACTGCTTCTCGT,0
ACACACTGTACATTGC,0
ACACACTTAGCTAATA,0
ACACACTTATACACAG,0
ACACAGAAACAAAAGT,0
ACACAGAAAGGTGCTT,0
ACACAGAATTAGATGT,0
ACACAGATCAGAAAAA,0
ACACAGATCTGGAACC,0
ACACAGCAACGAAGGC,0
ACACAGCATCCCTAAT,0
ACACAGCCGAGGTTAA,0
ACACAGCGACCCTAAA,0
ACACAGGAAAAAGACC,0
ACACAGGGGGGTGATA,0
ACACAGTACTGCCCTC,0
ACACAGTATATAAATG,0
ACACAGTCTCGGGGTT,0
ACACAGTGACTGGTTG,0
ACACAGTTCTTCTTCA,0
ACACAGTTTAGATGCA,0
ACACATAAATCAGGAC,0
ACACATAACCTAAACC,0
ACACATAAGGGGTTCA,0
ACACATAATCAAAATG,0
ACACATACAAGATCTA,0
ACACATACCAATCTGT,0
ACACATACTGTCTTCT,0
ACACATATATGCAATT,0
ACACATATGTACATGT,0
ACACATCGCCGAGCCA,0
ACACATGCAATTGTGT,0
ACACATGGGAATATCA,0
ACACATGTTGACGTTC,0
ACACATTCGTAGTGTT,0
ACACATTGTACTGCGA,0
ACACATTTAACTTATA,0
ACACATTTGTTCGGAC,0
ACACATTTTAAACAAC,0
ACACATTTTACATTTA,0
ACACCAAACTTCAGGG,0
ACACCAACACGATAGA,0
ACACCAACATCGAGAC,0
ACACCAACCAATATAC,0
ACACCAACTACCTTAT,0
ACACCAAGACTAATTT,0
ACACCAAGCGTCAATA,0
ACACCAAGTAAGGTAC,0
ACACCAATGATCATAG,0
ACACCACCATTTCTTT,0
ACACCACTGCTAAGTG,0
ACACCACTTAAGTGAT,0
ACACCAGAAATGAATT,0
ACACCAGACCGAAGAG,0
ACACCAGCGGCAGACG,0
ACACCAGTTATATTTT,0
ACACCATAAAAAATTG,0
ACACCATACGACCCCT,0
ACACCATAGAATCACC,0
ACACCATATCTTTTGT,0
ACACCATGTCATATGA,0
ACACCATGTGTTGCAT,0
ACACCATTAAAAATTT,0
ACACCATTTTTAACCC,0
ACACCCAACACGCAAT,0
ACACCCAACCGATGCC,0
ACACCCACATGCGCAC,0
ACACCCACATTATACC,0
ACACCCAGAAAATTTA,0
ACACCCCAAGAATTTC,0
ACACCCCATAATATTG,0
ACACCCCCTAGTAGAT,0
ACACCCCGGAATCAGT,0
ACACCCGATTCCATGG,0
ACACCCGATTGAATCA,0
ACACCCGCAGTTAGAA,0
ACACCCGGCTCTAACA,0
ACACCCGTACTTTTGG,0
ACACCCGTTTGGCCGA,0
ACACCGAATCCCTAAT,0
ACACCGAGAGGGATAA,0
ACACCGATCAATGACA,0
ACACCGATGTACAGAC,0
ACACCGCACTTCAATA,0
ACACCGCAGCCTCGTT,0
ACACCGCCAGAATAAA,0
ACACCGCCGTTAACGC,0
ACACCGCTTAAAGTTA,0
ACACCGGCATACATGC,0
ACACCGGGTCGCTCAA,0
ACACCGGTGTGAGGTT,0
ACACCGTAGGTCGTTA,0
ACACCTACCAGCCAGT,0
ACACCTACTGGCCAAG,0
ACACCTATATTAGCGC,0
ACACCTATGACCTGAT,0
ACACCTCATCTCGTAA,0
ACACCTCTCAAAATAG,0
ACACCTCTTAAGGTTT,0
ACACCTGAACACCCAA,0
ACACCTGACACCAAAC,0
ACACCTGAGATACCAT,0
ACACCTGCTACGCGTG,0
ACACCTGTACCTGCTA,0
ACACCTTGATGGTAAT,0
ACACGAAACAGGGTAG,0
ACACGAAATCATGCAT,0
ACACGAAATGCGCTGC,0
ACACGAACTATTTTAT,0
ACACGAAGTTTGAGAA,0
ACACGACAATACCACG,0
ACACGACCCCAATCTG,0
ACACGACGTGGAAGTA,0
ACACGACTGATAAATA,0
ACACGACTGTACCCAA,0
ACACGAGATTATCCAA,0
ACACGAGTTTACTAAA,0
ACACGATCCAACGTCC,0
ACACGATTTTATTTGT,0
ACACGCAACGAATATC,0
ACACGCCAATATACAT,0
ACACGCCACACACTCC,0
ACACGCCACTTTACGC,0
ACACGCGCTCAACAAA,0
ACACGCGGAAACAATA,0
ACACGCTTACTGATCC,0
ACACGCTTTACTAACA,0
ACACGCTTTCAGCGAA,0
ACACGGAAATAAGAAA,0
ACACGGATAGCAATTA,0
ACACGGCATTAATCCC,0
ACACGGCCACAACAAA,0
ACACGGGACTGAATTA,0
ACACGGGAGCCACCTT,0
ACACGGGTATACAAAC,0
ACACGGGTGGAACATT,0
ACACGGTAACAAGCTT,0
ACACGGTTTCTACGGG,0
ACACGTAAGCTAAGTC,0
ACACGTAGTTATTACA,0
ACACGTATCTATTGCA,0
ACACGTGAAAAGATAC,0
ACACGTTACAGCTGCT,0
ACACGTTGACACCAAC,0
ACACTAACAGACATCA,0
ACACTAACGTTCACTT,0
ACACTAACTAGAACAG,0
ACACTAAGAAATGCTC,0
ACACTAAGACCATAAT,0
ACACTAAGCCAGAGTG,0
ACACTAAGGAATACCA,0
ACACTAATAAGGATCC,0
ACACTAATTTAAGTCG,0
ACACTACAATGACATG,0
ACACTACACCTATCAC,0
ACACTACATGATTTTT,0
ACACTACCAGACACCT,0
ACACTACCCTTCTTAT,0
ACACTACTTCTATTGA,0
ACACTAGACAAGCCTT,0
ACACTAGAGAAATATG,0
ACACTAGCGAAGTCCC,0
ACACTAGTAATAACAT,0
ACACTAGTATGGTCAG,0
ACACTATAACGACACT,0
ACACTATATACCATTT,0
ACACTATATCGGCATG,0
ACACTATGGCTTACCA,0
ACACTATGGGGGTTGA,0
ACACTCAAGCCTAACC,0
ACACTCAATCAAGGAG,0
ACACTCAATCATATAG,0
ACACTCAATTAATACG,0
ACACTCACACACTCAG,0
ACACTCACCGATCTAG,0
ACACTCACCTCCTACA,0
ACACTCATGTATATGT,0
ACACTCCCGTAGCCCG,0
ACACTCCGATGGTGCC,0
ACACTCGGATGGAAAA,0
ACACTCTGACACTATA,0
ACACTGACAGGACAAA,0
ACACTGACGATAAATA,0
ACACTGATATTACGTC,0
ACACTGCAAGAAAAGT,0
ACACTGCAGCCACTTA,0
ACACTGCATAAATAAT,0
ACACTGCCCTTAAGAA,0
ACACTGCCGATCAAAA,0
ACACTGCTACATAGAT,0
ACACTGCTTGCTGGGG,0
ACACTGGCCCCTTAAT,0
ACACTGGGCGACTCAA,0
ACACTGTAATAATCTT,0
ACACTGTGGAAAAGAA,0
ACACTGTTAAATAACA,0
ACACTTACCCAATCCG,0
ACACTTACTGACCAAA,0
ACACTTATAAAAAGCA,0
ACACTTATTCTGCTTC,0
ACACTTATTGCGAGGA,0
ACACTTATTGGACTTG,0
ACACTTCCAAGTTTAA,0
ACACTTCCCTCTCATA,0
ACACTTCTCAATAATA,0
ACACTTGAATCAGCCA,0
ACACTTGACGAACCTG,0
ACACTTGAGGCTTCTA,0
ACACTTGGATAACAGT,0
ACACTTGTTAAGTAGT,0
ACACTTGTTAGGCGAC,0
ACACTTTAAAAACTAG,0
ACACTTTAGGCACTTT,0
ACACTTTCGTACAACT,0
ACACTTTTGCAAATAC,0
ACAGAAAAACCAGTCT,0
ACAGAAAAATACTTAC,0
ACAGAAAAGATATTCG,0
ACAGAAACAGGTTCCG,0
ACAGAAACCACTTGCC,0
ACAGAAAGCGCTAACC,0
ACAGAAATAAACTAAC,0
ACAGAAATAAGCTGCT,0
ACAGAAATGGGATACG,0
ACAGAAATTATGCCTT,0
ACAGAAATTCCCTAAC,0
ACAGAACAAATCTAAG,0
ACAGAACAACTTCAAA,0
ACAGAACAATAGGAGC,0
ACAGAACAGGGCTATC,0
ACAGAACATAATATAA,0
ACAGAACCCTCAACTC,0
ACAGAACTTCCTCCCC,0
ACAGAAGAAGCTCACG,0
ACAGAAGAAGGGAGAA,0
ACAGAAGAAGTTAACA,0
ACAGAAGATACCTAGC,0
ACAGAAGATTAAAAAC,0
ACAGAAGCCTGTTTGA,0
ACAGAAGCTGAAACTT,0
ACAGAAGCTTAGAACA,0
ACAGAAGTGAGGTGGT,0
ACAGAAGTGATTATAC,0
ACAGAATAAGTGCCCA,0
ACAGAATATTGTGTCA,0
ACAGAATCACAGGACA,0
ACAGAATCGATAAATG,0
ACAGAATCGGAATATA,0
ACAGAATCTAACAGTA,0
ACAGAATCTGTCTCCC,0
ACAGAATGATCACAAC,0
ACAGACAAAAGCGAAC,0
ACAGACACCAATAATA,0
ACAGACACGGAGGGGC,0
ACAGACATAAATTAAT,0
ACAGACCATGCTAAAA,0
ACAGACCCTTTCATCC,0
ACAGACCTAAATGGAA,0
ACAGACCTTGAAACTC,0
ACAGACGAAGCCAAGA,0
ACAGACGCATTGAATT,0
ACAGACGCCGAAGAAC,0
ACAGACGTAGCACGTT,0
ACAGACGTATGACCAG,0
ACAGACTAAAACAAAC,0
ACAGACTAGGAGTGTT,0
ACAGACTATTCAGCCA,0
ACAGAGAATGAATAGA,0
ACAGAGATGACCAGCA,0
ACAGAGCACACCACAA,0
ACAGAGCATTATAGAA,0
ACAGAGCGTTGACAAT,0
ACAGAGCTCAATAACG,0
ACAGAGGAGGGGGCGC,0
ACAGAGGGATATGATA,0
ACAGAGGTGCGTCTAC,0
ACAGAGTATTAGAATG,0
ACAGAGTCTAGCCTAG,0
ACAGAGTCTCTGCCCA,0
ACAGAGTTATACACGA,0
ACAGAGTTCGGTGAAC,0
ACAGATACACATACTA,0
ACAGATAGAGTGGAAT,0
ACAGATATAATTGTAA,0
ACAGATATTTGGCGTG,0
ACAGATCACGTCTATC,0
ACAGATCCAGATAAAA,0
ACAGATCGGTCGCTTC,0
ACAGATCGTAAGCAGG,0
ACAGATCTCGCGCGAT,0
ACAGATGAATCCTCAA,0
ACAGATTAAGTCATTC,0
ACAGATTAATCACCAT,0
ACAGATTATACCAAGG,0
ACAGATTGAGAAGCGG,0
ACAGATTTCATCCAAT,0
ACAGCAAAACATCCTA,0
ACAGCAAAATAGTTTT,0
ACAGCAAACCCGACAG,0
ACAGCAAAGACAATAA,0
ACAGCAAAGATCCCCT,0
ACAGCACAAATGTGAA,0
ACAGCACAGTCGATCG,0
ACAGCACATAAACCCA,0
ACAGCACATGAATAAC,0
ACAGCACCCTATTCCA,0
ACAGCACCTAAACGCG,0
ACAGCACGCAACCCGA,0
ACAGCACGGTCCCCTG,0
ACAGCACTATGTTATG,0
ACAGCACTTTAGAGCT,0
ACAGCAGATCGCATAC,0
ACAGCAGATTTATACT,0
ACAGCAGCTGTGACAA,0
ACAGCAGGCGTAATAA,0
ACAGCATAAAATTCCC,0
ACAGCATACGTGGAGA,0
ACAGCATAGTCATAAA,0
ACAGCATGCTCTCAAA,0
ACAGCATGTAAAACCA,0
ACAGCCAACCACAACT,0
ACAGCCAATCTACATA,0
ACAGCCCAATATCCTA,0
ACAGCCCATTATACCT,0
ACAGCCCGCATATGAT,0
ACAGCCCGGTAAAAAA,0
ACAGCCTAAAACATAT,0
ACAGCGAAAGTCTCAT,0
ACAGCGACCACCAATA,0
ACAGCGACCGCACAAA,0
ACAGCGAGTACAGCTG,0
ACAGCGGCCTGCTCAA,0
ACAGCGTTTATAGTCA,0
ACAGCTAACCCCCCGG,0
ACAGCTAACGTTAGTA,0
ACAGCTAGAGACCTAA,0
ACAGCTATTGTACATT,0
ACAGCTCGACGTAAAA,0
ACAGCTCTATATAAAT,0
ACAGCTGTGTGTCAAA,0
ACAGCTTAACAAAGCC,0
ACAGCTTACCAAAGCT,0
ACAGCTTAGTTACCTA,0
ACAGGAAATTATCCAG,0
ACAGGAACCCGAAGTA,0
ACAGGAAGAAAAATAA,0
ACAGGAAGATCGGTGA,0
ACAGGACATCCTCCAC,0
ACAGGACTTCCTAGAA,0
ACAGGAGAGTCTCAAA,0
ACAGGAGCAAGACAAT,0
ACAGGATATATATCGG,0
ACAGGATATCGAACAC,0
ACAGGATCAGTCTCAA,0
ACAGGATGCATGTTCC,0
ACAGGATGGTCTAAAC,0
ACAGGATTTCTTAGAA,0
ACAGGCAATGTGCTAG,0
ACAGGCACATCAATTC,0
ACAGGCATTAACATTA,0
ACAGGCCACGAGACCA,0
ACAGGCCAGCGAACGA,0
ACAGGCCTCAGGACAA,0
ACAGGCCTTTGTGCCG,0
ACAGGCGGTACGATTA,0
ACAGGCGGTATCTACG,0
ACAGGCGTTAGATACC,0
ACAGGCTCAGGGAAAT,0
ACAGGCTCTAGCAACA,0
ACAGGCTGGTCCCAAA,0
ACAGGCTTCAGCCAAC,0
ACAGGCTTTGGAAGAT,0
ACAGGGAAGAGTTTAT,0
ACAGGGAGACACAATA,0
ACAGGGGCAAAGTTCC,0
ACAGGGTCGGGAAGGC,0
ACAGGGTGCATACGTG,0
ACAGGGTGTACTTTTA,0
ACAGGTAGACGAAGGC,0
ACAGGTATAACAGCAC,0
ACAGGTATACAGCCTT,0
ACAGGTATCACAAACT,0
ACAGGTATGTACACAC,0
ACAGGTCATATCCTCT,0
ACAGGTCCAAAGAATA,0
ACAGGTCTTGAAATAA,0
ACAGGTGATACCCGGC,0
ACAGGTGCAGAACTAT,0
ACAGGTGGTTTACAAA,0
ACAGGTTAAACAAACC,0
ACAGTAAAATATACGC,0
ACAGTAACAATCTGGT,0
ACAGTAAGAGCAGCAA,0
ACAGTAAGATCTGTGT,0
ACAGTAAGCTCACATC,0
ACAGTAAGTTACCTAC,0
ACAGTAATCGGAGAGC,0
ACAGTAATTATTTCCA,0
ACAGTAATTCCTAGTG,0
ACAGTAATTGACCCTC,0
ACAGTAATTTAATGTG,0
ACAGTACCAACCATTC,0
ACAGTACCCACAAAAA,0
ACAGTACTCAAGCGGC,0
ACAGTAGAGGGATATA,0
ACAGTAGATGATAGTA,0
ACAGTAGCACTTAGAT,0
ACAGTATATCAGACCA,0
ACAGTATCCATCAAAA,0
ACAGTATTCAAAGACG,0
ACAGTATTTCGGCACG,0
ACAGTCAAAAGGTGCG,0
ACAGTCAAAGAGAAAA,0
ACAGTCAGTACGACAG,0
ACAGTCATACCATAGT,0
ACAGTCATCGTCTACT,0
ACAGTCATTGAAATTG,0
ACAGTCCACATTAAAA,0
ACAGTCCCAACCAGGG,0
ACAGTCGTTAATTTGA,0
ACAGTGAAAGAAGCTT,0
ACAGTGAATGGTTCAT,0
ACAGTGACCATTTAGC,0
ACAGTGACTTAATTTA,0
ACAGTGATAAATTATA,0
ACAGTGCCAGATGCTA,0
ACAGTGCCGTTCGTAA,0
ACAGTGGCTCAAAGGA,0
ACAGTGTTCTTGATTA,0
ACAGTTAAAAATAATG,0
ACAGTTAAAAGTAATC,0
ACAGTTAAAGGTTACA,0
ACAGTTAAATGTAAAC,0
ACAGTTAACCTACGGC,0
ACAGTTAGCCCTAATC,0
ACAGTTCCACGTACCG,0
ACAGTTCCGATCGAAT,0
ACAGTTCTCGAGTCCT,0
ACAGTTGGAAAAAGCA,0
ACAGTTGTATTAGGTA,0
ACAGTTGTGATTTAGT,0
ACAGTTTAAAGATAAT,0
ACAGTTTACGCACTCC,0
ACAGTTTAGAATAGCA,0
ACAGTTTAGAGCCCCG,0
ACAGTTTCAAACTTGG,0
ACAGTTTTAGAACTGT,0
ACAGTTTTATAACTAA,0
ACAGTTTTGATACTTT,0
ACATAAAAAACCAATA,0
ACATAAAAAAGGCCGG,0
ACATAAAAACATAATT,0
ACATAAAAATAACGAT,0
ACATAAAACTCTCACC,0
ACATAAAATAACCAGA,0
ACATAAAATATTAGTG,0
ACATAAAATTATGTTG,0
ACATAAACCCACGCAG,0
ACATAAACTAGTGATG,0
ACATAAAGACGACTAA,0
ACATAAAGTAATCGTG,0
ACATAAATATATTATT,0
ACATAAATATCAGGCA,0
ACATAAATCTCATCAG,0
ACATAAATCTGCAAAA,0
ACATAACAACGAGCTC,0
ACATAACATAACAAGT,0
ACATAACCCTCTGACG,0
ACATAACGAAGCTCTG,0
ACATAACTAACATTAT,0
ACATAACTATTTTTCT,0
ACATAACTGGTTTCCG,0
ACATAACTTTCAGAGC,0
ACATAAGATACCATTC,0
ACATAAGGAATCTGAA,0
ACATAAGTAAACTAAG,0
ACATAAGTATAAAATT,0
ACATAAGTCAGCTCTA,0
ACATAAGTGCCCAAGA,0
ACATAATAGCCTGTAG,0
ACATAATATGCGCGGT,0
ACATAATATTGTGACT,0
ACATAATCACTGACTT,0
ACATAATCACTTGTTT,0
ACATAATCCATAATCT,0
ACATAATCCCTCTTAC,0
ACATAATTTATTAATC,0
ACATACAAGAGCGAAC,0
ACATACACCCTGCTTC,0
ACATACACCTTTATAA,0
ACATACACTTAAACTC,0
ACATACAGCAAAAGCA,0
ACATACAGTGCGAAGA,0
ACATACATAACCGCCC,0
ACATACATTACAGGAA,0
ACATACCAAAATCGAA,0
ACATACCAAAGGAACG,0
ACATACCAAATACAGC,0
ACATACCAACGACTTG,0
ACATACCACAAGACTT,0
ACATACCACAGGCAAT,0
ACATACCCTGAAATCG,0
ACATACGAATGAAAGC,0
ACATACGACAAAGAAA,0
ACATACGAGCACAAAT,0
ACATACGATACCCGCG,0
ACATACGATCGGATTC,0
ACATACGCCTCTATAA,0
ACATACGTTTAGAGTG,0
ACATACTGAACGGTAA,0
ACATACTGAGAAATCA,0
ACATACTGTAAGAACA,0
ACATACTTAAAGGATT,0
ACATAGAAGCCCTCGC,0
ACATAGAATTGTGTAT,0
ACATAGACAATTACTG,0
ACATAGACACAATTCT,0
ACATAGAGATCGGGGA,0
ACATAGAGTCGAACCA,0
ACATAGCAATAACTCC,0
ACATAGCAGTTGCCCT,0
ACATAGCATATACTAT,0
ACATAGCGATGCTTTG,0
ACATAGGACCACAATA,0
ACATAGGACCGCTTCT,0
ACATAGGACGCACTGG,0
ACATAGGATAATCCTA,0
ACATAGGCGCTTGGAC,0
ACATAGTATCGAATAA,0
ACATATAAAAAAGGGG,0
ACATATAAAACCTAAG,0
ACATATAACGACTAAA,0
ACATATAACTCAAGGT,0
ACATATAAGAATAATA,0
ACATATAAGATATTTA,0
ACATATAATAGAAAAT,0
ACATATAATCACCTGT,0
ACATATACAAAACGAG,0
ACATATAGCTATAATT,0
ACATATAGGATAGGAG,0
ACATATAGGTTTTCCT,0
ACATATATAATCATGA,0
ACATATATCCCGTGAT,0
ACATATATGGCAAAAT,0
ACATATCACCGGCAAC,0
ACATATCCTTTTATCC,0
ACATATCGGCCAATGT,0
ACATATCTATGTAAAT,0
ACATATCTGATAGTAA,0
ACATATGAAAGTTTCA,0
ACATATGACACCACGA,0
ACATATGTCAAGTCAG,0
ACATATTAATTAAATT,0
ACATATTAGATACTAG,0
ACATATTAGATTAGCT,0
ACATATTAGCAAGCTG,0
ACATATTATAACTAGC,0
ACATATTCCGTCTACA,0
ACATATTGGCTTATAA,0
ACATATTTAATGCTTT,0
ACATATTTCACTGTAT,0
ACATATTTGAGCTTAA,0
ACATCAAACGCACGTC,0
ACATCAAATTAAATAT,0
ACATCAACATACTCTG,0
ACATCAACCCTGTGAT,0
ACATCAATAACGCCTC,0
ACATCAATAACTATCT,0
ACATCAATCGTAGTAC,0
ACATCACAAAGCTTTT,0
ACATCACGTAGCCAAG,0
ACATCACGTTAACGCA,0
ACATCACTAATATCAG,0
ACATCAGAGCACCCAA,0
ACATCAGAGTTCAATA,0
ACATCAGATCGATTGA,0
ACATCAGCATGAAATC,0
ACATCAGCGTCTAACA,0
ACATCATCCATAAATC,0
ACATCATCTGCACCTC,0
ACATCATTTGAATCTA,0
ACATCCAAGGCGCATA,0
ACATCCAAGGTTACCC,0
ACATCCAATCAACTTG,0
ACATCCAATTGAAGGT,0
ACATCCAGTACTTATG,0
ACATCCATACGGTAAC,0
ACATCCATTACGAAAT,0
ACATCCCAAAACCTAA,0
ACATCCCACCAACTAG,0
ACATCCCATTGTTTTT,0
ACATCCCGGCGGAAGT,0
ACATCCGATAAGATAA,0
ACATCCGATATACCAC,0
ACATCCGGGCCCAAAA,0
ACATCCGTTTCCTGAA,0
ACATCCTACGTAATTC,0
ACATCCTAGAATCGAT,0
ACATCCTCACGGAGGC,0
ACATCCTCGTAGTAAT,0
ACATCGAAATATTACG,0
ACATCGAACAGTAGTA,0
ACATCGACCAGAATGA,0
ACATCGACGTATTTCA,0
ACATCGACTCTGATCA,0
ACATCGAGTAAATACC,0
ACATCGAGTTCGTCTA,0
ACATCGATAGAGTCCC,0
ACATCGATCCAGCGTA,0
ACATCGATCTAACAAA,0
ACATCGATGGGCAAAA,0
ACATCGCCAGCATTAG,0
ACATCGCCGGGGTGCT,0
ACATCGCGCATAGACA,0
ACATCGGAGATGCTGC,0
ACATCGGTAATCTAGT,0
ACATCGTGAACTTGTA,0
ACATCTACCAGTAGCC,0
ACATCTAGTACAGCTC,0
ACATCTATATTCCAAC,0
ACATCTATTTAGTCCC,0
ACATCTCATGAAAACA,0
ACATCTCCGCATCATA,0
ACATCTGGGGTCTCAC,0
ACATCTGTATCTAAAT,0
ACATCTTAAAAACCAT,0
ACATGAAAGGCCTGAT,0
ACATGAAAGTAACGCC,0
ACATGAAATCTAGAAG,0
ACATGAAATTAGCTAT,0
ACATGAAGCACGGTCC,0
ACATGAATATATAAGG,0
ACATGAATATTTATAT,0
ACATGACAAAGCTATC,0
ACATGACAACGTTGGA,0
ACATGACCCAATCTAC,0
ACATGACCCCACAAAA,0
ACATGACCCTTAACCA,0
ACATGACCGGTTGACA,0
ACATGACTAATTAGAA,0
ACATGAGATTAATATA,0
ACATGAGCGGATGCAA,0
ACATGAGTCACTTGTT,0
ACATGATCCAACCTGG,0
ACATGATCGCAACATG,0
ACATGATCTAAATAAG,0
ACATGATGGACGGTAG,0
ACATGATGGATAAAGT,0
ACATGATTGCTACCGA,0
ACATGCAAGCGGCCAA,0
ACATGCAATTTCAAAG,0
ACATGCATCGGACAAT,0
ACATGCCAGACTTATA,0
ACATGCCCCTACCATA,0
ACATGCGTACTAGGCC,0
ACATGCGTGGCTATGG,0
ACATGCTAGAGATCCG,0
ACATGCTGCCAAATCA,0
ACATGGAGATACATGG,0
ACATGGATAACCAAGA,0
ACATGGATAATAACGG,0
ACATGGCATTATGGTC,0
ACATGGCGACCATAAG,0
ACATGGCTACTTATAT,0
ACATGGTAATAACCAA,0
ACATGGTCTATCTAAT,0
ACATGGTCTGGGGAAA,0
ACATGGTTTAATACCT,0
ACATGTAGAAAAGAAA,0
ACATGTATTAAAACAG,0
ACATGTCCCAATTACT,0
ACATGTCGGTTCAGCA,0
ACATGTGACGTTGACT,0
ACATGTGCGTGGTTGT,0
ACATGTGGATTTTTCC,0
ACATGTTAAATGCTAT,0
ACATGTTTGAATAAAC,0
ACATTAAAAAGGTACA,0
ACATTAAAACTGGCCG,0
ACATTAAAATACTAGC,0
ACATTAAACACCTAGA,0
ACATTAAACGTAAATG,0
ACATTAAACTGAAAAA,0
ACATTAAATGCAAGTT,0
ACATTAACAAGTCCTG,0
ACATTAACCACCTTAA,0
ACATTAATCATTCCCC,0
ACATTAATTAATGGAG,0
ACATTACAATAAAGCA,0
ACATTACAATAGTTAG,0
ACATTACACCGGCAAA,0
ACATTACACTAACTAC,0
ACATTACCCCCCAGTA,0
ACATTACCTAAGACAC,0
ACATTACTAATAACAT,0
ACATTAGAAAGAACCC,0
ACATTAGAGCAGTCAA,0
ACATTAGATGAGACCG,0
ACATTAGCGTATGACA,0
ACATTAGGACATTTTT,0
ACATTAGGCAGCTCAC,0
ACATTAGGGACAAAAG,0
ACATTAGTGGACCCCG,0
ACATTATACACTGCCC,0
ACATTATATAAATAAA,0
ACATTATCATTAAGAG,0
ACATTATCTAAATTAG,0
ACATTATGACACAGAA,0
ACATTCAAAATAAGTA,0
ACATTCAACCCCATTG,0
ACATTCAAGATAGGTA,0
ACATTCAATTCCAGAA,0
ACATTCACCGAAGATT,0
ACATTCACGACCAAAT,0
ACATTCATAATAGGGT,0
ACATTCCCCCCACGTG,0
ACATTCCCTATAATCT,0
ACATTCCTAGCAGAAC,0
ACATTCGACAAGTAGG,0
ACATTCGAGACGATGT,0
ACATTCGTAAACAAGT,0
ACATTCGTGCCATCCC,0
ACATTCTACTCAAGTA,0
ACATTCTCTCGCGAGT,0
ACATTCTGTCTTGACA,0
ACATTCTGTTGTACTA,0
ACATTCTTAGGTAGGG,0
ACATTGAAATCCCATT,0
ACATTGAACCATTGCT,0
ACATTGACTGATCAAA,0
ACATTGAGGTACTGCG,0
ACATTGATAAAGTGGT,0
ACATTGATGGTCCTTT,0
ACATTGCGACGTACTG,0
ACATTGCTGGTACAGC,0
ACATTGGAACGCCTCC,0
ACATTGGATAGATAAA,0
ACATTGGCAATTAAAC,0
ACATTGGTATAGGTCA,0
ACATTGGTCACAACGG,0
ACATTGGTCACCCTTG,0
ACATTGGTCGCATAAA,0
ACATTGTAGCCGAGAC,0
ACATTGTTTATATAAA,0
ACATTTAAATACAATA,0
ACATTTAACATTCGGA,0
ACATTTAACCCCAATT,0
ACATTTAAGGCCCCCA,0
ACATTTAATTACACGT,0
ACATTTACGTGTATAA,0
ACATTTAGGTATTATG,0
ACATTTATAATGCCAA,0
ACATTTATTTACGTCG,0
ACATTTCAGTACGAAC,0
ACATTTCATTGAATCC,0
ACATTTCATTTGATTA,0
ACATTTCCCAATACTA,0
ACATTTCTCTGCTTAA,0
ACATTTGAAATCAGTT,0
ACATTTGAATTATGGT,0
ACATTTGGTAAACCTA,0
ACATTTTAAAGGCTAT,0
ACATTTTACAAGCTTT,0
ACATTTTGGTCACATG,0
ACATTTTTATCAAAAG,0
ACATTTTTCGGCTCAA,0
ACATTTTTTACAGAGC,0
ACATTTTTTGCCTAAC,0
ACCAAAAAATGGGGAA,0
ACCAAAAATCGAATGC,0
ACCAAAACAATAAGTC,0
ACCAAAACAATTTCTG,0
ACCAAAACATTCTGGT,0
ACCAAAACTTAACGTC,0
ACCAAAAGTATAGAAA,0
ACCAAACACACGCATC,0
ACCAAACACGCAGATT,0
ACCAAACACTTTTAGT,0
ACCAAACATCACCAAT,0
ACCAAACCCTCAGATG,0
ACCAAACCGTAAAGTT,0
ACCAAACTAACAAAGT,0
ACCAAACTGACCATTA,0
ACCAAACTTTATTCCC,0
ACCAAAGAATGGGACT,0
ACCAAAGTAGCGCTAC,0
ACCAAAGTGTGGATTG,0
ACCAAAGTTATATTTA,0
ACCAAATAAATGTCTG,0
ACCAAATAAGTTTGCG,0
ACCAAATCCCAGCTGG,0
ACCAAATCGTGTTCTA,0
ACCAAATCTAAATCAG,0
ACCAAATGACGAACTT,0
ACCAAATTAAGTAAAA,0
ACCAAATTACACCTAA,0
ACCAAATTCAGAAAAT,0
ACCAACAAACAAAACA,0
ACCAACAAATAGGTTT,0
ACCAACAAGTACGAAA,0
ACCAACAATTAAACTC,0
ACCAACACTCCCTAGT,0
ACCAACAGATCTAACA,0
ACCAACAGGTTTGCAT,0
ACCAACATAAATTAAA,0
ACCAACATATGAGATG,0
ACCAACATTTAACCTA,0
ACCAACCAACTCCCAG,0
ACCAACCATCAGATAA,0
ACCAACCTATTTGACA,0
ACCAACCTTACATTCC,0
ACCAACCTTGGTCAGC,0
ACCAACGAAACATAGT,0
ACCAACGGCTGTAGAA,0
ACCAACTAACCAATTT,0
ACCAACTAACCCTTAC,0
ACCAACTAATCATCAA,0
ACCAACTGCAGCATAT,0
ACCAACTGGGGAATTA,0
ACCAACTGTTCTGGTT,0
ACCAACTTACGGGGAT,0
ACCAACTTACTAGGTA,0
ACCAAGAAAATCGCCG,0
ACCAAGAAACGAGCAT,0
ACCAAGACATCACATT,0
ACCAAGACTTAGCATG,0
ACCAAGCACTACAAAT,0
ACCAAGCCAATGAAAA,0
ACCAAGCCACGAGACG,0
ACCAAGCCCAAGGGTG,0
ACCAAGCCTATAACCC,0
ACCAAGCGGACAAAAG,0
ACCAAGCGGTAGAAAA,0
ACCAAGCGTAAGCAAA,0
ACCAAGGCCTTTTAAA,0
ACCAAGGTGCAAACCC,0
ACCAAGGTTTATTATA,0
ACCAAGTATCTCGACC,0
ACCAAGTCGATACATT,0
ACCAAGTGGGGTTTTT,0
ACCAAGTTCACACTCA,0
ACCAATAAAAAATCTG,0
ACCAATAACCCAATAA,0
ACCAATAATAGACCTT,0
ACCAATACTAAACAAC,0
ACCAATAGGACATTGC,0
ACCAATAGGACTTCGA,0
ACCAATAGGTAACAAG,0
ACCAATAGGTCTCTGG,0
ACCAATAGTACAAGTC,0
ACCAATATAGAACGAG,0
ACCAATCAAAATCGAA,0
ACCAATCAAACCCGTC,0
ACCAATCAATCGTATC,0
ACCAATCAGCCAGACC,0
ACCAATCGGACAAAAT,0
ACCAATCGGATCTGGC,0
ACCAATCGTTAGCTTC,0
ACCAATCTCGGATCCG,0
ACCAATCTTAAGCCCA,0
ACCAATGAAATTATAA,0
ACCAATGCCAGCCTCA,0
ACCAATGTCATGTAAA,0
ACCAATTCAAGACTTT,0
ACCAATTCACTTGATC,0
ACCAATTCTTATAATT,0
ACCAATTGATCCATCC,0
ACCAATTTTGATCCTC,0
ACCAATTTTGGACACA,0
ACCACAAAAAAACGAT,0
ACCACAAAAAAGGCCC,0
ACCACAAAACTGTGCA,0
ACCACAAAAGCACAAA,0
ACCACAAAATAAGTAT,0
ACCACAAACTACTACG,0
ACCACAACATCCCGAT,0
ACCACAACCGAATCAC,0
ACCACAATAAACGCAA,0
ACCACAATTCCTGTAT,0
ACCACACATTTGCGCC,0
ACCACACCCGCTAGAC,0
ACCACACTCTGCTAGT,0
ACCACACTGAGTGCGT,0
ACCACAGAAAGGAATT,0
ACCACAGAGTACGAAC,0
ACCACAGATCGTAACT,0
ACCACATCGGGTAGCA,0
ACCACATTGAATTGAG,0
ACCACCAACTATTCTC,0
ACCACCAATATTCATC,0
ACCACCACGCACTAAC,0
ACCACCAGAATAGCTC,0
ACCACCATCGAGGCAC,0
ACCACCCCCTCTAATT,0
ACCACCCGAAAATAAT,0
ACCACCCGCGGAATAT,0
ACCACCCTAAACGCTG,0
ACCACCGAAAAAAATG,0
ACCACCGATCATGAAA,0
ACCACCTAAAGTATTA,0
ACCACCTCTTGTGCAA,0
ACCACCTGACACACAC,0
ACCACGACAAACAACA,0
ACCACGACACAGAACA,0
ACCACGAGAAGAATCA,0
ACCACTAAATTCGAAC,0
ACCACTAACATATAGT,0
ACCACTAACTCCGGAT,0
ACCACTAAGACTCTGT,0
ACCACTAATGGCGGCT,0
ACCACTACGAGAAGTA,0
ACCACTATTAGCTCGT,0
ACCACTCATTCACCCC,0
ACCACTCTATTCGAGT,0
ACCACTCTCAATCACC,0
ACCACTGAGCAAAACC,0
ACCACTTAACGGAACA,0
ACCACTTACGATGCAT,0
ACCACTTATAGGTATA,0
ACCAGAAACTTACGAG,0
ACCAGAAATTAGGTAT,0
ACCAGAACATCAAATT,0
ACCAGAATATATCGGA,0
ACCAGAATGACACGTA,0
ACCAGAGCAAACAGTC,0
ACCAGATAAGATGTGC,0
ACCAGATAATATTCTT,0
ACCAGATTGTTAACCC,0
ACCAGATTTTACAAAC,0
ACCAGCAACCACCCCA,0
ACCAGCAATGACTCAG,0
ACCAGCACCGCTAGAT,0
ACCAGCACCTCCTATT,0
ACCAGCCTCTCTAGGT,0
ACCAGCGACCACACAT,0
ACCAGCGTAAAATGCA,0
ACCAGCGTACCTACCA,0
ACCAGCGTTCATCCTT,0
ACCAGGACAACAGAAT,0
ACCAGGATACAAATAT,0
ACCAGGCACGATATCA,0
ACCAGGCGTATTACCT,0
ACCAGGCTACGAAATT,0
ACCAGGGCTCCACAAA,0
ACCAGGTAAATTCAGT,0
ACCAGGTCAGACACTA,0
ACCAGTAAAACGCAGT,0
ACCAGTAAAGCCAGTA,0
ACCAGTAGACTAACAC,0
ACCAGTAGATTACGTC,0
ACCAGTAGCATTTCAC,0
ACCAGTATAATGTGAG,0
ACCAGTCCCCGTAAAC,0
ACCAGTCGAAAGATCG,0
ACCAGTGCACTGATAA,0
ACCAGTTAGTCCAAGA,0
ACCAGTTATGTTAAGG,0
ACCAGTTCGGTGACCT,0
ACCAGTTGGCATAGTA,0
ACCAGTTGTAGATAAA,0
ACCAGTTTAAAAGTAC,0
ACCAGTTTATAGATAA,0
ACCATAAAGTGGCATT,0
ACCATAAATACTAAAA,0
ACCATAACCGTAACTA,0
ACCATAAGCATCTCCT,0
ACCATAATAAAAGTGG,0
ACCATAATATAGATGA,0
ACCATAATTTCACCAA,0
ACCATACAAAACAAAT,0
ACCATACAAAGACACA,0
ACCATACAGCTCCTTT,0
ACCATACATACAAGGA,0
ACCATACTTGTCCCCT,0
ACCATATAAAATATAG,0
ACCATATAACCATACT,0
ACCATATAATATACAA,0
ACCATATCATGCTAAC,0
ACCATATCTATCCGCT,0
ACCATCACGAACCATG,0
ACCATCCAGCATCGAA,0
ACCATCCATAAAAGTG,0
ACCATCCTGAATACTG,0
ACCATCGACCTTGCCA,0
ACCATCTACATCGGGC,0
ACCATCTATCCCTTAT,0
ACCATCTCCTAATTTA,0
ACCATCTCGCAACTCA,0
ACCATCTGCAAAGTTG,0
ACCATCTGTTCCTCTG,0
ACCATGAATATAATCA,0
ACCATGAATCCTAACG,0
ACCATGATAACAAAAC,0
ACCATGCAAACATACT,0
ACCATGCCAAAAGACT,0
ACCATGCCCGCTAACG,0
ACCATGCCTAGTAGTA,0
ACCATGGACCAACCTC,0
ACCATGTAGAGATCCC,0
ACCATGTGGTGAGTAA,0
ACCATTACCAACGCAT,0
ACCATTACGAGATCAG,0
ACCATTAGAACTATCA,0
ACCATTATTAGGCTCA,0
ACCATTATTGCTACCC,0
ACCATTCCAACGCAAT,0
ACCATTCCTTTATTGT,0
ACCATTCTATGCCATA,0
ACCATTGAGTTAGAAA,0
ACCATTGTGGAACCCA,0
ACCATTTTGACATTCT,0
ACCCAAAACTCATAGA,0
ACCCAAAAGCCCTTAC,0
ACCCAAAATCTCACCA,0
ACCCAAAATGTCAGCC,0
ACCCAAAGAAGTATGC,0
ACCCAAATACATGGTA,0
ACCCAAATCAATAACA,0
ACCCAAATGGATAGGT,0
ACCCAAATTATACATT,0
ACCCAACATAGTTATT,0
ACCCAACCGTCTGGGC,0
ACCCAACGAAAATTTG,0
ACCCAACGGTTTAGTC,0
ACCCAACTCCTCCTTC,0
ACCCAAGAAAAATAGC,0
ACCCAAGACCAACGCC,0
ACCCAAGAGTATTCTC,0
ACCCAATAAGTCCACC,0
ACCCAATACGTGACAT,0
ACCCAATCAAAGTATA,0
ACCCAATCCTTTCCGA,0
ACCCAATCTCCGAATA,0
ACCCAATGCCCACAGG,0
ACCCAATGTACTCACT,0
ACCCAATGTTGTCCAA,0
ACCCAATTGAACTCTC,0
ACCCAATTGTTACACT,0
ACCCAATTTGTGACAA,0
ACCCACAACTATACAT,0
ACCCACAAGACAAATG,0
ACCCACACAACTACAA,0
ACCCACACAATAGGCA,0
ACCCACACGCAGATGA,0
ACCCACCAACTACCAG,0
ACCCACCACTGTGGAT,0
ACCCACCATAATATAT,0
ACCCACCCATGCTGTA,0
ACCCACCCCTGGTTCT,0
ACCCACGATCATGACC,0
ACCCACGCATCTTTAC,0
ACCCACGGTCACTACG,0
ACCCACGTAAACCGTA,0
ACCCACTACCATGGAA,0
ACCCACTGCATACCGA,0
ACCCAGAGCGAGACTG,0
ACCCAGCGTCCCCGGG,0
ACCCAGCTAAAATTAA,0
ACCCAGGACCTTTCAA,0
ACCCAGGATGGAAATT,0
ACCCAGTACTAGACGC,0
ACCCAGTACTTTTCAG,0
ACCCAGTCATTTGCCC,0
ACCCAGTGATATGTTT,0
ACCCAGTTTCAGATAC,0
ACCCATAAAGAAATTG,0
ACCCATAAGAGTCACC,0
ACCCATATAGTAAACG,0
ACCCATCCAAAAAGTT,0
ACCCATCCCGAAAAAG,0
ACCCATCTTGCACCTA,0
ACCCATGCAAGCAAAG,0
ACCCATGCTTCCAATC,0
ACCCATGGTGAAATAA,0
ACCCATTAAGCATAAG,0
ACCCATTGCTCCCGCC,0
ACCCATTGTACAGGAC,0
ACCCATTTGATCTCAT,0
ACCCCAAAAAAATGAC,0
ACCCCAAAATATTAAG,0
ACCCCAAACAAGGGAG,0
ACCCCAATCACTGCGG,0
ACCCCACAACAGATAT,0
ACCCCACAATCCCAGA,0
ACCCCACCTACGATAA,0
ACCCCAGCGAGAGTGG,0
ACCCCATAGCAACACT,0
ACCCCATATGAATTTA,0
ACCCCATGATATGAAG,0
ACCCCCAAACTATTCC,0
ACCCCCAAATCCATCA,0
ACCCCCATACCAATAA,0
ACCCCCATAGCACAGA,0
ACCCCCATTGTAGCAT,0
ACCCCCCCCTAATCAG,0
ACCCCCCGACCACTGT,0
ACCCCCTATGTACCAT,0
ACCCCCTCTGAACGCA,0
ACCCCCTTCTGCGATC,0
ACCCCGAAGATAACAA,0
ACCCCGAGATAGATGA,0
ACCCCGAGCTTTGTAC,0
ACCCCGATGATATCGT,0
ACCCCGATTTGTTGGC,0
ACCCCGCGACCGACTA,0
ACCCCGCTCAAATAGC,0
ACCCCGGTCCACTTTC,0
ACCCCGGTTGAAATGA,0
ACCCCGTCACCTGACA,0
ACCCCTATACTGTGAA,0
ACCCCTATCCATTCAA,0
ACCCCTATCTCTGCTG,0
ACCCCTATTCAGGATA,0
ACCCCTCATCATCAAC,0
ACCCCTCATTAAAAGG,0
ACCCCTGAAAAAAAAA,0
ACCCCTTCTTAATACA,0
ACCCGAAATGCAATAA,0
ACCCGAAATTTCCCCA,0
ACCCGAATAAACTATA,0
ACCCGAATTCAGCCCC,0
ACCCGACAGAAGTGAT,0
ACCCGACATGGCCCAC,0
ACCCGACGGTACGCCG,0
ACCCGATAACATATCC,0
ACCCGATCCCTAAACT,0
ACCCGATCTGAGCACA,0
ACCCGATTTCCCGCCC,0
ACCCGCGAATCGACAG,0
ACCCGCGCATGCTTCT,0
ACCCGCGTCAAAGTAT,0
ACCCGCTAAGCGAAAG,0
ACCCGCTCGTTATAAG,0
ACCCGCTGATTTTCGA,0
ACCCGCTTAGATATTT,0
ACCCGGACATCAGCTC,0
ACCCGGATGAAGATGT,0
ACCCGGATTCTGCAAT,0
ACCCGGGACTTATCAC,0
ACCCGGGCCCCGCATC,0
ACCCGGGTAAGAAATC,0
ACCCGTTCTATGAGCA,0
ACCCTAAATCGTGGAT,0
ACCCTAACATATAACT,0
ACCCTAACTTGAAACT,0
ACCCTAATATACCGTT,0
ACCCTACATATAAGAA,0
ACCCTACATATCGAAT,0
ACCCTACCAATTGCTT,0
ACCCTACGGTAATAGC,0
ACCCTACTGAAATTAC,0
ACCCTAGACTAAAAAA,0
ACCCTAGCTAATGGTA,0
ACCCTAGTATGAAATG,0
ACCCTATCAATACAGA,0
ACCCTATCATACAATT,0
ACCCTATCTCATGCCC,0
ACCCTATTACCGACTG,0
ACCCTATTTCTAGAGG,0
ACCCTATTTGTGCTAT,0
ACCCTCAACCATTTAG,0
ACCCTCAATGATACTA,0
ACCCTCACACCCAAAC,0
ACCCTCCTATTAGCGG,0
ACCCTCCTCTTACGGA,0
ACCCTCCTGACCCCGC,0
ACCCTCCTTAGTTTGA,0
ACCCTCGATCGAGAAG,0
ACCCTCGGTACAGGAA,0
ACCCTCGTAAAGAGAG,0
ACCCTCTATAATAAAC,0
ACCCTCTCACCTGACC,0
ACCCTCTCCATTCATA,0
ACCCTCTTATGTCTCC,0
ACCCTGAATGAGGTAT,0
ACCCTGACGCCTATGG,0
ACCCTGATCCAAACGG,0
ACCCTGCGATTGTGTC,0
ACCCTGGCAAACAATA,0
ACCCTGTACATGGGGG,0
ACCCTGTCCGATGGGT,0
ACCCTGTCCGGTCAAT,0
ACCCTGTGGAATTCAT,0
ACCCTGTTAAAGATAA,0
ACCCTTAACGAAGTGG,0
ACCCTTACTAACCACT,0
ACCCTTAGTACATATA,0
ACCCTTATTCCATCTC,0
ACCCTTCAATAATATC,0
ACCCTTCCTTCGACGA,0
ACCCTTCGGATTATAC,0
ACCCTTCGGGGTTGTC,0
ACCCTTGATCGTCGAA,0
ACCCTTGGAAACAGCT,0
ACCCTTTATTTCGTTG,0
ACCGAAAACCTTATCA,0
ACCGAAAATATAATAG,0
ACCGAAACAGTCATTC,0
ACCGAAACTATTTACA,0
ACCGAAAGTAACTTGC,0
ACCGAACAGCACTCAA,0
ACCGAACCTACCCCTC,0
ACCGAACGGAGATAAA,0
ACCGAACTATGACACA,0
ACCGAAGAAGGCCATC,0
ACCGAAGCGGTGGCTG,0
ACCGAAGTATTATAAG,0
ACCGAATACTGCAAAA,0
ACCGAATAGAAGTCCG,0
ACCGAATCTAGACACA,0
ACCGAATCTGTTACGT,0
ACCGAATGGTCTATCC,0
ACCGAATTAGAAAATA,0
ACCGACAAAAAAATCA,0
ACCGACAAATCATGTG,0
ACCGACAAATTGTACG,0
ACCGACATAGCAACAG,0
ACCGACATATTTGAAG,0
ACCGACCCAATTAGTG,0
ACCGACCTTCTAATAG,0
ACCGACGGGATCTAAA,0
ACCGACGTCATAAGCC,0
ACCGACGTTTATTTAC,0
ACCGACTAAATCCCAA,0
ACCGACTAGAAAATTA,0
ACCGACTCACAAATAG,0
ACCGACTTCCAACAAT,0
ACCGAGAAACCATACC,0
ACCGAGAATATTCATC,0
ACCGAGCCCTCTGACC,0
ACCGAGCCCTTCATGA,0
ACCGAGCGCCAAAGCA,0
ACCGAGCGTAAGCAAT,0
ACCGAGGTACGCCAAA,0
ACCGAGTAAAGTGATC,0
ACCGAGTAGTATTAAT,0
ACCGATAAAAAATTAA,0
ACCGATAAACAGATAA,0
ACCGATAAGTAGCACG,0
ACCGATAATATAAGAC,0
ACCGATACAAGTCCAG,0
ACCGATAGGGATCGGT,0
ACCGATATATCAGAGC,0
ACCGATCTAATAAGAA,0
ACCGATGCCTCTTTCA,0
ACCGATTACGACGACA,0
ACCGATTACGAGCAAC,0
ACCGATTCAAACTTAA,0
ACCGATTCAAGGTTTC,0
ACCGATTGAACCAAGA,0
ACCGCAAAAATAATGG,0
ACCGCAAACGCCACCG,0
ACCGCAACACAATTAA,0
ACCGCAATTACCCGTG,0
ACCGCACCATTCGGCC,0
ACCGCACTGCGGTTGT,0
ACCGCACTGGCACTCA,0
ACCGCACTTTTCTATA,0
ACCGCAGTGCTAAGAA,0
ACCGCATACAGGTCGG,0
ACCGCATCAAAATGTA,0
ACCGCCACATCACAAT,0
ACCGCCATCACCGCTT,0
ACCGCCCATGCTTGCG,0
ACCGCCCTAAACAGTA,0
ACCGCCGGGGTAAACC,0
ACCGCCTAACTACTAT,0
ACCGCCTACTTGGACG,0
ACCGCCTCGCAACATT,0
ACCGCGAAAGGAAGTT,0
ACCGCGATTACGAACT,0
ACCGCGCCCCTGTCCT,0
ACCGCGCGCTCCTCAC,0
ACCGCTAAGTCAGCGA,0
ACCGCTACTTCACAAA,0
ACCGCTATGAGAGCAA,0
ACCGCTATGTACATGA,0
ACCGCTATTATGGATG,0
ACCGCTCAAACAAGGC,0
ACCGCTCAATTCCAGG,0
ACCGCTCATTAGGCTA,0
ACCGCTCGAATCATCT,0
ACCGCTTCCAATCACG,0
ACCGGAAAGGTGATGA,0
ACCGGAACATAAGATC,0
ACCGGAACATGGCAAT,0
ACCGGAAGCTGTGGAT,0
ACCGGAAGTAAATACT,0
ACCGGAATTAATTTAG,0
ACCGGACATATCCAAT,0
ACCGGACCGCCCGGTG,0
ACCGGACGACTTTATA,0
ACCGGACTGCAAGTAC,0
ACCGGAGAGTATAAAA,0
ACCGGAGGACACGTTC,0
ACCGGATATTCTTTCC,0
ACCGGATCCTCCGAGT,0
ACCGGATCCTTTACCA,0
ACCGGATTTATAATGT,0
ACCGGCAAACTCTCTT,0
ACCGGCAAGGATTTAA,0
ACCGGGAAGAAAATTG,0
ACCGGGAAGAGATACT,0
ACCGGGACTTCCCAGC,0
ACCGGGCGAAATATTC,0
ACCGGGCGCAACAATG,0
ACCGGGGGTTAGGCCC,0
ACCGGTAAAAAACAAC,0
ACCGGTAATAGTTTTA,0
ACCGGTAGTAACAAAA,0
ACCGGTGAAACTTGAA,0
ACCGGTGCCAACTTTT,0
ACCGGTGGCCCGCTGG,0
ACCGGTTCACAGTTAA,0
ACCGGTTGTTGTAAAT,0
ACCGTAACATACTGCA,0
ACCGTAACGCATAGAT,0
ACCGTAAGGGCATTCC,0
ACCGTAATAAGACCAA,0
ACCGTACGAGTATACC,0
ACCGTACGATACTATA,0
ACCGTAGAGCATAAGC,0
ACCGTAGCAAAATATC,0
ACCGTAGGCCAACACA,0
ACCGTAGGTTGGTCAC,0
ACCGTAGTAAGCCACT,0
ACCGTAGTACCCGGTA,0
ACCGTATAGACAACAT,0
ACCGTATATTATTGAT,0
ACCGTATCTAGACAAT,0
ACCGTCAAGATGAACT,0
ACCGTCAGCGAAAGCC,0
ACCGTCATATTAAGCC,0
ACCGTCCATACCCGAT,0
ACCGTCCCGACCTGAG,0
ACCGTCCGAAATGGAT,0
ACCGTCCTATGATCTT,0
ACCGTGAAATCGCTTT,0
ACCGTGATAATATATC,0
ACCGTGTCTATCATAC,0
ACCGTTAACATAGGTA,0
ACCGTTACTGTATCCA,0
ACCGTTACTGTCCCTC,0
ACCGTTAGAAAATCGA,0
ACCGTTATCAAAGCTA,0
ACCGTTCATACTGTAA,0
ACCGTTCGACCCTAAT,0
ACCGTTCTAACTGCAA,0
ACCGTTGAGAACCAGA,0
ACCGTTGATGCTCTCC,0
ACCGTTTACGCATTCG,0
ACCTAAAAATCCACAA,0
ACCTAAAAGACGCCAT,0
ACCTAAAAGCGAAAAA,0
ACCTAAAATTATGTAA,0
ACCTAAACCACCTATC,0
ACCTAAACCTAACACG,0
ACCTAAACTCGGGTAC,0
ACCTAAAGTAAGAATG,0
ACCTAACAAACCTTAC,0
ACCTAACAAATAGATA,0
ACCTAACCAGCTATTT,0
ACCTAACGAAAATTAA,0
ACCTAACTTTTGAACC,0
ACCTAAGAATCCCCTG,0
ACCTAAGATAAGTATG,0
ACCTAAGTATCCGAAA,0
ACCTAATTACGCTTCG,0
ACCTAATTGGGCCACA,0
ACCTAATTTCTGCCAG,0
ACCTACAAAAACACAA,0
ACCTACAACTGGTAAA,0
ACCTACACATGAAATA,0
ACCTACAGCATATAAA,0
ACCTACATAAGGGCGA,0
ACCTACATGCCCCCCA,0
ACCTACCAAACCGATC,0
ACCTACCCCTATTAGT,0
ACCTACCTAATAATCA,0
ACCTACGATCAACTAA,0
ACCTACGCCTGTGCAA,0
ACCTACGCGTATACAC,0
ACCTACGGCGATAATA,0
ACCTACGTCTTAACCA,0
ACCTACTGTGTCTTTC,0
ACCTACTTCAGCTGCA,0
ACCTAGAATCTACTTA,0
ACCTAGACCACTATCA,0
ACCTAGACTAAAAATC,0
ACCTAGAGGTGGAAAA,0
ACCTAGATATCCAGGG,0
ACCTAGATCAACATTT,0
ACCTAGCAAACAGATA,0
ACCTAGCAGCTTGAGA,0
ACCTAGCAGTAACTTG,0
ACCTAGCCTCATAGTG,0
ACCTAGCTGTCAACTT,0
ACCTAGGGAAAAATTT,0
ACCTAGGTAACCCAGG,0
ACCTAGGTGCATAAGT,0
ACCTAGGTTTTGGATC,0
ACCTAGTACGCGCGAG,0
ACCTAGTGTAGCATAC,0
ACCTAGTTGAGTCATC,0
ACCTATAAAAGCGAGA,0
ACCTATAAAGGAACTC,0
ACCTATACAACAAAGT,0
ACCTATACGGTGTTGA,0
ACCTATAGCTAATGTA,0
ACCTATAGGCCCATCC,0
ACCTATATCCTTTACT,0
ACCTATATCTTGGAAG,0
ACCTATCCCATATACA,0
ACCTATCGATTAAGAA,0
ACCTATGCCCATAATG,0
ACCTATGTTCTCGCGA,0
ACCTATGTTGTCGACA,0
ACCTATTCGCCCAAAT,0
ACCTATTGAACAATTT,0
ACCTATTTAATTAGAA,0
ACCTCAAAAAAAAACA,0
ACCTCAAAAGCCTCAA,0
ACCTCAACTAGTTATA,0
ACCTCAATGAACCTAG,0
ACCTCACAAGGACGGG,0
ACCTCACGACTTAATA,0
ACCTCAGATAGGTATA,0
ACCTCAGATCTCATAA,0
ACCTCAGGGTACGGGA,0
ACCTCAGTCCTAGGTC,0
ACCTCATATAAAAGCT,0
ACCTCATGCCTGAGTA,0
ACCTCATTACGCAAAT,0
ACCTCATTGGCGCTCT,0
ACCTCCACTTTAGAAA,0
ACCTCCATTCATCTCG,0
ACCTCCCAATTGACTA,0
ACCTCCCCACAAAAGG,0
ACCTCCCCTCATGTCT,0
ACCTCCCGCAGCAACC,0
ACCTCCGAATACCAAG,0
ACCTCCGGCCCTTATT,0
ACCTCCGTCGTCGGGG,0
ACCTCCTGTTAATGAT,0
ACCTCCTTGCTACTCT,0
ACCTCGAAATTATAAT,0
ACCTCGACAAGTAATA,0
ACCTCGATAATTAGAC,0
ACCTCGATAGCAAATT,0
ACCTCGCCCCACCAAA,0
ACCTCGCTGTAAAAAC,0
ACCTCGGGACAACCAC,0
ACCTCGGGACTACCGA,0
ACCTCGGTAGTTATGA,0
ACCTCGGTTAGCGCCC,0
ACCTCGTCCCTAATTT,0
ACCTCGTCCCTGTGAG,0
ACCTCTACGTGAGATA,0
ACCTCTATACTTTCCA,0
ACCTCTATCAACCCAT,0
ACCTCTCAATTATTAG,0
ACCTCTCATATGCGGG,0
ACCTCTCATATGCTAT,0
ACCTCTCATATTAAAA,0
ACCTCTCGTATGATCG,0
ACCTCTGCCTAAAAAA,0
ACCTCTGTTCCAGGAC,0
ACCTCTTAAACGCACC,0
ACCTCTTACCACTAAA,0
ACCTCTTGAGAACTAT,0
ACCTCTTGTTAACCGA,0
ACCTCTTTTAGGCCTT,0
ACCTGAAACCAGCAGG,0
ACCTGAAACGGTCCTA,0
ACCTGAAAGTAAATAA,0
ACCTGAACCTGTCGAG,0
ACCTGAACGTTTTTAT,0
ACCTGAATACACTCCA,0
ACCTGAATAGCATAGA,0
ACCTGAATCCAACTTC,0
ACCTGAGATTATTATA,0
ACCTGAGCGAAGGTTG,0
ACCTGAGGTCCGGTGC,0
ACCTGATATATTTGTA,0
ACCTGATATCTGATTA,0
ACCTGATCGACTTTGC,0
ACCTGATCTCAATTCA,0
ACCTGATGCGCTAAGT,0
ACCTGATTTTTCTATA,0
ACCTGCAAACCATATT,0
ACCTGCAAAGTGAGGT,0
ACCTGCAAGAATACAC,0
ACCTGCATCTCTAACT,0
ACCTGCGAGCGCCTGT,0
ACCTGCTCAGGCGCGT,0
ACCTGGAATAGATCAG,0
ACCTGGACAAACCGTA,0
ACCTGGACATGTCCTC,0
ACCTGGACTCAATGCC,0
ACCTGGATATAGTGCG,0
ACCTGGCACGCCCCCA,0
ACCTGGTAGGTTAAAA,0
ACCTGTAAAACCTTTT,0
ACCTGTAAATATTAGG,0
ACCTGTAATGCGGTCC,0
ACCTGTCAGTAATTCT,0
ACCTTAAAAACTTAAT,0
ACCTTAAAACTATACA,0
ACCTTAAACACCCGAC,0
ACCTTAAACACTAAGG,0
ACCTTAAACAGGTTGG,0
ACCTTAAACTCTGTTT,0
ACCTTAAGTTAGAAAC,0
ACCTTACAGTATACAA,0
ACCTTACCACGCGTAA,0
ACCTTACGCTTTTACA,0
ACCTTAGCACCCGCCC,0
ACCTTATATCCCATAA,0
ACCTTATATCTAACGC,0
ACCTTATGAAAGCCTT,0
ACCTTCAAATGTAATT,0
ACCTTCACAGGTATAG,0
ACCTTCATATGAGAAA,0
ACCTTCATGTTATTAT,0
ACCTTCCCCGATGATT,0
ACCTTCCTCAAAAAAA,0
ACCTTCGAAAAAAGCC,0
ACCTTCGGTTCAAGCC,0
ACCTTCTAAAGAAACA,0
ACCTTCTAACAAGAGA,0
ACCTTGAACACATTGG,0
ACCTTGAACGTGTAAA,0
ACCTTGAATTAAGTTT,0
ACCTTGACACAATAAA,0
ACCTTGAGAAGTTTCT,0
ACCTTGCCTCCCAGAT,0
ACCTTGGTGGGCAGAG,0
ACCTTGTTTTTCAGCT,0
ACCTTTACATTAAATT,0
ACCTTTCGTACTTGTT,0
ACCTTTCTGTAACTAT,0
ACCTTTGCGTAGGATA,0
ACCTTTGTAACAACTA,0
ACCTTTTTAATGCCAC,0
ACGAAAAACAACTAGC,0
ACGAAAAATAGTAGTC,0
ACGAAAACATTAGAGG,0
ACGAAAACCAGCCAAT,0
ACGAAAACGACAAATC,0
ACGAAAACTTGAATTG,0
ACGAAAAGGGCCCTAA,0
ACGAAAAGTAAATGGG,0
ACGAAAATCACACCCA,0
ACGAAAATCGAATTTA,0
ACGAAACAACTTACTG,0
ACGAAACACATCACTC,0
ACGAAACACCCGCAAT,0
ACGAAACAGTTAGGCA,0
ACGAAACATAGCTTTA,0
ACGAAACCAATAATAT,0
ACGAAACCCATCACCC,0
ACGAAACCGATAGATA,0
ACGAAACGAGATTCAG,0
ACGAAACTAGACGCCC,0
ACGAAAGAATTTGCCA,0
ACGAAAGGAGTTACTT,0
ACGAAAGGTCCACTAT,0
ACGAAATAAATATGAT,0
ACGAAATAATGTAACT,0
ACGAAATAGAGTTTAT,0
ACGAAATATAATCCTC,0
ACGAAATCCACCTATG,0
ACGAAATTTTATCCCA,0
ACGAACAAACCTCTAG,0
ACGAACAATTATGAGT,0
ACGAACACTTGGAATG,0
ACGAACATCATCACCG,0
ACGAACATGCAAAATT,0
ACGAACATTCCTACGC,0
ACGAACCCTCATACAC,0
ACGAACCCTTTTTCTG,0
ACGAACCGCAGTTTAA,0
ACGAACCGCCTAATGT,0
ACGAACCTACTTAAAA,0
ACGAACGCGACACGTA,0
ACGAACGCGTGTCTTA,0
ACGAACTAAAATACTA,0
ACGAACTACCATAAAA,0
ACGAACTCAAATTATG,0
ACGAACTGGCGCTATT,0
ACGAACTGTAAAACGT,0
ACGAACTTTAGCACCA,0
ACGAAGAACCCGTGAT,0
ACGAAGACCATAAACC,0
ACGAAGAGATCGTGTG,0
ACGAAGATAGACGCTC,0
ACGAAGATCGTCTTGG,0
ACGAAGCAGCTAGAAG,0
ACGAAGCGTATTAGTA,0
ACGAAGCTATTTAAAA,0
ACGAAGGCGAGTCATA,0
ACGAAGGCGTTTTAAT,0
ACGAAGGCTATTAAGT,0
ACGAAGTATCATCTGA,0
ACGAAGTCACTGAGCG,0
ACGAAGTGAAGAACCT,0
ACGAAGTGCTAGGTAC,0
ACGAAGTTATGTGACG,0
ACGAAGTTCTTTGCCC,0
ACGAATAAAAAACTGG,0
ACGAATAAGTTTTCTT,0
ACGAATAATGCAAAGA,0
ACGAATAATTCGGAAG,0
ACGAATAGTATATAAC,0
ACGAATATAAAAAAAA,0
ACGAATATTATTCACA,0
ACGAATCAAAAGTATA,0
ACGAATCAAAATTCCA,0
ACGAATCAAGACTTAT,0
ACGAATCCTAGATTAA,0
ACGAATGACCTACCTG,0
ACGAATGATGCACATA,0
ACGAATGCTAGGAAAG,0
ACGAATGCTGATTATA,0
ACGAATGTCAGTTTTT,0
ACGAATGTCATGATCG,0
ACGAATTCAACTAAAA,0
ACGAATTCATTGAGCC,0
ACGAATTCCAAGAATA,0
ACGAATTCCCGTGAGT,0
ACGAATTTAATCGTAT,0
ACGAATTTAGTGGTCA,0
ACGACAAAATGCAGCT,0
ACGACAAATTAACAAT,0
ACGACAACCTAAAGAA,0
ACGACAACGAACTGAC,0
ACGACAACTCAAAACA,0
ACGACAAGGTGAATAT,0
ACGACAATTCCCCGTA,0
ACGACACAACTATAAA,0
ACGACACATTGTTTAC,0
ACGACACGAAACAGGA,0
ACGACAGAGGTTAAAA,0
ACGACATAAACCCAAC,0
ACGACATCCACTCACA,0
ACGACATCCTGCCAGG,0
ACGACCAACATACACT,0
ACGACCATCAAAATAA,0
ACGACCCAGTAGTTCA,0
ACGACCCTAGACAAAC,0
ACGACCCTCTGCATCT,0
ACGACCCTGGTCTTTT,0
ACGACCGGAACACATA,0
ACGACCGGATTCCACA,0
ACGACCGTAAACGAGG,0
ACGACCTAGACCGTAT,0
ACGACCTGGTTATGGG,0
ACGACGCATATTAGCC,0
ACGACGCCACTTGGAG,0
ACGACGCCTCAAGCCC,0
ACGACGTATAGGACTA,0
ACGACTAAAATACCTT,0
ACGACTACATATACTG,0
ACGACTACCACCTGTG,0
ACGACTACTACTAACT,0
ACGACTACTATTATGT,0
ACGACTATCCAAGTGA,0
ACGACTATCCTTTGCC,0
ACGACTCAAATGCCTG,0
ACGACTGCCGCCAACC,0
ACGACTGCTTAAATCG,0
ACGACTGTCATGTAAT,0
ACGACTTATATTCAAT,0
ACGACTTATGATTACT,0
ACGACTTTCAAAAAGC,0
ACGAGAAAAGCACACG,0
ACGAGAAAGACAACTA,0
ACGAGAAATGAATGTA,0
ACGAGAACCCAACTCT,0
ACGAGAAGTCTAGGAA,0
ACGAGAAGTGCACTAG,0
ACGAGAATAAAATTTA,0
ACGAGAATGGAAACCA,0
ACGAGACATAATGGGA,0
ACGAGAGCGAAACACT,0
ACGAGAGTCCATGCGT,0
ACGAGATAAAACCTCC,0
ACGAGATATGAGACCA,0
ACGAGATCCTTAATTA,0
ACGAGATCGCGAATCT,0
ACGAGATCGGTTACCA,0
ACGAGCATATTCGATA,0
ACGAGCCTCGGATATG,0
ACGAGCCTGATACAAA,0
ACGAGCGCCCTCACCA,0
ACGAGCTGAGATTATA,0
ACGAGCTTCAAAAAAA,0
ACGAGGCAAGCTAAAC,0
ACGAGGCTTCATTGAA,0
ACGAGGGATTGACTAA,0
ACGAGGTATCTCAAAA,0
ACGAGTACACTAAGAG,0
ACGAGTCACTACTTAT,0
ACGAGTCATGCCCGAA,0
ACGAGTCCCAGACTAC,0
ACGAGTCCCAGATGAA,0
ACGAGTCCCCACATAC,0
ACGAGTCTTAACCAAG,0
ACGAGTGGCCCAGCTA,0
ACGAGTTAAAAACCCA,0
ACGAGTTAAACTCTTT,0
ACGAGTTCCCCTATTG,0
ACGAGTTCTCGTACGT,0
ACGATAAACCAGGTGA,0
ACGATAAATAAGATTA,0
ACGATAACATACTCAT,0
ACGATAACTGAAGTAC,0
ACGATAAGAGGGAGCC,0
ACGATAATACTATCCG,0
ACGATAATATATCTGG,0
ACGATAATATATTATC,0
ACGATAATCCCGAATT,0
ACGATAATGGCTTGAC,0
ACGATACAAATATAAT,0
ACGATACAACACTACG,0
ACGATACTATGAAAGA,0
ACGATACTGTACGGTA,0
ACGATAGAATACGAGT,0
ACGATAGACCAAATAA,0
ACGATAGCAATTCAGG,0
ACGATAGTTCAAGACG,0
ACGATAGTTCCTCCGT,0
ACGATATAAGAGCTGT,0
ACGATATACATATAAC,0
ACGATATATACGCATA,0
ACGATATCACGCACTA,0
ACGATATTTAACGAAG,0
ACGATATTTTACAAAC,0
ACGATCACACTCAACC,0
ACGATCACCTGGTCGA,0
ACGATCATAATGTTCA,0
ACGATCATACAGAAGC,0
ACGATCGAGGACCCGA,0
ACGATCTAAGGATGTT,0
ACGATGACTTGCGTGC,0
ACGATGAGCTGGGTCT,0
ACGATGCACTTTAACG,0
ACGATGGAGTCTTGCT,0
ACGATGTAACATGTAC,0
ACGATGTATAAGAATT,0
ACGATGTTAAAAACAC,0
ACGATGTTTTGATCAA,0
ACGATTAAATATCACC,0
ACGATTAAATTACCAC,0
ACGATTACAACTGAGG,0
ACGATTACAAGTTAAG,0
ACGATTACAATAAAAA,0
ACGATTATAATCTTGT,0
ACGATTATACCAAAGA,0
ACGATTATACTTGTAA,0
ACGATTCTTCACTCAC,0
ACGATTGAAACTTCAG,0
ACGATTGATTCGGGTC,0
ACGATTTAATAGTTAT,0
ACGATTTACGGTAATG,0
ACGATTTCAAATCCTC,0
ACGATTTCTCTTACCC,0
ACGATTTGAAGAATAA,0
ACGCAAAAATGTAAAA,0
ACGCAAAACTATTTCA,0
ACGCAAAATTTCCGCA,0
ACGCAAACAGCCTCAG,0
ACGCAAATTCGCTGAT,0
ACGCAACAAGCCTTCA,0
ACGCAACAAGTGCCAG,0
ACGCAAGAACCAACTT,0
ACGCAAGTCATTAGAC,0
ACGCAATATTGCAAGC,0
ACGCAATGTGTGACGT,0
ACGCAATTCAACGATC,0
ACGCAATTTAAATTTA,0
ACGCACAGAATGGACT,0
ACGCACAGGTTTAACA,0
ACGCACCCGAGGTATA,0
ACGCACGTTGCATGAC,0
ACGCACTGCCCCGTTA,0
ACGCACTGGAATCTCA,0
ACGCACTTCCTACGAA,0
ACGCAGAAGTATACCA,0
ACGCAGATAAGGAGAA,0
ACGCAGCAAACGGATG,0
ACGCATAATAGAATCG,0
ACGCATATTGTAACAC,0
ACGCATCATCAGGCAT,0
ACGCATGAGCTGGACA,0
ACGCATGTTTCCCTCG,0
ACGCATTACAAGGATC,0
ACGCATTGAAAGATAG,0
ACGCCAACCTTGAAGC,0
ACGCCAATAATAGGTC,0
ACGCCACAAATCAGAC,0
ACGCCATTAAGTAAAA,0
ACGCCCAACAATATTC,0
ACGCCCAAGGATTAGC,0
ACGCCCAATAAAAAAT,0
ACGCCCATGGGGCTTA,0
ACGCCCCCAGGGCACA,0
ACGCCCCGCGATAGGT,0
ACGCCCGAATGACTTG,0
ACGCCCGAGTTAAGTA,0
ACGCCCTACAATTTAA,0
ACGCCCTTAATACGTC,0
ACGCCCTTCTTGTACA,0
ACGCCGCAACCGAAAT,0
ACGCCGCAATCCCGGC,0
ACGCCGCGACTGATCA,0
ACGCCGTGGCCTACCA,0
ACGCCTAGTCATGGTC,0
ACGCCTGAAAAAAAAC,0
ACGCCTTTCATAACAA,0
ACGCGAATTAAGTATG,0
ACGCGAATTCATTTGT,0
ACGCGAGAATGGTACA,0
ACGCGAGAGACTTTCC,0
ACGCGAGGTTCCGACA,0
ACGCGAGTATTGAATG,0
ACGCGATAACTTGGCC,0
ACGCGATCTAAACACA,0
ACGCGATTGCTCACCA,0
ACGCGCACCGCATATT,0
ACGCGCAGAGTTCCAG,0
ACGCGCCAACAGAATT,0
ACGCGCCGAGCCCCCA,0
ACGCGCCTCCTACACC,0
ACGCGCGATACAAAAC,0
ACGCGCGTACCGTAAT,0
ACGCGCGTCTTACAAT,0
ACGCGCGTTAATAATA,0
ACGCGCTAATATTTTG,0
ACGCGCTGAGATAAAT,0
ACGCGGACCCCACTCT,0
ACGCGGGCGTTGGTTG,0
ACGCGGTAATCGTCTG,0
ACGCGGTTCGGACAGG,0
ACGCGTAAGAAGATGT,0
ACGCGTCATATCATTA,0
ACGCGTGAATCAGAAC,0
ACGCGTGAATGTTAAT,0
ACGCGTGCCTAGATAA,0
ACGCGTGCGACACCCC,0
ACGCGTTATGCACATG,0
ACGCTAAAGTCAGCGG,0
ACGCTAACAGTTCATT,0
ACGCTAAGCCATCACC,0
ACGCTACCTTTCATAA,0
ACGCTAGTCTTGACTC,0
ACGCTATAGTACTAGG,0
ACGCTCATTACTGACC,0
ACGCTCCATAGCTCAA,0
ACGCTCCCGAGACACA,0
ACGCTCCGAGGGGATG,0
ACGCTCTCGACAACCA,0
ACGCTCTGCTACGCTA,0
ACGCTCTTGGAACTTC,0
ACGCTGCCCTCAAATC,0
ACGCTGCCTATACCAC,0
ACGCTGGCCTTGAGAA,0
ACGCTGGTCTAAAACT,0
ACGCTGTATACTATAA,0
ACGCTGTCAAACACCG,0
ACGCTGTTCTCGCGAA,0
ACGCTGTTTTAAACCT,0
ACGCTTAACCCTGGTC,0
ACGCTTAAGTTCCTGT,0
ACGCTTACGTAACACA,0
ACGCTTAGGGATTCCC,0
ACGCTTCTCCGATAAA,0
ACGCTTCTGTGCACGC,0
ACGCTTCTTTACTCAA,0
ACGCTTTTAGACGTGT,0
ACGCTTTTGGCGGATA,0
ACGGAAACCAGCAATT,0
ACGGAAACCGCTTTTG,0
ACGGAAATGACGCACG,0
ACGGAACACAAACATT,0
ACGGAACCAACCTCCA,0
ACGGAACTACGTAGTG,0
ACGGAAGATGCAGCCC,0
ACGGAAGCTTTGCATG,0
ACGGAATAAATTCTGG,0
ACGGAATCCGCATATA,0
ACGGAATCTCTTACGA,0
ACGGAATGAGCGTGCA,0
ACGGACAATCACGGGT,0
ACGGACATTCCGATGT,0
ACGGACCTAAAACCAG,0
ACGGACGCATCCTGAA,0
ACGGACTTTAAGCGGT,0
ACGGAGAAAATTAACT,0
ACGGAGAATATAGCAT,0
ACGGAGAGAGTATGAA,0
ACGGAGCACATGGCTT,0
ACGGAGTAATTAGCCG,0
ACGGAGTACCTCACAT,0
ACGGATAACAATACGT,0
ACGGATCAACTCAATA,0
ACGGATCAATGTGGAT,0
ACGGATGACATTCTTG,0
ACGGATGCGCTATCAC,0
ACGGCAAATAATGATG,0
ACGGCAACAATTGCCG,0
ACGGCAATAACCAAAA,0
ACGGCAATAAGATAAC,0
ACGGCACAACAATCAG,0
ACGGCATTCTGCGCCA,0
ACGGCCAAAAAGACCT,0
ACGGCCCACAAAACCG,0
ACGGCCCTTACACTTA,0
ACGGCCGAACCTGGTA,0
ACGGCCGCAGAAGGAG,0
ACGGCGACATTGTAGT,0
ACGGCGCCAATTCATC,0
ACGGCGTCATAAAAAG,0
ACGGCTAAAATCAGAA,0
ACGGCTACCGAAACTA,0
ACGGCTAGTCATGCCG,0
ACGGCTATAGGCAGAA,0
ACGGCTCGATATTCTC,0
ACGGCTTTCAGTAAAT,0
ACGGGAAACACTTCTA,0
ACGGGAAACCATAAAA,0
ACGGGAACTTGTCAAG,0
ACGGGACTTTGATATC,0
ACGGGAGATGTAAAAT,0
ACGGGAGCTTTAAGAG,0
ACGGGATGAGCCACCT,0
ACGGGCAATCAAAATA,0
ACGGGCACGAGACGAA,0
ACGGGCCATAAGGAAA,0
ACGGGCCGCATGTGGC,0
ACGGGCCTCATAAATA,0
ACGGGCCTCTACTCAC,0
ACGGGCGGAAGAGAAC,0
ACGGGCGTGACAACCC,0
ACGGGCGTGGTGAATC,0
ACGGGCTTATAAACAG,0
ACGGGGCCTTTCTTAG,0
ACGGGGGAGCCATCGA,0
ACGGGGTTGTTAAATT,0
ACGGGTAGTAACTGAA,0
ACGGGTATAAATCAAT,0
ACGGGTCACATACTAC,0
ACGGGTCAGAATGATA,0
ACGGGTTCGAAGGAAA,0
ACGGTAAAAATCCACT,0
ACGGTAAAGAAAAGCC,0
ACGGTAAATTCCCGTA,0
ACGGTAATGATATATT,0
ACGGTAATTGTCAGAT,0
ACGGTACCAACGAGAT,0
ACGGTAGCAAAACTTT,0
ACGGTATAACGAATGA,0
ACGGTATATTTCTCTA,0
ACGGTCAAGTAGATAC,0
ACGGTCAATAATAACG,0
ACGGTCCATGTGACGT,0
ACGGTCTCACATGATT,0
ACGGTCTCACGGTACT,0
ACGGTCTTACATAAAG,0
ACGGTGAAGACCGCGA,0
ACGGTGATTGCAAATG,0
ACGGTGCCAAAAAGTA,0
ACGGTGCCCAGAGACA,0
ACGGTGCCTACTCTAT,0
ACGGTGCGTATTTATC,0
ACGGTGTAACACCTTA,0
ACGGTGTCCCATAGCA,0
ACGGTGTCCCCTCATA,0
ACGGTTAAATTCCTTC,0
ACGGTTACCCGCGAGA,0
ACGGTTGCCTAAGTTA,0
ACGGTTGGCGTCTTCA,0
ACGTAAAAAGTCTATT,0
ACGTAAAACAAGGACC,0
ACGTAAAACTGATTAA,0
ACGTAAACAGACGTGA,0
ACGTAAACATTATTAC,0
ACGTAAACTTAAAAGA,0
ACGTAAAGGTGAGATT,0
ACGTAAATGAAAGTAT,0
ACGTAACATATTCCTG,0
ACGTAACCATTTTGTA,0
ACGTAACCTCATCACG,0
ACGTAACCTTATAACA,0
ACGTAACTTTAGTATC,0
ACGTAAGACAAGACAC,0
ACGTAAGAGTCGATCA,0
ACGTAAGCAAGTATGA,0
ACGTAAGGCCCCCTGT,0
ACGTAATAATACAGGG,0
ACGTAATTATGTATAG,0
ACGTAATTCCAAAACA,0
ACGTAATTCCGAAACT,0
ACGTACAATGGTAAAT,0
ACGTACACCAGACCGG,0
ACGTACACCTGGATTC,0
ACGTACAGTCTAAAAC,0
ACGTACATCAGTTTGT,0
ACGTACATTTCTAATG,0
ACGTACCAAGAGTATG,0
ACGTACCATTTTGCCC,0
ACGTACCGTCGTCTTT,0
ACGTACGCAAAAAAGG,0
ACGTACGTCCTGGTAG,0
ACGTACTAAAGCACCT,0
ACGTACTTAATCCCAA,0
ACGTAGAAGGTAATAT,0
ACGTAGAATGCACTAA,0
ACGTAGAGGGTAGTAC,0
ACGTAGCCAATTCTAA,0
ACGTAGCCAGAAAGGA,0
ACGTAGCGCCTCTCCG,0
ACGTAGCTAATCCAGT,0
ACGTAGGATATTTTAC,0
ACGTAGTCCTTCTTGA,0
ACGTAGTGTTAACGTA,0
ACGTAGTTCGAAAAAA,0
ACGTAGTTGATAGCAT,0
ACGTATAAGCGAGGTC,0
ACGTATAATCGGTAAT,0
ACGTATACACACTAAA,0
ACGTATAGTTAACGTT,0
ACGTATATATAGTTAG,0
ACGTATCCTTACAAAA,0
ACGTATTGTTCTAACA,0
ACGTATTTAGAAAACA,0
ACGTATTTGTCTTTCT,0
ACGTCAAAAATAAGGT,0
ACGTCAAAACCCAAAA,0
ACGTCAAAAGGAAAAC,0
ACGTCAAATTTAACCC,0
ACGTCAACCGCTGACA,0
ACGTCACAGTGGCCAA,0
ACGTCACATAGGTGTC,0
ACGTCACCCCATAATA,0
ACGTCACTCATGCACC,0
ACGTCACTGTTTGTAA,0
ACGTCATACCCCCCGT,0
ACGTCATTCAAAGATA,0
ACGTCCAAAATGACTC,0
ACGTCCATATAAAAGC,0
ACGTCCTGACGCGGCT,0
ACGTCGACTTTGCGTG,0
ACGTCGGATCTTACAA,0
ACGTCTAAATGGATGC,0
ACGTCTACCCAAAAGT,0
ACGTCTATCTATATTG,0
ACGTCTGTTAAACAAC,0
ACGTCTTAAGTCAAGA,0
ACGTCTTATAACCGCA,0
ACGTGAAGCATCCCCC,0
ACGTGAATAATCATAG,0
ACGTGAATCTTCCTGA,0
ACGTGAATTACACAAC,0
ACGTGACAATACAAAG,0
ACGTGACGAAATCACC,0
ACGTGAGAGTAAGGAG,0
ACGTGAGGTGGCAATG,0
ACGTGAGTAAATCAAA,0
ACGTGAGTTTATGGGG,0
ACGTGATTAACAACGA,0
ACGTGCAAGACCTTTA,0
ACGTGCAGAACCAAAA,0
ACGTGCAGATACATTT,0
ACGTGCAGCCTAGCGT,0
ACGTGCCCTAGAGATG,0
ACGTGCCTAAAAATTT,0
ACGTGCGGCCACGGAC,0
ACGTGGAATGAAAAAG,0
ACGTGGTAGATCCTCA,0
ACGTGTAAAAGTGCCA,0
ACGTGTATTTTAATTT,0
ACGTGTCCTCCATCTG,0
ACGTGTTCAAACCATG,0
ACGTGTTTAAAACCCA,0
ACGTTAACACCCACGA,0
ACGTTAATGTCTAATC,0
ACGTTACGCCAATAAT,0
ACGTTACGGGCTAGTT,0
ACGTTAGACCAGCACT,0
ACGTTAGCCGAAATCG,0
ACGTTATACAAACCCA,0
ACGTTATGATAATATC,0
ACGTTATTTAAAATTA,0
ACGTTCGATCGAAGTT,0
ACGTTCTAAGTCAAAC,0
ACGTTCTATTACTACA,0
ACGTTCTTAAACAGAC,0
ACGTTGAACCATCTTC,0
ACGTTGAAGTAGTGCC,0
ACGTTGACTTACACAA,0
ACGTTGGACGGCTGCG,0
ACGTTGGGATGCTCCT,0
ACGTTGTAGAACTTAA,0
ACGTTGTTAACTTAGG,0
ACGTTTAAACAATTTA,0
ACGTTTAACTAATAGC,0
ACGTTTAATTAAAATA,0
ACGTTTAGACACATGC,0
ACGTTTCCTGTTGCAT,0
ACGTTTCTGTTGCAAG,0
ACGTTTGACACAGAAT,0
ACGTTTTATGATTAAG,0
ACGTTTTGAGACATGC,0
ACGTTTTGGGGCAAAG,0
ACTAAAAAAAACATGC,0
ACTAAAAAACAGTGCA,0
ACTAAAAAACCGTAGG,0
ACTAAAAAACGCCGCT,0
ACTAAAAAAGTTAGTC,0
ACTAAAAACCAAAGGA,0
ACTAAAAACGATAAAT,0
ACTAAAAAGCCATATA,0
ACTAAAACGATTAGAT,0
ACTAAAACGTTTTTAC,0
ACTAAAACTCTTAAAT,0
ACTAAAAGCACGCATA,0
ACTAAAAGCATCCGAG,0
ACTAAAATCAGCCCAT,0
ACTAAAATGTTTCGAG,0
ACTAAACCAAATTCAA,0
ACTAAACCACAAGGGT,0
ACTAAACCAGTCCATG,0
ACTAAACGGAACCGGT,0
ACTAAACTAGAACAGA,0
ACTAAACTAGAGGTCC,0
ACTAAACTATGGGCCA,0
ACTAAAGAAAGATTTG,0
ACTAAAGCTAACTGCC,0
ACTAAAGCTTATAGTT,0
ACTAAAGTCAAATATT,0
ACTAAATAAAACTACC,0
ACTAAATACTCTATAT,0
ACTAAATATAAAAACT,0
ACTAAATATGACCGAA,0
ACTAAATATTACATAG,0
ACTAAATATTAGGATT,0
ACTAAATCCAATCAAA,0
ACTAAATCTTCTCACT,0
ACTAAATGATAAACTG,0
ACTAAATTCTAACAAG,0
ACTAACAAACAACAAC,0
ACTAACACGTAATAAG,0
ACTAACAGTAATAATA,0
ACTAACCACCACCACC,0
ACTAACCAGCTCATAT,0
ACTAACCCCAAGTATA,0
ACTAACCTAATCCAAC,0
ACTAACGATTTCACTA,0
ACTAACTACCAGCTAG,0
ACTAACTATATCAAAG,0
ACTAACTCGACGAAAG,0
ACTAACTGAGAACCCC,0
ACTAACTTTCATATAC,0
ACTAAGAAAACGCATG,0
ACTAAGAACAACGGGA,0
ACTAAGACAGTTTTCA,0
ACTAAGACCCCCTACA,0
ACTAAGACCTTCGTCA,0
ACTAAGAGAATACTTG,0
ACTAAGAGCAGTATGA,0
ACTAAGAGTAAACCGA,0
ACTAAGAGTATGCATT,0
ACTAAGAGTTAATGAT,0
ACTAAGATTCAATACA,0
ACTAAGCAAGGATATT,0
ACTAAGCACAAAAATA,0
ACTAAGGACCCAAAGG,0
ACTAAGGCAAGTCCTG,0
ACTAAGGCTGGGAATG,0
ACTAAGGGTGTAGGAG,0
ACTAAGTTCGTATGAT,0
ACTAATAAAAACATAA,0
ACTAATAACATTACAG,0
ACTAATAACCTAATCT,0
ACTAATAAGTTAGTAC,0
ACTAATAATTGAGATC,0
ACTAATACAATTTGTA,0
ACTAATACCAACGAGC,0
ACTAATAGCACCAAAT,0
ACTAATAGCGCCTTCA,0
ACTAATAGGACGATAG,0
ACTAATAGTTAGTTGA,0
ACTAATATATGGGTAC,0
ACTAATATCAACTAGA,0
ACTAATATTTACAAGG,0
ACTAATCCTGCATGAA,0
ACTAATCTAAAAGACG,0
ACTAATGAACCCTGCT,0
ACTAATGAGCCACCTC,0
ACTAATGTAAATACTA,0
ACTAATGTAATACGGT,0
ACTAATGTCAGGTGCG,0
ACTAATTAAATACCCG,0
ACTAATTATCCTAAAC,0
ACTAATTCTACATTTA,0
ACTAATTCTAGGGTAT,0
ACTAATTGTAATAGAA,0
ACTACAAATTACACAT,0
ACTACAACGCGTATGG,0
ACTACAAGGACACACC,0
ACTACAAGTTAAAGCC,0
ACTACAATTATAATAG,0
ACTACACAATAATTCC,0
ACTACACAGACCAGTT,0
ACTACACAGTACTCAT,0
ACTACACCTACTATGT,0
ACTACACTGTAAGCCC,0
ACTACACTTATCAAAT,0
ACTACAGACACCCACA,0
ACTACAGAGCACCAGC,0
ACTACAGATGACGTAA,0
ACTACAGCAATAGGTA,0
ACTACAGCAATTGTAC,0
ACTACATAAAACCATG,0
ACTACATAACTTTGCA,0
ACTACATATTCAGTTC,0
ACTACATCAAAAACAA,0
ACTACATCACTAAGAA,0
ACTACCAGGATCACTT,0
ACTACCATGGCTCAAA,0
ACTACCCAAAATCTAT,0
ACTACCCACAAAGGTA,0
ACTACCCTATTTACGG,0
ACTACCCTGACCACTT,0
ACTACCGAACGCCCCG,0
ACTACCGGGATAACAC,0
ACTACCGTGGACAAAT,0
ACTACCGTTGATGGCA,0
ACTACCTAAGATATAA,0
ACTACCTAGAGTTCCA,0
ACTACCTATAAACAAA,0
ACTACGAAAAAAAATT,0
ACTACGAAATAACCTG,0
ACTACGAACGGGTCAC,0
ACTACGACATCACACT,0
ACTACGATGAAATTAG,0
ACTACGCTCGCAGTCA,0
ACTACGGCAATCATTG,0
ACTACGGCATAACTAT,0
ACTACGGCTAAACTGG,0
ACTACGGTACAAGAGT,0
ACTACGTACGTTGAAA,0
ACTACTAAACAATAGC,0
ACTACTAAGGATAGAC,0
ACTACTACAAAAAAGG,0
ACTACTACTCTAGTTG,0
ACTACTAGGCAGCATG,0
ACTACTCACTGGTTTT,0
ACTACTCAGTCACGGG,0
ACTACTCATTAAATAA,0
ACTACTCTAATAGGTA,0
ACTACTCTGTGCGAGT,0
ACTACTCTGTTATCGC,0
ACTACTGAAAAACATG,0
ACTACTGTCAAGTCCG,0
ACTACTTAATCCCCTC,0
ACTACTTCTTCTGATA,0
ACTAGAAACCGAGTAA,0
ACTAGAACAAATAGTT,0
ACTAGAACCTATGATG,0
ACTAGAATACAATGGG,0
ACTAGAATGAACCGAG,0
ACTAGACACTTGATTA,0
ACTAGACATACATCAA,0
ACTAGACCATTTAGAC,0
ACTAGAGAAGCCGAAT,0
ACTAGAGAGTCCAACT,0
ACTAGAGCTGTTATGA,0
ACTAGAGGAACAAAAA,0
ACTAGAGGACAAAAAC,0
ACTAGAGTTATACCAA,0
ACTAGATAAACTCCTA,0
ACTAGATCCACAAACT,0
ACTAGATTACAAACTT,0
ACTAGCAAAAACCAAA,0
ACTAGCAAGGGTATCT,0
ACTAGCAAGTATAGCT,0
ACTAGCAATACATAAT,0
ACTAGCAGCAACACAT,0
ACTAGCCTAACTCGAC,0
ACTAGCGAGCTGGGTT,0
ACTAGCGCATTAATCA,0
ACTAGCGGAAAAAAAC,0
ACTAGCGTCCTAGTTA,0
ACTAGCTCCATATTAA,0
ACTAGCTGAGCAATGA,0
ACTAGGAAAGAATAAA,0
ACTAGGAGAAGTACAC,0
ACTAGGAGCAACCGCG,0
ACTAGGCAAACCATCC,0
ACTAGGCATACACATC,0
ACTAGGGAAATTAGCT,0
ACTAGGTAGGAGGGAA,0
ACTAGGTGCTCCCAAC,0
ACTAGTACAAATACAT,0
ACTAGTACAAGATGCA,0
ACTAGTATACAATCCA,0
ACTAGTATGGTACTAA,0
ACTAGTCTAAAGCTTT,0
ACTAGTGAAAATCCTA,0
ACTAGTGAGACAGTAA,0
ACTAGTGATCGACAAG,0
ACTAGTGATGTACATA,0
ACTAGTGCGTAAGACA,0
ACTAGTGGAATCATAC,0
ACTAGTGGGAAGGCCG,0
ACTAGTTATCGCAGAA,0
ACTAGTTCCAGTCTCT,0
ACTAGTTGCCCCTAGA,0
ACTATAAAAGAATGAT,0
ACTATAAACCCTTATG,0
ACTATAAATTTTCATT,0
ACTATAACAGTGCACT,0
ACTATAACGGGTCAAT,0
ACTATAAGAAACAACG,0
ACTATAAGCAACTAGT,0
ACTATAATAGCAAAAC,0
ACTATAATTTGATTTA,0
ACTATACATACTAAAG,0
ACTATACCACACTTAG,0
ACTATACCCTTCGATA,0
ACTATACGCAATAGCG,0
ACTATACGCGCCCAGC,0
ACTATACGCTACTAAG,0
ACTATAGAGAATTTAA,0
ACTATAGCGGGCCTAT,0
ACTATAGGAGGCCACG,0
ACTATATCTAAACGAG,0
ACTATATCTCATGATA,0
ACTATATCTCTCACGA,0
ACTATATGCAAGGAGA,0
ACTATATGTAAAACCA,0
ACTATATTAAGAGGCA,0
ACTATCAAAGAGGGTA,0
ACTATCAAGGATAAAA,0
ACTATCAATACTCAAC,0
ACTATCACAAAAAATA,0
ACTATCACGAGGCAAT,0
ACTATCAGAATCTGCA,0
ACTATCATCACCAAAA,0
ACTATCATCATGAACT,0
ACTATCATGACAACCT,0
ACTATCATGCGGGGCC,0
ACTATCCTTGGCCATC,0
ACTATCGCGAGAGGAT,0
ACTATCTAAACTAACG,0
ACTATCTAAGAACTTT,0
ACTATCTATTGACTCT,0
ACTATCTTTAAAAACC,0
ACTATGAAATTTATGT,0
ACTATGAATACCCCCG,0
ACTATGACCTAAAGAC,0
ACTATGACTCCTTATG,0
ACTATGAGGCCGAAAA,0
ACTATGATTTTTAGAT,0
ACTATGCTAGCGTTAA,0
ACTATGGTCACATAGG,0
ACTATGGTGGCGGGTA,0
ACTATGTAGAATGCAA,0
ACTATGTCATCCTAAT,0
ACTATGTTGCAAAAAA,0
ACTATTAAAGACCGTA,0
ACTATTAAATAGATAA,0
ACTATTAACTTCACAT,0
ACTATTAATGAGACCC,0
ACTATTACGAATTTTA,0
ACTATTACTCAATTAT,0
ACTATTATGAGGGCCC,0
ACTATTCATCACGGGG,0
ACTATTGGGGTATACT,0
ACTATTGTACAACATG,0
ACTATTGTATAGATGA,0
ACTATTTAGAAAAACA,0
ACTATTTATAGGCAGA,0
ACTATTTTAGAGTAAG,0
ACTATTTTTTTATATA,0
ACTCAAAAACTTAAAT,0
ACTCAAAAATATCTGA,0
ACTCAAAATTACTAGT,0
ACTCAAAGAAGTATAT,0
ACTCAAATGGACGTAT,0
ACTCAAATTAACTCAT,0
ACTCAAATTCTCGGTA,0
ACTCAACTCCGGATAC,0
ACTCAAGAAGAAAAAT,0
ACTCAAGACCAACACT,0
ACTCAAGACGTTCTAA,0
ACTCAAGCAAAGTTCT,0
ACTCAAGTGTAACTGC,0
ACTCAATAAAATTTTC,0
ACTCAATAGTACTTAA,0
ACTCAATCTCTCGGGA,0
ACTCAATGTCGTAAGT,0
ACTCAATTGACATCAT,0
ACTCAATTGCTTACTT,0
ACTCAATTGGTAGTTA,0
ACTCAATTTAAATAAA,0
ACTCACAATAGCATTT,0
ACTCACAATATGAGTT,0
ACTCACACATTAAAGA,0
ACTCACCCTCATCTGT,0
ACTCACCTAGTAAAAT,0
ACTCACGTTCGCGGGA,0
ACTCACTATCTCTTCC,0
ACTCACTCGAGAGTTA,0
ACTCAGAAAACAACAG,0
ACTCAGAAAGTTCGTA,0
ACTCAGATCAGTTGCC,0
ACTCAGATTATAATAG,0
ACTCAGCAGTATAACC,0
ACTCAGTAAAAAGAAT,0
ACTCAGTCTAAAACCT,0
ACTCAGTTATGCTATC,0
ACTCATACAATCGAAT,0
ACTCATAGAATGCGAT,0
ACTCATAGTCTCGGGG,0
ACTCATCAACACGAGA,0
ACTCATCACAAGAATA,0
ACTCATCCTAGTATAA,0
ACTCATCTGGTCCTTG,0
ACTCATTAAGTCGAAT,0
ACTCATTAATCTTCTT,0
ACTCATTAGAACTGTG,0
ACTCATTATGATCACA,0
ACTCATTGGAAAATCT,0
ACTCATTTACCTACAG,0
ACTCATTTCAGTTGCA,0
ACTCATTTGCAAATAC,0
ACTCCAAAGAAATTGC,0
ACTCCAAAGACATTCG,0
ACTCCAAAGTAAATAT,0
ACTCCAAGACTGGTCC,0
ACTCCACCCACTAATT,0
ACTCCAGACATAACGT,0
ACTCCAGAGTTAGGCC,0
ACTCCAGCAAATTAAA,0
ACTCCAGGCACCTCAC,0
ACTCCAGTGTTATGTA,0
ACTCCATACGATTCAA,0
ACTCCATGACCGGTGA,0
ACTCCATTCAGGAACT,0
ACTCCCATAAATGAAC,0
ACTCCCATGTTGAATA,0
ACTCCCATTAATAACA,0
ACTCCCATTTATCGAG,0
ACTCCCCACTGCGCCT,0
ACTCCCCAGGGCTAAG,0
ACTCCCCAGTCCACAT,0
ACTCCCCCATAGAAAT,0
ACTCCCGCCATAGCCA,0
ACTCCGAATTGGCCTA,0
ACTCCGAGTATTGTGA,0
ACTCCGAGTTGGATAT,0
ACTCCGATAAGGCTTG,0
ACTCCGCCAGAAAAAT,0
ACTCCGGACGGCATAC,0
ACTCCTAAAGAACAAA,0
ACTCCTAACAGTAGGC,0
ACTCCTACCAGCGCAG,0
ACTCCTGTATAGCATT,0
ACTCGAACCTTTAAAT,0
ACTCGAAGAGCTCAAC,0
ACTCGAATTTAGTGCT,0
ACTCGAGCGCGACTAT,0
ACTCGATAGCCAAATT,0
ACTCGATCTGCAGACG,0
ACTCGATCTTATTAAG,0
ACTCGATGTCCCAAAT,0
ACTCGATTGATCCAAA,0
ACTCGCCAACGCATAA,0
ACTCGCGATTAATCAG,0
ACTCGCTCGTATAAAC,0
ACTCGCTTAAAAATCA,0
ACTCGGAGACTATAAG,0
ACTCGGATCTAGAATT,0
ACTCGGCATGCCCGGG,0
ACTCGGCGATAGAAAA,0
ACTCGGGTCCAAGTCA,0
ACTCGGTAATGTGAGC,0
ACTCGGTATAAACGAC,0
ACTCGGTCCTTGGACT,0
ACTCGTAAAACAGACG,0
ACTCGTAACTTGAGCT,0
ACTCGTGGTAAAAAAG,0
ACTCGTTCCTCTTGCA,0
ACTCGTTCTACAAAAA,0
ACTCGTTGCGTCTAGG,0
ACTCGTTTTAGAAAAA,0
ACTCTAAAAATGCCTA,0
ACTCTAAAGGCTACAT,0
ACTCTAACGAAAAACT,0
ACTCTAACGACGTCAC,0
ACTCTAAGAATGGACA,0
ACTCTAAGCCACCTAG,0
ACTCTAAGCTATACTA,0
ACTCTAATGAAGCTAA,0
ACTCTAATGTAACGCA,0
ACTCTACCCTGACAGT,0
ACTCTACGCACCATAG,0
ACTCTAGCTGCTTTTT,0
ACTCTAGCTTGATGCT,0
ACTCTAGGGAGAAGGC,0
ACTCTATATACATTCT,0
ACTCTCAAACTCATGA,0
ACTCTCAAATCCCATG,0
ACTCTCAACACCGGTC,0
ACTCTCAATACTCGAT,0
ACTCTCAGTTAAACAA,0
ACTCTCATATTCTTAA,0
ACTCTCATTAAGGATC,0
ACTCTCCCGGTCGACA,0
ACTCTCCTAAAAACTC,0
ACTCTCCTAAAATGGA,0
ACTCTCGACATAAATT,0
ACTCTCTATGTTCACT,0
ACTCTGAAGGGTCAAT,0
ACTCTGACGTACAGCT,0
ACTCTGAGAACTGCTA,0
ACTCTGATCAATCAAT,0
ACTCTGCAAAGATTTA,0
ACTCTGCAATTACAAG,0
ACTCTGCAGAACAACC,0
ACTCTTAAGCACAAAG,0
ACTCTTAAGGCCACAC,0
ACTCTTAGAATCGTAA,0
ACTCTTAGAGTAAAGG,0
ACTCTTAGATTTCCGA,0
ACTCTTCAAAAGGTTG,0
ACTCTTCAATATCACA,0
ACTCTTCTGGAGACAA,0
ACTCTTGCCGCTCGAA,0
ACTCTTTCCATAAACC,0
ACTCTTTGAAAATACA,0
ACTGAAAAGCAATGAG,0
ACTGAAAAGTAGCACA,0
ACTGAAACATATCGCT,0
ACTGAAAGCGATTAGG,0
ACTGAAATCTTACGAT,0
ACTGAAATTAAGAAAA,0
ACTGAACAAAATTTAA,0
ACTGAACGACATGTAT,0
ACTGAACTATGTAAAA,0
ACTGAAGCAAAAGTCA,0
ACTGAAGCACACCTAT,0
ACTGAAGTTGATAAAA,0
ACTGAATCCATTGGCA,0
ACTGAATCGTTCTGAT,0
ACTGAATGTCCTTCTT,0
ACTGAATTAGGGAGTT,0
ACTGACAAAACGATAT,0
ACTGACAAAATACGTC,0
ACTGACAAACTCATAA,0
ACTGACAATCCTGGTC,0
ACTGACACACGTATAA,0
ACTGACATACACGTGT,0
ACTGACATGTATGGAT,0
ACTGACCAACCTGACC,0
ACTGACCATATAAGAA,0
ACTGACCCGTAGTAGA,0
ACTGACCGATCACTCA,0
ACTGACGTAGTCAGAC,0
ACTGACGTATTCTTAA,0
ACTGACTCAGTAAATG,0
ACTGACTGGCACTATC,0
ACTGACTTCTTTCGGT,0
ACTGAGAATATAAACA,0
ACTGAGAGGCGATACC,0
ACTGAGATCTCAAAAT,0
ACTGAGATGAGTCCAT,0
ACTGAGCTGGGGAACA,0
ACTGAGGAACAATCAA,0
ACTGAGGATGACAGGC,0
ACTGAGGTAACATGTA,0
ACTGAGGTGGACGAGA,0
ACTGAGTAAATTCACG,0
ACTGAGTCACATTCTG,0
ACTGAGTGGACAATTG,0
ACTGATAAAAACTTCG,0
ACTGATAAATATCAGG,0
ACTGATAAGACGGTAG,0
ACTGATAAGGCATTAA,0
ACTGATAATATAGACT,0
ACTGATAATTCAGAAT,0
ACTGATACCAACACGA,0
ACTGATACCATATCTC,0
ACTGATACTATCAAAA,0
ACTGATACTTTTAGTC,0
ACTGATATAATTAGGT,0
ACTGATATTGATAGTC,0
ACTGATCAAATCGGGT,0
ACTGATCAACTACTAA,0
ACTGATCACTCGTAAA,0
ACTGATCTAAGGGCAA,0
ACTGATGGAAATATCT,0
ACTGATTAGAGTTAAA,0
ACTGATTATTTAGACA,0
ACTGATTTTCACTAAA,0
ACTGCAACTCTTTGAA,0
ACTGCAAGAGACCTGC,0
ACTGCAAGTAAAATCG,0
ACTGCAATTCTAATAA,0
ACTGCACAATTCTAAA,0
ACTGCACCATGAGATT,0
ACTGCAGAATGAGCCA,0
ACTGCAGCACTGAAAA,0
ACTGCAGGTAAGATAA,0
ACTGCAGTAGTAGAGA,0
ACTGCATAGGAAATAG,0
ACTGCATTTAAAACCA,0
ACTGCCACAGATTCAG,0
ACTGCCCTAGGAGGAT,0
ACTGCCGCAACATACC,0
ACTGCCGCTACCTGCA,0
ACTGCCTCCAAGACAA,0
ACTGCCTTACCGATAA,0
ACTGCCTTCTATAATC,0
ACTGCGATAAGATTAT,0
ACTGCGGAGCTATGAT,0
ACTGCGGTTTGTATAC,0
ACTGCGTACCTATGTG,0
ACTGCGTTCAATAACA,0
ACTGCTAAACTTTAGG,0
ACTGCTACCACGGAAC,0
ACTGCTCAGTAAAACT,0
ACTGCTGCACATAACA,0
ACTGCTGGCCATGAAG,0
ACTGCTTAACCAATCT,0
ACTGCTTTCCACCAAC,0
ACTGCTTTCTACCAAA,0
ACTGCTTTTCGTGGTT,0
ACTGGAAACCGTTAGT,0
ACTGGAACGGGCACAT,0
ACTGGAACTAAGTCGC,0
ACTGGACCAGGATTTC,0
ACTGGACCTAGTCTTC,0
ACTGGACGCTACAAAC,0
ACTGGAGTTAAGTTCT,0
ACTGGATCACATGCAG,0
ACTGGATCGCCAAATT,0
ACTGGCAATATAAAGA,0
ACTGGCACGGGCATAA,0
ACTGGCAGAGCACATT,0
ACTGGCAGTGGATCTA,0
ACTGGCGAAAGGGAAC,0
ACTGGCGATCTAGGCA,0
ACTGGCGCACTCCGCA,0
ACTGGCGTATCTCACG,0
ACTGGCTACAATTCAA,0
ACTGGGAACTTGATTA,0
ACTGGGACCCACGGAA,0
ACTGGGAGCGACTGAT,0
ACTGGGATGAGTACCC,0
ACTGGGCAAACTAGAC,0
ACTGGGCCTGATGCAC,0
ACTGGTAGAATAACCA,0
ACTGGTAGGGTCAGAA,0
ACTGGTAGTTACTCCC,0
ACTGGTATCTTAAGCC,0
ACTGGTCAACGAATAG,0
ACTGGTCATATTAACG,0
ACTGGTGACTCAGCTG,0
ACTGGTGATATCAAAA,0
ACTGGTGCCGGACCCT,0
ACTGGTGCGTGCAACA,0
ACTGGTTGACTCTCTA,0
ACTGGTTGGAATTATC,0
ACTGGTTTATTATTAG,0
ACTGTAAGTTGTTTCA,0
ACTGTAATCGAAAAGT,0
ACTGTAATGCGGACAA,0
ACTGTACCATTAAATA,0
ACTGTACCCCTTTAAA,0
ACTGTAGGTGTGGAAT,0
ACTGTATACGTTGGCA,0
ACTGTATCCTCTGGGG,0
ACTGTATCGAGGAGAA,0
ACTGTATGACCCGTCT,0
ACTGTATTGACAAAGC,0
ACTGTATTTGGACTGG,0
ACTGTCAGATTTGCCG,0
ACTGTCCAAAGAATGG,0
ACTGTCCATATAAACT,0
ACTGTCCCGACTGAAA,0
ACTGTCTCCCACCCAA,0
ACTGTCTGAAGAAAGC,0
ACTGTGAATCAAGCGG,0
ACTGTGACAATGAAAA,0
ACTGTGACACAAATGA,0
ACTGTGCAAGCAATAA,0
ACTGTGGAAACCCCCA,0
ACTGTGTTCATTTTGA,0
ACTGTTACTAACTATA,0
ACTGTTACTCAAAAAT,0
ACTGTTAGCATCTAAA,0
ACTGTTAGTACGCGGA,0
ACTGTTCTAAACAAAA,0
ACTGTTCTAAGCTGTA,0
ACTTAAAAAGAACGAA,0
ACTTAAAAATGAAAGT,0
ACTTAAAATTTTAGAA,0
ACTTAAACCGCAAAAT,0
ACTTAAACTATCACAT,0
ACTTAAACTTCGCGAG,0
ACTTAAAGCCATTACT,0
ACTTAAAGGAAAAAAA,0
ACTTAAATAAAGACCT,0
ACTTAAATAGAACCAC,0
ACTTAAATCAGCACAC,0
ACTTAACAGAAATTAC,0
ACTTAACCTAACAACG,0
ACTTAACGGCCGGCGT,0
ACTTAACTAAACAGAA,0
ACTTAACTGATAGGAG,0
ACTTAACTTAATAACC,0
ACTTAAGAGAACTAGA,0
ACTTAAGCAATCAAAA,0
ACTTAAGCACGTCTCG,0
ACTTAAGCCAAACCAT,0
ACTTAAGCTAAGAAAA,0
ACTTAAGTGTCGTACT,0
ACTTAATAATGCTCCA,0
ACTTAATCAAGCTCGA,0
ACTTAATGTTAAATTT,0
ACTTAATTCAAATAGG,0
ACTTACAAATGCCAAC,0
ACTTACACTAATAGCA,0
ACTTACACTCTAGTCA,0
ACTTACAGAAATAACT,0
ACTTACAGGTTCAAAA,0
ACTTACATTTTTAGCT,0
ACTTACCAAAGATATG,0
ACTTACCGAAAGACAA,0
ACTTACCTTAAGGAGA,0
ACTTACGGAAAAGGTA,0
ACTTACTAAATCTATA,0
ACTTACTCACAAACAC,0
ACTTACTCGATGTACC,0
ACTTACTGGTAGTCCT,0
ACTTACTGTAAGACTG,0
ACTTACTGTCACCCAG,0
ACTTAGACAGTATTCT,0
ACTTAGACCTGAAACC,0
ACTTAGATCTATAGCC,0
ACTTAGCATTGAAAAG,0
ACTTAGCCTCACTACT,0
ACTTAGCGAACTGATT,0
ACTTAGCGCGAAATAG,0
ACTTAGCGTACCATAC,0
ACTTAGCTCAGGACCC,0
ACTTAGGCCCCCCAAT,0
ACTTAGGGCAATTTAA,0
ACTTAGTCAGGTCTAA,0
ACTTATAATGTACAAG,0
ACTTATAATGTTCTCT,0
ACTTATACATCTACAT,0
ACTTATATTACTCAAA,0
ACTTATCACTCAGGAG,0
ACTTATCAGTTGCGCT,0
ACTTATCATAAACATA,0
ACTTATCGAAGTAACA,0
ACTTATCGTGACGCGA,0
ACTTATCTAACAATCA,0
ACTTATCTACGAACTG,0
ACTTATGAACAAAAAG,0
ACTTATGAAGTCAAAT,0
ACTTATGACCTAAGTA,0
ACTTATGCCGAGATAA,0
ACTTATGGCCATAGCC,0
ACTTATGTCTCAATCC,0
ACTTATTAATACCCTT,0
ACTTATTACCCGGATC,0
ACTTATTATAACCGTG,0
ACTTATTTAAAATGTA,0
ACTTATTTATACTCGA,0
ACTTCAAATATATGGT,0
ACTTCAAATCTCCCTG,0
ACTTCAAATTCTGTCT,0
ACTTCAAATTTAGAAT,0
ACTTCAACACTTATTT,0
ACTTCACAGAAAAATA,0
ACTTCACAGACTGTCA,0
ACTTCACATGATGATA,0
ACTTCACGATTCACAA,0
ACTTCACTATATCCAG,0
ACTTCAGAAGGATGGG,0
ACTTCATACTCGCCTT,0
ACTTCATAGAACAGCC,0
ACTTCATGCCCGATAT,0
ACTTCCAACAATAGTA,0
ACTTCCAAGTAAAATC,0
ACTTCCACGCGAAATG,0
ACTTCCCTCTACAATT,0
ACTTCCGTGAGGACCC,0
ACTTCCTTCTAGCATA,0
ACTTCCTTTATGACCA,0
ACTTCGAAATTGATTT,0
ACTTCGATTGGTATTG,0
ACTTCGGATAGTAGCG,0
ACTTCGGATTATTATG,0
ACTTCGGCCGGAACTA,0
ACTTCGTGATTCTTCA,0
ACTTCGTTACGATTAT,0
ACTTCTAAAACTCAAA,0
ACTTCTAACTTTTATT,0
ACTTCTAATATATGAC,0
ACTTCTATATCATTGA,0
ACTTCTCCTAACATCT,0
ACTTCTGCAGTCCAAC,0
ACTTCTTAAATAATGG,0
ACTTCTTACGCCATTA,0
ACTTCTTTATGAACAC,0
ACTTCTTTGAAGATAT,0
ACTTCTTTGGGTGAAA,0
ACTTGAAACCTACTTC,0
ACTTGAAACGAAGTAT,0
ACTTGAACCCAGTATA,0
ACTTGAACCTCGGAGC,0
ACTTGAAGGAAGTATA,0
ACTTGAATATATAGAA,0
ACTTGACAACTCGTGA,0
ACTTGACATAGTTCAT,0
ACTTGACATTTTTAAC,0
ACTTGACGACTGGTAG,0
ACTTGACGGGTTCAAT,0
ACTTGAGCATGCACTA,0
ACTTGAGCGCTTGACG,0
ACTTGAGTGCGATAGC,0
ACTTGATCGGAAACTA,0
ACTTGATCTGAAAAAT,0
ACTTGCAGTCGAAAGA,0
ACTTGCCATAAGTATT,0
ACTTGCCCCTGCGTTA,0
ACTTGCCTTGCCCGGA,0
ACTTGCGATGGCAAGT,0
ACTTGCTACGTGTCAA,0
ACTTGCTATAAAGGTC,0
ACTTGCTCTCAATTGA,0
ACTTGGAAATTAATGA,0
ACTTGGACCACTAACG,0
ACTTGGATGATCAATA,0
ACTTGGCCAACCTTGT,0
ACTTGGGACCAATCCT,0
ACTTGGGGCAAATTTC,0
ACTTGGTAATAGCTTC,0
ACTTGGTCTCGATTTA,0
ACTTGTAATAGTTAAG,0
ACTTGTCCAATGTCAA,0
ACTTGTCTTAAGAGAA,0
ACTTGTGAGTGAGTTT,0
ACTTGTGGAGTCCATC,0
ACTTTAAACCGCTTGA,0
ACTTTAAAGAGCATTG,0
ACTTTAAATAGTGATG,0
ACTTTAAATTAATTAC,0
ACTTTAAATTTCCTAG,0
ACTTTAACGCACTTGA,0
ACTTTAACGCAGAATA,0
ACTTTAACTAATAACC,0
ACTTTAATACATAAGT,0
ACTTTAATCATCACCA,0
ACTTTAATTGCCCGAG,0
ACTTTACAAAAAAATT,0
ACTTTACCAAACTAAT,0
ACTTTACGACCCCCCG,0
ACTTTACTATAACGAA,0
ACTTTACTTAGCACAC,0
ACTTTAGGTTTACACG,0
ACTTTATATAACATAT,0
ACTTTATATAATAGCA,0
ACTTTATGAATTTAGT,0
ACTTTATGACCCTTAC,0
ACTTTATTGTAGAGCT,0
ACTTTCAGCGAACCTG,0
ACTTTCATATCGACAA,0
ACTTTCCACCAGCCCC,0
ACTTTCCTAATTGAAT,0
ACTTTCGATAGCGCAG,0
ACTTTCGGCCTAAGTC,0
ACTTTCGTTCGAAGCG,0
ACTTTCTAGTTTCAAC,0
ACTTTCTCGTCCTGAC,0
ACTTTCTGTTGCACAC,0
ACTTTCTTAGTATCAA,0
ACTTTGACCCCCAGCC,0
ACTTTGACTATGGGCG,0
ACTTTGATAAAACAGT,0
ACTTTGCGGCTGTGCC,0
ACTTTGGCAACTCGTA,0
ACTTTGTAACAAATTG,0
ACTTTGTGATAAGTAG,0
ACTTTGTTATTTACTA,0
ACTTTTAAACCACAAC,0
ACTTTTACTTATCAGA,0
ACTTTTAGTATAAGGC,0
ACTTTTCTAGTAGTTA,0
ACTTTTGAGTTCGCCG,0
ACTTTTGCCGTGAAAC,0
ACTTTTGGAACCTTTT,0
ACTTTTGGATGAAAGC,0
ACTTTTGGTACAAAGT,0
ACTTTTGTCATATTCC,0
ACTTTTTATAATTGTA,0
ACTTTTTCATAATAGG,0
ACTTTTTCGCCAAGAA,0
ACTTTTTGAACGGCAC,0
ACTTTTTTAGAACCAT,0
ACTTTTTTGAATTTTG,0
AGAAAAAAAAACTAAA,0
AGAAAAAAACAGAACC,0
AGAAAAAAATCGTTAC,0
AGAAAAAACCCAAAGT,0
AGAAAAAACCGAACGA,0
AGAAAAAACTCCGAGT,0
AGAAAAAACTGTAAAG,0
AGAAAAAAGAGTTTAA,0
AGAAAAAAGCTATGAA,0
AGAAAAAAGGAGCTAA,0
AGAAAAAATAGCACAT,0
AGAAAAAATATCTCAA,0
AGAAAAAATTGAAACG,0
AGAAAAACAAGCCCCT,0
AGAAAAACCACAGTAG,0
AGAAAAACCACTGTTT,0
AGAAAAAGACACTCAA,0
AGAAAAAGCGATTTCA,0
AGAAAAAGTACTAACT,0
AGAAAAATAACAATGA,0
AGAAAAATAGTCCAGT,0
AGAAAAATATGTATAA,0
AGAAAAATCACAATAG,0
AGAAAAATCATAGGAC,0
AGAAAAATCTAATCAC,0
AGAAAAATCTTACGTT,0
AGAAAAATGACGATTC,0
AGAAAAATTTAAATAC,0
AGAAAAATTTCCTTTT,0
AGAAAACAAAAATGAA,0
AGAAAACAAGGGAATG,0
AGAAAACAAGTTTGCC,0
AGAAAACAATATGACA,0
AGAAAACGACGTTCAC,0
AGAAAACTATGGGAAT,0
AGAAAACTCTGGATAG,0
AGAAAACTTACGATGA,0
AGAAAAGAATATTCGC,0
AGAAAAGAATCACCTA,0
AGAAAAGACCCATATA,0
AGAAAAGACGGTCAAT,0
AGAAAAGATAATAACT,0
AGAAAAGATTTCAATC,0
AGAAAAGCTCAACTTG,0
AGAAAAGGAAGCGAAT,0
AGAAAAGGACTCTATA,0
AGAAAAGGGGCGGTAC,0
AGAAAAGTGCAACTAT,0
AGAAAAGTGGAAATAA,0
AGAAAATAAGGTCAAG,0
AGAAAATACTAGCCGC,0
AGAAAATATAACCGGG,0
AGAAAATATAATGTCC,0
AGAAAATCCTGCAACT,0
AGAAAATCTACTATGA,0
AGAAAATGACGATAAC,0
AGAAAATGCGATAAAT,0
AGAAAATGGACTTAAT,0
AGAAAATGGATCCCGT,0
AGAAAATGGGTGTCTT,0
AGAAAATTGGAACCAC,0
AGAAAATTTGTCGTAC,0
AGAAACAAAAAAGTTT,0
AGAAACAACCTCCCGT,0
AGAAACAACTTGGTCT,0
AGAAACAATTTAACTA,0
AGAAACACCAACGCGT,0
AGAAACACCACGATAG,0
AGAAACAGTAACAGTG,0
AGAAACATCCTAAATA,0
AGAAACATGATCCTCC,0
AGAAACATTACAATAC,0
AGAAACATTATTCCAT,0
AGAAACATTGGGCAAA,0
AGAAACCCAAAGACTA,0
AGAAACCCATGGCCCT,0
AGAAACCTACGGTGGA,0
AGAAACCTATACGATT,0
AGAAACCTGCGCCCCT,0
AGAAACCTGGTGAATC,0
AGAAACGAAAAAAGCT,0
AGAAACGAAAGTCCGC,0
AGAAACGACTCAAGGA,0
AGAAACGAGACGTTTC,0
AGAAACGGCTGTTTTT,0
AGAAACGTATTTGCAT,0
AGAAACTAAGGACCAC,0
AGAAACTACATGAAGA,0
AGAAACTAGAATTTCA,0
AGAAACTAGTCTTATT,0
AGAAACTATTCTCAGC,0
AGAAACTCTACATTAA,0
AGAAACTGGTGGAACC,0
AGAAACTGTAAGCATA,0
AGAAACTGTACCAGAG,0
AGAAACTTTCGAGTAC,0
AGAAAGAACATGGCTG,0
AGAAAGAAGACACTTA,0
AGAAAGAAGCTGCGTT,0
AGAAAGAATACAAAGT,0
AGAAAGAATGACGAAA,0
AGAAAGACCATAGGCA,0
AGAAAGACGTACGGCT,0
AGAAAGACTAATATTA,0
AGAAAGATCCATGATT,0
AGAAAGATCTGAGTTA,0
AGAAAGATGTCCGAGA,0
AGAAAGCAAATCCGAA,0
AGAAAGCAGGAGGACA,0
AGAAAGCAGTAATCTT,0
AGAAAGCCACGCAACT,0
AGAAAGCGTACTATCC,0
AGAAAGCTCGTAAACG,0
AGAAAGGACATAAAAT,0
AGAAAGGTTAGATTCA,0
AGAAAGTAAAATTCGA,0
AGAAAGTAACAGAAGG,0
AGAAAGTAACGACCAA,0
AGAAAGTAAGAGAGAG,0
AGAAAGTATCCCATAT,0
AGAAAGTGACTAAACC,0
AGAAAGTGGCTGTCAG,0
AGAAAGTTACGGTCAA,0
AGAAAGTTACTTCATT,0
AGAAATAAATATCTAA,0
AGAAATAACCAAGTCA,0
AGAAATAACTCCGTCT,0
AGAAATAATGAAGTAA,0
AGAAATACAACACAGA,0
AGAAATACCACTCTTT,0
AGAAATAGAGAGCAAG,0
AGAAATAGCGAAACCA,0
AGAAATAGCGATCTAG,0
AGAAATAGGTAACTCT,0
AGAAATAGTGGCAAAA,0
AGAAATATAAGCCCTC,0
AGAAATATATATAAGC,0
AGAAATCAAGCCAAAC,0
AGAAATCAATGTGAGT,0
AGAAATCACCTTAATT,0
AGAAATCACGAAATTC,0
AGAAATCCGATACAAT,0
AGAAATCCGTTAATGC,0
AGAAATCGAACATTGA,0
AGAAATCGGAAATAAA,0
AGAAATCGTCCTTATA,0
AGAAATCGTCTTTATA,0
AGAAATCGTTAACAAC,0
AGAAATCTCATAATCT,0
AGAAATCTCCAAAAGT,0
AGAAATCTGACAGACA,0
AGAAATGAATATATTG,0
AGAAATGAATTTAAAG,0
AGAAATGACCATGACA,0
AGAAATGGAACGGGAT,0
AGAAATGTCTACTAAC,0
AGAAATGTCTCTAAGT,0
AGAAATGTTAGGCACT,0
AGAAATTATCAGAACA,0
AGAAATTATTACAGAA,0
AGAAATTGATGGATGT,0
AGAAATTGCATGAGGA,0
AGAAATTGTTACAAAC,0
AGAAATTTACTTATAT,0
AGAAATTTCCGTGTCC,0
AGAAATTTTCTGGCCT,0
AGAACAAAATAATGTC,0
AGAACAAAATACGACG,0
AGAACAAAATAGACCT,0
AGAACAAAGACTATAA,0
AGAACAAAGAGAGGCA,0
AGAACAAAGAGTTGAT,0
AGAACAAGGTGAAGAA,0
AGAACAAGTACGACAC,0
AGAACAATACAAAAAA,0
AGAACAATACGTAACG,0
AGAACAATAGAATAGT,0
AGAACAATGTACTGAA,0
AGAACAATTTATCATA,0
AGAACACACATACGAC,0
AGAACACCATATAAAT,0
AGAACACCCCAAAAAA,0
AGAACACCTACTGACC,0
AGAACACGTACCGTAC,0
AGAACACTCGAGATAA,0
AGAACACTTAAAAGAG,0
AGAACAGAGGTATCTG,0
AGAACAGCAGGCTAAG,0
AGAACAGTAAAGCCCA,0
AGAACAGTCATCACGT,0
AGAACAGTTCTGTCGC,0
AGAACAGTTTCTGAGA,0
AGAACATAACATTGAG,0
AGAACATAATATCGCT,0
AGAACATAATCAGTCT,0
AGAACATACGACCTAC,0
AGAACATAGCACACAT,0
AGAACATATGTATTTA,0
AGAACATCTCGCAATA,0
AGAACATGAGGGCCCG,0
AGAACATGCTCCAATG,0
AGAACATTACGCACCT,0
AGAACATTATAGACTC,0
AGAACCAAAGACTCGT,0
AGAACCAAAGTCTGTG,0
AGAACCAATTTCCAAA,0
AGAACCAGCACGGGCT,0
AGAACCAGTAACCTTG,0
AGAACCAGTTGCAGCA,0
AGAACCCAATTACTGA,0
AGAACCCTAACAGAAA,0
AGAACCCTAATAGCTA,0
AGAACCCTAATTCTCG,0
AGAACCCTTCCTATAA,0
AGAACCGATTATAATT,0
AGAACCGCAGCTAGGA,0
AGAACCGCATGAGGGT,0
AGAACCGCTTTGAAAA,0
AGAACCGGTAACTGAA,0
AGAACCGTACACTAAC,0
AGAACCTAAGAAAGAT,0
AGAACCTGACACATGC,0
AGAACCTTAACTGCAA,0
AGAACGAAAATGGCAT,0
AGAACGAAACATATAT,0
AGAACGAAAGTACAGT,0
AGAACGAATTGAATGT,0
AGAACGACCGAAAAGT,0
AGAACGACGGTTTATA,0
AGAACGACTACAGCGC,0
AGAACGACTTGGAATC,0
AGAACGAGAATAGGAA,0
AGAACGAGGTCGCGAT,0
AGAACGATTTAAGAGT,0
AGAACGCACAATCCCA,0
AGAACGCCAATCGACA,0
AGAACGCCACTACGGA,0
AGAACGCCTATCAACA,0
AGAACGCGATGGCAGT,0
AGAACGCTGTCACAAT,0
AGAACGCTTAAACTGG,0
AGAACGCTTGGCAAGC,0
AGAACGGACCTACTCT,0
AGAACGGCGTACTGAT,0
AGAACGGTAAAGCCGT,0
AGAACGTAAAATCAAC,0
AGAACGTAACACCATG,0
AGAACGTTCGAAACTC,0
AGAACGTTCGGCACCG,0
AGAACTAAATCAAACC,0
AGAACTAACCCACAAC,0
AGAACTAACTAAATAT,0
AGAACTAAGTTGCTAA,0
AGAACTAATTAATGAT,0
AGAACTACACATGGAA,0
AGAACTACCATTACCT,0
AGAACTAGCCAACTAA,0
AGAACTAGCGCCCGTT,0
AGAACTATATGCGAAT,0
AGAACTATCCTGGCGA,0
AGAACTATCTCATGCT,0
AGAACTCACAGATAAT,0
AGAACTCACTGCCCAT,0
AGAACTCAGAGGAAAT,0
AGAACTCATATGCGTT,0
AGAACTCATTAATACC,0
AGAACTCCAAGGGTCT,0
AGAACTCGAATCAAAT,0
AGAACTCGTTACTTCT,0
AGAACTGAACTCTGCA,0
AGAACTGACCAGTACT,0
AGAACTGATCCCTGTC,0
AGAACTGCTCGCCAGG,0
AGAACTGTAAGAAGAA,0
AGAACTGTCAAGGCGG,0
AGAACTGTCGTCACCA,0
AGAACTTAAACCGAAG,0
AGAACTTAAACGCTCA,0
AGAACTTACTTGTTGA,0
AGAACTTGTCGTCAGT,0
AGAAGAAAAACATCTT,0
AGAAGAAATCCTTCCT,0
AGAAGAACAACAAATA,0
AGAAGAACAATTACTT,0
AGAAGAAGATTACCCG,0
AGAAGAAGTCTTTACG,0
AGAAGAATAAATCCTA,0
AGAAGAATATTGCATG,0
AGAAGAATGATAAGGC,0
AGAAGAATGTTATGAG,0
AGAAGACACATTGAAT,0
AGAAGACGAAGATCGT,0
AGAAGACGGGAATGAC,0
AGAAGACTACTCTATG,0
AGAAGACTGCCCAATA,0
AGAAGACTTTTAGCCG,0
AGAAGAGAATAAGTAG,0
AGAAGAGATTAGCAAT,0
AGAAGAGCGAAACGCG,0
AGAAGAGCTGGATAAT,0
AGAAGAGTACTCTCTA,0
AGAAGATCGGACATAA,0
AGAAGATCTCTGGATT,0
AGAAGATGATCTCCAA,0
AGAAGATTTATTATAA,0
AGAAGATTTCGATACT,0
AGAAGCAAACTAGGGA,0
AGAAGCACAAGATGCA,0
AGAAGCACAGGCACAT,0
AGAAGCACTCTATTTC,0
AGAAGCACTGTCGTAT,0
AGAAGCCAAATCAACA,0
AGAAGCCCATATATAG,0
AGAAGCCGAGTAGACC,0
AGAAGCCGATTAAAAA,0
AGAAGCCTCACTGAAG,0
AGAAGCGGACGATATT,0
AGAAGCTTACGTACAA,0
AGAAGCTTGTCAATTG,0
AGAAGGAACATTTGGT,0
AGAAGGAGGCCTTATA,0
AGAAGGATATGACTAT,0
AGAAGGCGATGCGAAC,0
AGAAGGCTGTTCTGTT,0
AGAAGGGATAATCGCT,0
AGAAGGGTTTAAATCA,0
AGAAGGTACTAATGAA,0
AGAAGGTTAAAAGAAC,0
AGAAGGTTAATTTAAG,0
AGAAGTACTGCAGTGA,0
AGAAGTAGCAAATAGA,0
AGAAGTATTCGTATAC,0
AGAAGTCATGATTCAT,0
AGAAGTCCAAATTCCT,0
AGAAGTCCTCAGAGCT,0
AGAAGTGAACTTCCCT,0
AGAAGTGCTTACACTA,0
AGAAGTGGAAACTTCA,0
AGAAGTGGTGTCCAGA,0
AGAAGTGGTTTCAGTT,0
AGAAGTGTATACACCA,0
AGAAGTTCTCGTAGTA,0
AGAAGTTGAAAACTGA,0
AGAAGTTGAAATCAAA,0
AGAATAAAATTCATCG,0
AGAATAAAGCGAAGTT,0
AGAATAAATCTCAACC,0
AGAATAACACTACAGC,0
AGAATAACATAACTGG,0
AGAATAACATACGCCG,0
AGAATAACCGCAGACG,0
AGAATAACTAAGAATT,0
AGAATAAGATGTCATA,0
AGAATAAGTCAGGAAA,0
AGAATAATGAGTAATA,0
AGAATAATTCACGAAT,0
AGAATACAAAGAAACT,0
AGAATACACATACACT,0
AGAATACAGGATCAAA,0
AGAATACATTATTATA,0
AGAATACCAACGCAAT,0
AGAATACCATTTAGCT,0
AGAATACCCAAACAAT,0
AGAATACCGCCATAGC,0
AGAATACTACGTACAT,0
AGAATACTCTCAGGAT,0
AGAATAGAAAAAAATC,0
AGAATAGAAACAGGGT,0
AGAATAGACGAGAAAA,0
AGAATAGAGCAAAGGC,0
AGAATAGCACATACGC,0
AGAATAGCTTGTACCA,0
AGAATAGTGGTAGAAA,0
AGAATAGTTTAACTCT,0
AGAATATAACACCGTC,0
AGAATATACTGCGATA,0
AGAATATAGAAGCGTA,0
AGAATATAGCCACTAA,0
AGAATATAGGGCTATC,0
AGAATATATGAGTCTG,0
AGAATATCCTGAATAG,0
AGAATATGAAAAATGA,0
AGAATATGACGTACAA,0
AGAATATTAAAAACAG,0
AGAATATTAGTTGCCC,0
AGAATATTCTTAGTAA,0
AGAATCAAACATAAAA,0
AGAATCAACGCTTATC,0
AGAATCAAGCCCCAAC,0
AGAATCAAGGCGAACT,0
AGAATCACTGTCCCCC,0
AGAATCAGAAATAACT,0
AGAATCAGAGGAACAG,0
AGAATCATACCGTTCT,0
AGAATCCAAAATATGT,0
AGAATCCAATGGGCAG,0
AGAATCCATTTACCAA,0
AGAATCCGAGCAAATA,0
AGAATCCGGGAAGAAA,0
AGAATCCTAACGAAAT,0
AGAATCCTCTACAGTT,0
AGAATCCTGGGAATCA,0
AGAATCGGTGAACTAG,0
AGAATCTAAATTTATT,0
AGAATCTAATTTAGAG,0
AGAATCTCCCTAATCA,0
AGAATCTTGCAAATAT,0
AGAATCTTGTTCCAGT,0
AGAATGAACCTAAGAC,0
AGAATGAGCGCATGCA,0
AGAATGATTTACCATA,0
AGAATGCAAACTTTTG,0
AGAATGCATGACGACC,0
AGAATGCATTATTTTT,0
AGAATGCCAAGAGAGT,0
AGAATGCCCCTTAACT,0
AGAATGGAAAATGGCG,0
AGAATGGTATTAACTA,0
AGAATGTAAATCATAA,0
AGAATGTAGTATCACG,0
AGAATGTATTCAAGAC,0
AGAATGTATTTACGAA,0
AGAATGTCGGAAACGT,0
AGAATGTGCGGGAGAT,0
AGAATGTGTAATATCC,0
AGAATTAAAAACCTCA,0
AGAATTAAACGCGAGT,0
AGAATTAACGCTCAAT,0
AGAATTAATGGACGAT,0
AGAATTACAAACGATT,0
AGAATTACAGAATTCG,0
AGAATTACCCGTACCT,0
AGAATTACGCTCCTTA,0
AGAATTAGTGCTAATA,0
AGAATTAGTTTCCTGC,0
AGAATTATCCCTAGCA,0
AGAATTCACTAGTAAC,0
AGAATTCATACCAATT,0
AGAATTCCGGAATAGC,0
AGAATTCGCCAGCTTT,0
AGAATTCTGGCAAAAC,0
AGAATTCTTTTGTGTA,0
AGAATTGAAAAAATGT,0
AGAATTGAAAATCATT,0
AGAATTGAACCAAGGT,0
AGAATTGATAGATCCA,0
AGAATTGCCTGTTGCG,0
AGAATTGTAATAAAGA,0
AGAATTGTACTCCCAT,0
AGAATTGTCTTTAATT,0
AGAATTTAAAATGCTC,0
AGAATTTAAATATAGC,0
AGAATTTAATAATAAG,0
AGAATTTATCAATCAA,0
AGAATTTCTGACCAAA,0
AGAATTTTAAGCACAC,0
AGAATTTTCTGCTGGA,0
AGAATTTTGACCAGGA,0
AGAATTTTTAGCTAAG,0
AGACAAAAAAAAAAAT,0
AGACAAAAATGCTGGA,0
AGACAAAACAAGGGAC,0
AGACAAAAGATGACAA,0
AGACAAAAGCATAGAC,0
AGACAAAATTCCGGTG,0
AGACAAACACACCTTC,0
AGACAAACACTTTGCC,0
AGACAAACAGCGGATA,0
AGACAAACCATTAAGC,0
AGACAAACTACATTTT,0
AGACAAACTAGAACGC,0
AGACAAACTTAATGAA,0
AGACAAAGGTCTATTG,0
AGACAAAGTAAAAGGC,0
AGACAAAGTTGTGATA,0
AGACAAATAACTGAAC,0
AGACAAATAGCCGTTT,0
AGACAAATCGAACACA,0
AGACAAATTTCCAAGT,0
AGACAACAAGAACGTT,0
AGACAACAATACAGAC,0
AGACAACATAGGGACC,0
AGACAACCAACAAATA,0
AGACAACCATCAAGTC,0
AGACAACCGAAGTCGG,0
AGACAACGAGGTCCAT,0
AGACAACGTCGACTAC,0
AGACAACTGTAAGATC,0
AGACAACTTACCGTAC,0
AGACAAGACGACCAGA,0
AGACAAGCGTAACATA,0
AGACAAGGTGTACGTG,0
AGACAATAGTCAGAAG,0
AGACAATATCAGCACC,0
AGACAATCGCACTATC,0
AGACAATCGCAGCTTC,0
AGACAATCGTAAAACT,0
AGACAATGTTCAACAT,0
AGACAATTAAACCTAA,0
AGACAATTAACTTCGT,0
AGACAATTAAGGATAA,0
AGACACAAACCAACCC,0
AGACACAAATAGTTTG,0
AGACACAAGCAAATTC,0
AGACACACAAGTTGGT,0
AGACACACACCCTAAG,0
AGACACACCAAGCCAC,0
AGACACAGCATTCACA,0
AGACACATGTTACTTG,0
AGACACATTCATATAG,0
AGACACATTGCAGGCA,0
AGACACCAAGATATCC,0
AGACACCCGGGGACGG,0
AGACACCGAAAAATAC,0
AGACACCTCAGTGCGG,0
AGACACGAACGCTAAA,0
AGACACGAGAACAGTA,0
AGACACGAGATATAAT,0
AGACACGCAGGGGCAT,0
AGACACGCCCCCAAAG,0
AGACACGTTGACTTAG,0
AGACACTAACGGCGTA,0
AGACACTAAGCGTTAA,0
AGACACTAGGAAGGTA,0
AGACAGAAAATTAAAC,0
AGACAGAAACTCTAAT,0
AGACAGAATGAGTAAT,0
AGACAGAATTTGAAAT,0
AGACAGACTACATAAC,0
AGACAGCAACGAGCTT,0
AGACAGCAGCCATCCC,0
AGACAGCAGGATTTTT,0
AGACAGCCTCTGAATA,0
AGACAGCGAGGGGGAT,0
AGACAGCTACCATAGA,0
AGACAGGAAGAACAGC,0
AGACAGGCGTAAGCTA,0
AGACAGGGAGAGAAAA,0
AGACAGGGAGTCCCTA,0
AGACAGGGTTCAGCTC,0
AGACAGTACTCTTATC,0
AGACAGTGCGAACAAG,0
AGACATAAAAAGACGA,0
AGACATAAACCAATTG,0
AGACATAAAGTGTAAT,0
AGACATAAATGTGATA,0
AGACATAACAGCGTGA,0
AGACATAAGAAAGGGA,0
AGACATACATCGTAAT,0
AGACATACCCTTGACG,0
AGACATACGAATTAAA,0
AGACATACGGATGTTA,0
AGACATAGAACAGATA,0
AGACATAGCCAAACGT,0
AGACATAGTCAAGATG,0
AGACATCACCAATAGT,0
AGACATCAGGTCTATC,0
AGACATCGAAGGTATA,0
AGACATCTGAAATTGA,0
AGACATCTGTGTCAAA,0
AGACATGAGGCAACCA,0
AGACATGATACAATAA,0
AGACATGCAACAACGC,0
AGACATTAGAGAGTAT,0
AGACATTAGTCTCAAC,0
AGACATTTAATAAGGA,0
AGACCAAAACAGAAAA,0
AGACCAAAAGATAAGG,0
AGACCAAGCATATACT,0
AGACCAATATAGTAAT,0
AGACCAATTGTACGTA,0
AGACCACAAAATCGAG,0
AGACCAGAAGTTTGAC,0
AGACCAGAGATGTAAA,0
AGACCAGGCACTAAAT,0
AGACCAGTGAACACGA,0
AGACCATAACTACTTA,0
AGACCATACCAGAGCT,0
AGACCATACTTATCGC,0
AGACCATATATCAACG,0
AGACCATCAATCCGAT,0
AGACCATGACTAGCTG,0
AGACCATGGGTGGAAG,0
AGACCCATAAGAAAGA,0
AGACCCATATATAAAA,0
AGACCCCACGCATTCT,0
AGACCCCCAATTGAAA,0
AGACCCCCTGACGGCA,0
AGACCCCGCTTTCCCT,0
AGACCCCTATATACGA,0
AGACCCCTTAGTAAGT,0
AGACCCGTGAACCCAG,0
AGACCCGTGATTAAAA,0
AGACCCTACGATACAC,0
AGACCCTATTAAAACT,0
AGACCCTCTCATAGAA,0
AGACCCTCTTCTTATA,0
AGACCCTTATGGACTT,0
AGACCCTTTTGGTACA,0
AGACCGAAATGCACGG,0
AGACCGAACAACAATG,0
AGACCGACTCGAACTC,0
AGACCGAGAGAGGAAA,0
AGACCGAGCAACATTA,0
AGACCGAGCGAACCGA,0
AGACCGCTTTCATTTA,0
AGACCGGAACGCATGG,0
AGACCGTAAACATACT,0
AGACCGTAAGAAGATT,0
AGACCGTAGTATTTGG,0
AGACCGTGACACCAAA,0
AGACCTAAGTACAACA,0
AGACCTACGAAAAACG,0
AGACCTACGAAACCGA,0
AGACCTAGGGTCCTGC,0
AGACCTCACTACGAGA,0
AGACCTCTAGGACCTT,0
AGACCTCTCATCTTGT,0
AGACCTCTGGTAACAT,0
AGACCTGAAAAACGTG,0
AGACCTGAACTTGACC,0
AGACCTGGAATAAACA,0
AGACCTGGACAAAAAT,0
AGACCTGGATTAAAAG,0
AGACCTTAGATTTGGT,0
AGACCTTAGCGAGGCT,0
AGACCTTGGTATTCAT,0
AGACCTTTTATAAAGT,0
AGACGAAATAATAAAC,0
AGACGAAATCAACGTT,0
AGACGAAATGCGTACT,0
AGACGAACCTAAAAGT,0
AGACGAACCTAACTCA,0
AGACGAAGCCTAACTA,0
AGACGAAGGGTAACTT,0
AGACGAATATGTTGTC,0
AGACGAATATTGGAAT,0
AGACGAATCTGCCTAA,0
AGACGACCTATCTACT,0
AGACGACTCATATGTT,0
AGACGACTGAATAATA,0
AGACGAGACCCGACAG,0
AGACGAGCGTACGACG,0
AGACGAGGCCCTGAGC,0
AGACGATAACATTCTA,0
AGACGATACTGATGAT,0
AGACGATCTCGCGAAG,0
AGACGATGCCGATAAA,0
AGACGCAAGAATACTT,0
AGACGCAAGGACCAAT,0
AGACGCACAATATCCA,0
AGACGCACGATACAAA,0
AGACGCATACTAGCTC,0
AGACGCCGAAACTTTG,0
AGACGCCGTTTTCCAT,0
AGACGCCTTACAATAG,0
AGACGCGAAATGAAGA,0
AGACGCGCAGAACATG,0
AGACGCGCGGACGTAC,0
AGACGCTCTAAAATAT,0
AGACGGAAACTATCAG,0
AGACGGACCTGTAGCA,0
AGACGGATCGTTACCC,0
AGACGGCATCTTCAAG,0
AGACGGCCCGAAAATT,0
AGACGGCTTTATCGAC,0
AGACGGTAAGGTCTCA,0
AGACGGTGTTAAGAAA,0
AGACGGTGTTTTGACG,0
AGACGTAAACCCACAC,0
AGACGTACAGAGCCAC,0
AGACGTATACAGAAAT,0
AGACGTATTATATAAC,0
AGACGTCAAAGGGCAA,0
AGACGTCAACAGCTTA,0
AGACGTGCTAAGTCCA,0
AGACGTTACAACGAGT,0
AGACGTTAGGAGGGTA,0
AGACTAAAAAACTGGC,0
AGACTAAAAACGTACG,0
AGACTAAAATCTTATT,0
AGACTAAATCTTTAAG,0
AGACTAACACGTTCTG,0
AGACTAACAGTTTAGA,0
AGACTAACCTTCGAAA,0
AGACTAACTAGAGTCG,0
AGACTAAGATAAGCAA,0
AGACTAAGTAATAGAG,0
AGACTAATAGATTTTA,0
AGACTAATATATAAAG,0
AGACTAATCACAGTAC,0
AGACTAATGTTAAAAA,0
AGACTAATTTTGCGGG,0
AGACTACAAAGGATAT,0
AGACTACATCGGAGAG,0
AGACTACCAAAAGTCC,0
AGACTACCACCACGTG,0
AGACTACTAAGTTATC,0
AGACTACTACTAGAAA,0
AGACTAGACACTAGCG,0
AGACTAGCCGTCTAAT,0
AGACTAGTTACTACTT,0
AGACTATAAAACCCGG,0
AGACTATATCATCCGA,0
AGACTATATTAGCCAT,0
AGACTATGACCGTAAA,0
AGACTATGTCCTTACG,0
AGACTATTTTATTCTC,0
AGACTCAAAACCGACG,0
AGACTCAAATAAAAAC,0
AGACTCACAAAATCTC,0
AGACTCACAGATCACT,0
AGACTCACTGTTGGAT,0
AGACTCAGACCAGAGT,0
AGACTCCATAACCACA,0
AGACTCCATATTAATT,0
AGACTCCCATATCAAA,0
AGACTCCTACAGATTT,0
AGACTCCTGACCAATT,0
AGACTCGCAAAAACGG,0
AGACTCGCTTAGCTCA,0
AGACTCGGAAATATTG,0
AGACTCGTTCCGTGTA,0
AGACTCGTTTTCTATA,0
AGACTCTATAAAGCAC,0
AGACTGAACACAACGT,0
AGACTGAATACATTTA,0
AGACTGAGACAAGTTG,0
AGACTGATAAGAAAAA,0
AGACTGATGGTCTTTC,0
AGACTGATTTCGACAA,0
AGACTGCGTTTAAAAC,0
AGACTGGGATAAAGAA,0
AGACTTAATACAGATA,0
AGACTTAATTAAGAGC,0
AGACTTAATTCGCTGA,0
AGACTTAGACCATATA,0
AGACTTATATGTCGAT,0
AGACTTATTGGCTGCC,0
AGACTTCGACAATAAT,0
AGACTTGAAGGAATTT,0
AGACTTGCAAACAGAC,0
AGACTTTACAGTATCG,0
AGAGAAAAAATCTTTA,0
AGAGAAAAATGAATCC,0
AGAGAAAACCAGGGTA,0
AGAGAAAAGAGCGCTT,0
AGAGAAAATTTAAGAC,0
AGAGAAACACAAACAT,0
AGAGAAACCAAAAAAT,0
AGAGAAACTCATACGA,0
AGAGAAAGCCAGATGT,0
AGAGAACAAATAATTT,0
AGAGAACATAGACTCT,0
AGAGAACCAGTTATTT,0
AGAGAACCTACACGTA,0
AGAGAACGGCGCGCCT,0
AGAGAACGTGTACAAA,0
AGAGAACTCCGGATTA,0
AGAGAAGAGAAGGGAA,0
AGAGAAGATGGCTTGT,0
AGAGAAGCAGAATACC,0
AGAGAAGGTCCGACTA,0
AGAGAAGTAGTGAGAT,0
AGAGAATAACCATATA,0
AGAGAATACAACGACA,0
AGAGAATATGTTACAT,0
AGAGAATCAAAAGCTT,0
AGAGAATCCTAAGATA,0
AGAGAATCGAAAAAAC,0
AGAGAATCTGATTCCC,0
AGAGAATGACCGATTG,0
AGAGAATGTGAACAAT,0
AGAGACAACGTACAAC,0
AGAGACAAGCAATATG,0
AGAGACAATGAGAAGG,0
AGAGACACATTAAGGG,0
AGAGACACCCGAAGTT,0
AGAGACACGAGGTTTC,0
AGAGACAGCAATTATA,0
AGAGACCACAAAAATC,0
AGAGACCATAAGCAAG,0
AGAGACCCTTGGCGTT,0
AGAGACCGGATGGAGC,0
AGAGACCTAGAGTGGA,0
AGAGACGAAACAGAAC,0
AGAGACGAATAACCTA,0
AGAGACGACGTCAAGA,0
AGAGACGAGCGCTAAT,0
AGAGACGCAAACCAAT,0
AGAGACTACATTTAAA,0
AGAGACTAGCTATAGG,0
AGAGACTGAGCTGCTT,0
AGAGAGAATTCGTATG,0
AGAGAGATTATGTTTC,0
AGAGAGCAATGCAGCG,0
AGAGAGCATTCCGGCT,0
AGAGAGGAGTGAAATG,0
AGAGAGGATATATCCC,0
AGAGAGGCCAGGCATT,0
AGAGAGGTACTCACGA,0
AGAGAGTACGAAAAAG,0
AGAGAGTAGGTTGTTA,0
AGAGAGTATACGGACG,0
AGAGAGTGTAAACTGT,0
AGAGAGTGTAACTTGG,0
AGAGATAAACACATCA,0
AGAGATAACGGACACC,0
AGAGATAATGACGAGA,0
AGAGATAGGAACTATA,0
AGAGATAGTAAGTAGG,0
AGAGATATTAAACACG,0
AGAGATATTGTTATAA,0
AGAGATGAAACTGATT,0
AGAGATGAATGCCAGT,0
AGAGATGAGAGAGCCG,0
AGAGATGATCTATATT,0
AGAGATGTGTGATATC,0
AGAGATTAATCAAGTC,0
AGAGATTGTTACAGAA,0
AGAGATTTAGTCGCAC,0
AGAGATTTTCAAAATA,0
AGAGATTTTTAGAAGT,0
AGAGATTTTTCTATTG,0
AGAGCAAAACTCGTAA,0
AGAGCAACTTATATAG,0
AGAGCACACTGGAACC,0
AGAGCACAGAAAAATA,0
AGAGCACATCTAGAGC,0
AGAGCACCTGGTTTGG,0
AGAGCAGCCACAAATA,0
AGAGCATAAACACGAT,0
AGAGCATAAACCAATA,0
AGAGCATAACTACAAA,0
AGAGCATACCTATTGA,0
AGAGCATCCATTAAGC,0
AGAGCATCGAATAACC,0
AGAGCATGCGAGTATT,0
AGAGCATGTAACGAAC,0
AGAGCATTTTTACCAG,0
AGAGCCAACTTAACAA,0
AGAGCCAATGGGATAG,0
AGAGCCACGACTTCTG,0
AGAGCCAGCTTCATGT,0
AGAGCCATGAAAAACT,0
AGAGCCATTGTGTACA,0
AGAGCCCAAGTTAGGA,0
AGAGCCGATCAAATTG,0
AGAGCCTAGTTGCACT,0
AGAGCCTCTAAGCCAC,0
AGAGCGAAATCACGTC,0
AGAGCGAAGACATATA,0
AGAGCGAATAACAAGA,0
AGAGCGAATATGAACC,0
AGAGCGACCTCTAAAT,0
AGAGCGCGTTATCGGC,0
AGAGCGTACACACCAG,0
AGAGCTAAAATTTCCC,0
AGAGCTATCGAGCAAC,0
AGAGCTATTGCCTAAC,0
AGAGCTCGACTTCTAT,0
AGAGCTGACAGTATTA,0
AGAGCTGCCATTCACC,0
AGAGCTGTAAGACATG,0
AGAGCTTAAAGCATGC,0
AGAGCTTGACAATAGT,0
AGAGCTTTAGACATGA,0
AGAGGAAAAAATACGC,0
AGAGGAAATCAAAAAA,0
AGAGGAATGCTAATCA,0
AGAGGACAAGCCAAAA,0
AGAGGACATAACACAC,0
AGAGGACCTCTTTTGG,0
AGAGGACGTGAACCGT,0
AGAGGACTGGAGAGCT,0
AGAGGAGACCCAAGAC,0
AGAGGAGCAACAAATA,0
AGAGGAGGACCTAAGT,0
AGAGGAGGTACCGAAC,0
AGAGGATAGTCTAATA,0
AGAGGCAAACCAATCA,0
AGAGGCACAACTAATA,0
AGAGGCAGCGAATGGA,0
AGAGGCATGACTAACC,0
AGAGGCCACCACGGAT,0
AGAGGCCAGACAAATA,0
AGAGGCCAGTGGCTAT,0
AGAGGCCATAATCACT,0
AGAGGCCTGTGATGCT,0
AGAGGCTGTGTGGCCT,0
AGAGGCTTGCAGAAAC,0
AGAGGGAGCCAAACGA,0
AGAGGGAGGCATATAC,0
AGAGGGTCACACTAGT,0
AGAGGGTGCACACTCG,0
AGAGGGTTATAAAATC,0
AGAGGTAAAACATGCG,0
AGAGGTACACATGGAT,0
AGAGGTAGCCAAGCGA,0
AGAGGTAGTCTAATAT,0
AGAGGTATGAAGAATA,0
AGAGGTCTGTATTATC,0
AGAGGTTCCCTGTTTC,0
AGAGGTTTTAACGATG,0
AGAGTAAAAGAAAACA,0
AGAGTAAACTAAGACC,0
AGAGTAAAGGACGGAA,0
AGAGTAACTCTCATCA,0
AGAGTAAGTTAACTTA,0
AGAGTAATTCTAATGA,0
AGAGTACAGACTCAGA,0
AGAGTACATACCCACA,0
AGAGTACATGACCATG,0
AGAGTACGAGCACCCT,0
AGAGTAGACAAACGAA,0
AGAGTAGCAGCCGAAA,0
AGAGTAGCCGAAAGCC,0
AGAGTATAATAGAGTT,0
AGAGTATAGAAACCGA,0
AGAGTATAGAATTGGC,0
AGAGTATTCTAAACTT,0
AGAGTCAAATAAGGAA,0
AGAGTCACAAAAATAT,0
AGAGTCACTCACTAAC,0
AGAGTCATCTCATAAA,0
AGAGTCATTAGAGCAA,0
AGAGTCCAAGGAACAA,0
AGAGTCGCACGCAGCA,0
AGAGTCGGATGCACCG,0
AGAGTCGTTTTCCCAA,0
AGAGTCTCAGATAAGA,0
AGAGTGAACCTTTACT,0
AGAGTGAAGGCGAAAA,0
AGAGTGAATTTAAAAC,0
AGAGTGACGAACGGAC,0
AGAGTGCAGCAGCGGC,0
AGAGTGGACAAGCCCG,0
AGAGTGGATAAAAGAC,0
AGAGTGGTAACTTTCA,0
AGAGTGGTCTATAAAA,0
AGAGTGTCCGAATTAT,0
AGAGTGTCTTAAGACT,0
AGAGTGTTGCAATCTC,0
AGAGTTACATATATAT,0
AGAGTTACATGATCAT,0
AGAGTTATTATCACCA,0
AGAGTTCACAAAGCAG,0
AGAGTTCCATCAGAAA,0
AGAGTTCCTGAGACAG,0
AGAGTTGACAGGATGT,0
AGAGTTGTAAATATCA,0
AGAGTTGTACCAAGAC,0
AGAGTTGTGATGTAAG,0
AGAGTTTAAAAATCAA,0
AGAGTTTACCCTGAAA,0
AGAGTTTCACAAGAAA,0
AGAGTTTCTTTATAAG,0
AGAGTTTGGAGAGTTT,0
AGATAAAAAAGGCCGG,0
AGATAAAAACAAAAGC,0
AGATAAAAACATAGGA,0
AGATAAAAAGAGCTAA,0
AGATAAAAATCTACAT,0
AGATAAAAATGAATAA,0
AGATAAAACCTACACC,0
AGATAAAACTTTGGAG,0
AGATAAAATACCTAGC,0
AGATAAACAACGAACC,0
AGATAAACCCTAACTC,0
AGATAAACGAAATTAT,0
AGATAAACGAGTTCCA,0
AGATAAACGTTAATCC,0
AGATAAAGAACGAGTA,0
AGATAAAGTTTCAGAG,0
AGATAAATTATTATGA,0
AGATAACACCAATACA,0
AGATAACACCCTGCAT,0
AGATAACAGTTGGATA,0
AGATAACCCGAAAAAA,0
AGATAACCGCCTAATG,0
AGATAACGACCAAGAT,0
AGATAACGCCATCACA,0
AGATAACTCTCACATT,0
AGATAAGAACATGGCT,0
AGATAAGCACACAAAA,0
AGATAAGCCACTTCTT,0
AGATAAGGGCAATAGA,0
AGATAAGTCTTAGATG,0
AGATAAGTGAGGAACT,0
AGATAATAAAATATAT,0
AGATAATAACACACTC,0
AGATAATAAGCTGATC,0
AGATAATAATACTGCG,0
AGATAATACCAATCCT,0
AGATAATAGGGAACCA,0
AGATAATAGGTTAAGT,0
AGATAATATGACCACC,0
AGATAATGAAAATGAT,0
AGATAATGAGTAGACA,0
AGATAATTAACTTGTA,0
AGATAATTAGTGTATG,0
AGATAATTGGACTTAA,0
AGATAATTTCCACGCC,0
AGATAATTTGTCTTTA,0
AGATAATTTTCATTGT,0
AGATACAAAATCACCA,0
AGATACAACTTACACG,0
AGATACACAAACCATG,0
AGATACACCTCATACA,0
AGATACAGAACAACTT,0
AGATACAGATAGATAA,0
AGATACAGCCCAGAGA,0
AGATACATATATTAAG,0
AGATACATGTACTCCT,0
AGATACCCGCAGGCTC,0
AGATACCGTCATCCGC,0
AGATACCTAAATCGGA,0
AGATACCTATGCTGAT,0
AGATACCTATTCGCAA,0
AGATACCTCGACCCTT,0
AGATACGAATATTAGT,0
AGATACGCTACCAAGT,0
AGATACGCTATATAGG,0
AGATACGGATCCTGAT,0
AGATACGTCTACCCAA,0
AGATACTAACAAAACT,0
AGATACTAGGCAAAGG,0
AGATACTCCGGGTTAG,0
AGATACTCGTCTTAAG,0
AGATACTTCAATAGTT,0
AGATAGAAACAGCATC,0
AGATAGAACCAAAACT,0
AGATAGAAGATTCATG,0
AGATAGAATCAAAGCC,0
AGATAGACCACACCTA,0
AGATAGACGAGAAAAC,0
AGATAGACTATTCAAT,0
AGATAGCACACACTCA,0
AGATAGCCAGTATGCC,0
AGATAGCGCTGGTAAT,0
AGATAGGACACTAGAT,0
AGATAGGCATTATTCA,0
AGATAGTTTCACCCGC,0
AGATAGTTTTACTGCA,0
AGATATAAAAGTACCT,0
AGATATAAAGCATAGC,0
AGATATAAGAGTTTCA,0
AGATATAATTGAAACT,0
AGATATAGAACAAGAA,0
AGATATAGGATGAATT,0
AGATATATATAATACG,0
AGATATATCAACCATA,0
AGATATATTGGGACGG,0
AGATATCAAACACAAG,0
AGATATCAACCTGTCC,0
AGATATCAATACAGAA,0
AGATATCACTGTAAAT,0
AGATATCAGTGTCCAT,0
AGATATCCATACACTT,0
AGATATCTAAAATGGT,0
AGATATCTAGACGTAG,0
AGATATGAAAAAGCCC,0
AGATATGCACGGCCAT,0
AGATATGCATATGCAG,0
AGATATGCTATTTGTC,0
AGATATGTCAGCCTAC,0
AGATATGTCATACAAA,0
AGATATGTCGATCACA,0
AGATATTAAACCTACT,0
AGATATTATCTCCTAA,0
AGATATTGAAAAGCAA,0
AGATATTGAACTACGA,0
AGATATTTCTCGGGCC,0
AGATATTTTTCTTCAA,0
AGATCAAAAGGTAATC,0
AGATCAACCACACTCA,0
AGATCAAGAACTAAAC,0
AGATCAAGAGCAAGGC,0
AGATCAAGATTTTAGG,0
AGATCAAGTCATTTGT,0
AGATCAATGAACACAA,0
AGATCACACAATACGA,0
AGATCACACTGATATC,0
AGATCACACTGCAACT,0
AGATCACAGGACTTTC,0
AGATCACGAGTTCAAG,0
AGATCACTTTGCGGAC,0
AGATCAGAAAGAAAGT,0
AGATCAGACCAAGTAC,0
AGATCAGAGTAACGTT,0
AGATCATAATGGATGC,0
AGATCATGTCATAACC,0
AGATCATGTTACTAAT,0
AGATCCAATCTTAAAG,0
AGATCCAATTAGAACA,0
AGATCCATCTACAACC,0
AGATCCATCTGAACCC,0
AGATCCATGGTGAGGT,0
AGATCCCAACAAATTG,0
AGATCCCAGGATACCG,0
AGATCCCCAACTTAAG,0
AGATCCCCATACTTGC,0
AGATCCCCTTAAAGTA,0
AGATCCGCTACCATGT,0
AGATCCGTAACGCTAA,0
AGATCCTAAAAGGATC,0
AGATCCTGAGATAAAT,0
AGATCCTGTTTTCCAC,0
AGATCCTTAGGGGAAT,0
AGATCGAATATCGTCG,0
AGATCGAATATGCGCA,0
AGATCGACACAGTATT,0
AGATCGACCTAAGTTC,0
AGATCGAGCACATTAT,0
AGATCGAGCAGTCCTA,0
AGATCGATCCAAAGGA,0
AGATCGATCTACAGGT,0
AGATCGATTCGAAGTT,0
AGATCGATTTAAAAAT,0
AGATCGGAAAGGAATA,0
AGATCGGAGATTCCCC,0
AGATCGGCGCTGCTCC,0
AGATCGGTAAACAGTC,0
AGATCGGTACACTGGT,0
AGATCGGTGAACTCAA,0
AGATCGTACAAAGTGT,0
AGATCGTATAGCATAT,0
AGATCGTGAAGAGCAA,0
AGATCGTGGATATAAA,0
AGATCTAATATCCAGA,0
AGATCTACACCTCAGG,0
AGATCTACGATAAAAG,0
AGATCTAGCCGAAATA,0
AGATCTATATTCTTAA,0
AGATCTATTGTGGAGA,0
AGATCTCCACAAACGG,0
AGATCTGAATACGTAT,0
AGATCTGCAATCGCAA,0
AGATCTGGAATAAGAA,0
AGATCTTATAGGGACT,0
AGATCTTGTAAAAAAA,0
AGATCTTTAAGACTGA,0
AGATCTTTCAGCGAGA,0
AGATCTTTGAGTCAAT,0
AGATCTTTGTGATAAC,0
AGATGAAAAATGAGTA,0
AGATGAAAATGACCCT,0
AGATGAAATCCCCACA,0
AGATGAACATCATTAT,0
AGATGAACATGTGACA,0
AGATGAACTAATTTAA,0
AGATGAAGTTATCCCC,0
AGATGAAGTTGTAAAA,0
AGATGAATCAAACAAA,0
AGATGAATCTAACGGC,0
AGATGACAATGCCATA,0
AGATGACATAAATTCA,0
AGATGACATTATAGAA,0
AGATGACCGTAATTTA,0
AGATGACGATAACTAT,0
AGATGACGCAAACACT,0
AGATGACTCAACAAAT,0
AGATGACTCTCACGAC,0
AGATGAGAAAAGCGCT,0
AGATGAGTCCTCATGA,0
AGATGATAAAATAAAA,0
AGATGATAAAGTAATT,0
AGATGATAAATTCTGC,0
AGATGATAGCGATACA,0
AGATGATCATATAAAG,0
AGATGATCTCACCATG,0
AGATGATGGAATTTAA,0
AGATGATTATTTAGTG,0
AGATGATTGAAAAGTT,0
AGATGATTGTAGTACA,0
AGATGCAAATTTTAGA,0
AGATGCAAGCATTGGT,0
AGATGCACCTAATGAC,0
AGATGCATAACTGAAG,0
AGATGCCACTAGACAT,0
AGATGCCCACGGGACC,0
AGATGCCTGAGCTTCC,0
AGATGCTATACCTACC,0
AGATGCTCACGAGACC,0
AGATGCTGCATATGGA,0
AGATGCTGTCCTATAT,0
AGATGCTTACGTATAC,0
AGATGGACGAGACCCT,0
AGATGGACTAGATTCT,0
AGATGGATAAACTAGA,0
AGATGGCGGTCTAACA,0
AGATGGCTTCAAGAAT,0
AGATGGGGTATTCAAG,0
AGATGGGGTTAGAATG,0
AGATGGTAATAGGAGC,0
AGATGGTCGAGGCTCT,0
AGATGGTCGGAGTGAA,0
AGATGGTTAATTACAT,0
AGATGTAAAAATAAAC,0
AGATGTAACAAGAATT,0
AGATGTAGATTGTCTT,0
AGATGTATATTCACAA,0
AGATGTCAAGAACATA,0
AGATGTCATGACGCCC,0
AGATGTCCCTGCCCAG,0
AGATGTCCTGAGACTA,0
AGATGTCTATAACGAA,0
AGATGTTATCGCGTGA,0
AGATGTTCCAATCAGC,0
AGATGTTTAGTGTTGT,0
AGATGTTTGAATCACC,0
AGATGTTTTCTCGATC,0
AGATTAAAGTAATCAG,0
AGATTAAATATTACGG,0
AGATTAAATTCCAGTA,0
AGATTAACAACCCGTT,0
AGATTAACTCGAAAAA,0
AGATTAAGATAAGAAC,0
AGATTAAGCATCACAG,0
AGATTAAGTGACATTT,0
AGATTAATACATTGTC,0
AGATTAATCCATGAAC,0
AGATTAATCTATGGTA,0
AGATTAATTATATCGT,0
AGATTACAAAGTGCGA,0
AGATTACATTGACACC,0
AGATTACCCTTCCTGA,0
AGATTACTCTTTAAAC,0
AGATTAGAAATCCACT,0
AGATTAGAAGAAGCCT,0
AGATTAGACCTGAGTA,0
AGATTAGATAAAGACA,0
AGATTAGGCAATTCGG,0
AGATTAGTAAACCAGT,0
AGATTATAATTGAGTT,0
AGATTATAGTGGGTTG,0
AGATTATCCATAGCCG,0
AGATTATGCGCATACC,0
AGATTATGTCGACTCT,0
AGATTATTCAGTTTGA,0
AGATTATTGAGGAGGT,0
AGATTATTTGAATATC,0
AGATTCAACAGAGAAA,0
AGATTCAATATGTACG,0
AGATTCACGCAGACGA,0
AGATTCAGCCCACCCT,0
AGATTCAGTATCGTTC,0
AGATTCATGACCAGCA,0
AGATTCCAAATGTCAT,0
AGATTCCTATGTTGCC,0
AGATTCCTCATTTACC,0
AGATTCGCTATATTAT,0
AGATTCTAAAAACGAG,0
AGATTCTCATCATAGG,0
AGATTCTCCCTTGGAT,0
AGATTCTCTTTCGGAA,0
AGATTCTGCACCGAGC,0
AGATTCTGGTATGTAA,0
AGATTCTTGTAAAACC,0
AGATTCTTTGGACCAT,0
AGATTGAACCGAACGT,0
AGATTGACCGACGTGA,0
AGATTGACCGTAACTT,0
AGATTGACCTCAACGA,0
AGATTGATAAACATAC,0
AGATTGATTAAATGTT,0
AGATTGCCAAAGGATG,0
AGATTGCCCATAAATT,0
AGATTGGCCACTATGC,0
AGATTGGGGACGTCAA,0
AGATTGTACAAATATA,0
AGATTGTGTACGACCA,0
AGATTGTTACAACCAG,0
AGATTGTTATATGCAT,0
AGATTGTTGAGGAACT,0
AGATTTAGGAAATTAG,0
AGATTTATCAATTCAT,0
AGATTTATCTCGGATC,0
AGATTTATCTGCAGGT,0
AGATTTATGAAATAGC,0
AGATTTATGAAGTCAG,0
AGATTTCAACTACTAC,0
AGATTTCAGGCAAAAA,0
AGATTTCCAAATCGTT,0
AGATTTCGATCCAACA,0
AGATTTCTACTTGCAC,0
AGATTTCTGAAGAATA,0
AGATTTCTTGCGGTTA,0
AGATTTGATAGTACCG,0
AGATTTGCATGCAAAA,0
AGATTTGGCCAGGGAC,0
AGATTTTATATCCTAT,0
AGATTTTGAGCAAATA,0
AGCAAAAACACTATGT,0
AGCAAAAACAGAATTC,0
AGCAAAAAGCAAGTTC,0
AGCAAAAATCAAATCT,0
AGCAAAACAGTTAACA,0
AGCAAAACATTCTACG,0
AGCAAAACGAATTAAT,0
AGCAAAATAATGATGT,0
AGCAAAATAGGTCATA,0
AGCAAACAAGTAAAAG,0
AGCAAACACAACCCTC,0
AGCAAACACTGATATA,0
AGCAAACATCGATCGA,0
AGCAAACATTACAGGC,0
AGCAAACCTGAACCGA,0
AGCAAACTAAACCACA,0
AGCAAACTACCCATTC,0
AGCAAACTGCACGCGG,0
AGCAAACTGTATGCAC,0
AGCAAACTTTCTTAAT,0
AGCAAAGAACAACAAT,0
AGCAAAGACTCACAAC,0
AGCAAAGGACGTATAT,0
AGCAAAGTACCTCCAT,0
AGCAAAGTTAATGACC,0
AGCAAAGTTACCTACC,0
AGCAAATAGGAAAACC,0
AGCAAATATGCGAATG,0
AGCAAATCACTATGTT,0
AGCAAATCCGATGATG,0
AGCAAATGCCGTAATG,0
AGCAAATGCGTGCGAT,0
AGCAAATTTAAACGAA,0
AGCAACAAAAACTTTA,0
AGCAACAAACGCATCT,0
AGCAACAAATGTTTTT,0
AGCAACAAGAGGACTG,0
AGCAACATACATACTA,0
AGCAACATTGGCTTCT,0
AGCAACATTTGTAGCA,0
AGCAACATTTTACGAC,0
AGCAACCATTTTTAGG,0
AGCAACCCCTTATTTC,0
AGCAACGAGCTGATAC,0
AGCAACGGCCCCTTGA,0
AGCAACGTTCGTGACG,0
AGCAACTACTACATAG,0
AGCAACTACTCAACCT,0
AGCAACTATAATCTAC,0
AGCAACTCAACACGCA,0
AGCAACTCCACAAAAT,0
AGCAACTGTAACATAG,0
AGCAAGAAGTCACTAA,0
AGCAAGAGAGCAGAAA,0
AGCAAGATGACTGCGC,0
AGCAAGGGGGTGATTC,0
AGCAAGTGATTTACGT,0
AGCAATAAACCTAAGT,0
AGCAATAAAGACCTTC,0
AGCAATAAAGCTTAGA,0
AGCAATAAGACATTGT,0
AGCAATAATCATGCAC,0
AGCAATACAGGAAATA,0
AGCAATACAGTTAATT,0
AGCAATAGTGCATAAC,0
AGCAATATAAAGAACC,0
AGCAATATAACTAAAG,0
AGCAATATACAGGAAG,0
AGCAATATCAATACTA,0
AGCAATATCAGAAGCA,0
AGCAATATCCTTTGAC,0
AGCAATATTCCTGGTA,0
AGCAATCAATGAATCC,0
AGCAATCAGCTTCATC,0
AGCAATCGGAAAACCA,0
AGCAATCGGGTATTAT,0
AGCAATGAGAGTATTA,0
AGCAATGCTATAATCG,0
AGCAATGGCAATGACC,0
AGCAATGTAACGGAAA,0
AGCAATTAACAAGAGG,0
AGCAATTAACACTGAC,0
AGCAATTAACAGAAAA,0
AGCAATTAATAGAGGG,0
AGCAATTACGAAGCGA,0
AGCAATTCCAACCACT,0
AGCAATTGCTCTCCAG,0
AGCAATTTACCTGATC,0
AGCACAAATTTTGTTT,0
AGCACAAGTGACGTAA,0
AGCACAATATCCAGTT,0
AGCACAATGAACATCA,0
AGCACAATGTCTAGCA,0
AGCACACCAATCTTGA,0
AGCACACCACCTCACG,0
AGCACACCCACTAAAG,0
AGCACAGAAAACACAT,0
AGCACAGACACCCACC,0
AGCACAGACGGTGAAG,0
AGCACAGAGACTTACT,0
AGCACAGGATGCGATA,0
AGCACAGGCAGGACTT,0
AGCACAGGTGTTGGTC,0
AGCACAGTCAACACAA,0
AGCACAGTCTTTAACG,0
AGCACATTACATGACG,0
AGCACCAATCCATCCA,0
AGCACCAATTAAAATA,0
AGCACCAATTCCCACC,0
AGCACCACCCAGGCTT,0
AGCACCATAAGAACAA,0
AGCACCATTATATTCT,0
AGCACCCAGAGACAAA,0
AGCACCGATATTTTCC,0
AGCACCGGATGACTAC,0
AGCACCTACTGTGACA,0
AGCACCTATACACCTT,0
AGCACCTTAACTCGAT,0
AGCACCTTCTCTGTTC,0
AGCACGAAACAGGGAT,0
AGCACGAACATTGGCA,0
AGCACGAATGCAGTAG,0
AGCACGACTAATGGAG,0
AGCACGAGTTTCTTAA,0
AGCACGATAAAGTTCA,0
AGCACGATAACTCCTT,0
AGCACGATATTCCACA,0
AGCACGATCCGTCGCT,0
AGCACGATTATAATTA,0
AGCACGCAAAATAACT,0
AGCACGGAGGCGGACA,0
AGCACGGCCGCAACTT,0
AGCACGGTGCCGACTC,0
AGCACGTAAAAAACTG,0
AGCACGTCCCAGCCAG,0
AGCACGTTATACCCCC,0
AGCACGTTCGATTCGC,0
AGCACTAAAAAGGAAC,0
AGCACTAAACAAAACA,0
AGCACTAAGTATACAG,0
AGCACTAATTACAACA,0
AGCACTACAATCAAAC,0
AGCACTACTTAGCATC,0
AGCACTAGGAAGACGA,0
AGCACTAGGTCACGAT,0
AGCACTATATGCCTGC,0
AGCACTATCGTCGGGA,0
AGCACTCGCAAATTAA,0
AGCACTGATTGAACAC,0
AGCACTGGAAAAACGA,0
AGCACTTCGGTGAGAA,0
AGCACTTGGTTCTTGG,0
AGCACTTTAACTCGTA,0
AGCAGAAAAAGGCCGT,0
AGCAGAAAGGATCGTG,0
AGCAGAACAACAAGGA,0
AGCAGAATGACTCATC,0
AGCAGACAGATACTTA,0
AGCAGACCGAAGCAAG,0
AGCAGACCTAAAATAT,0
AGCAGAGAGATGGAAT,0
AGCAGAGGCAGGTTAA,0
AGCAGAGGTTGAATGT,0
AGCAGATAGTCTTCAA,0
AGCAGCAAGGGGATGC,0
AGCAGCCAAATCATCA,0
AGCAGCCATTTGTGCC,0
AGCAGCCGGCCAAAAC,0
AGCAGCGCAAGGTAGA,0
AGCAGCTTAACGACTA,0
AGCAGCTTGCGAAAAA,0
AGCAGGAAGAACAGCC,0
AGCAGGACCAATGGTA,0
AGCAGGATAATAGTTT,0
AGCAGGCTATTCGAAA,0
AGCAGGCTGAAACTTC,0
AGCAGGTAGCACTCCG,0
AGCAGGTGATACAACT,0
AGCAGGTGTGGGGAAA,0
AGCAGTAATCGATGAA,0
AGCAGTAATTAAAACC,0
AGCAGTACAAAATTCT,0
AGCAGTACCGGTGCAA,0
AGCAGTAGTAACCCAG,0
AGCAGTCCCGACTGCA,0
AGCAGTCTACCTAATG,0
AGCAGTTATCTGTGAA,0
AGCAGTTATGTATGCA,0
AGCAGTTTAACCCTAC,0
AGCAGTTTGATATTTA,0
AGCATAAAACGATCAA,0
AGCATAAAACTACCAG,0
AGCATAAACCAGAATG,0
AGCATAAAGATTAATC,0
AGCATAAATACAAAAG,0
AGCATAACGTTGATTT,0
AGCATAAGAAAAGATG,0
AGCATAATATCTAGCG,0
AGCATAATGCAAAGCG,0
AGCATACAAATGGAGT,0
AGCATACAATCGGCAA,0
AGCATACAGGAAGGGA,0
AGCATACAGTAAAGCA,0
AGCATACCTATTTCAG,0
AGCATACTAACCCATC,0
AGCATAGAATTAGCAC,0
AGCATAGATATTTACA,0
AGCATAGTATCAAATT,0
AGCATATAGGACAGCT,0
AGCATATAGTAATATA,0
AGCATATGATTAACGG,0
AGCATATTATTCCAAA,0
AGCATATTCGAAAAAA,0
AGCATATTTCTGAAGA,0
AGCATATTTTGTCTGC,0
AGCATCAAGGCCTCTT,0
AGCATCAAGTATCGAC,0
AGCATCACTTTTTACC,0
AGCATCAGTTATTTAA,0
AGCATCATAATAGTAG,0
AGCATCATATGTACTG,0
AGCATCCCTAAGATCC,0
AGCATCGCCGCCTCGA,0
AGCATCTAAGGATGCA,0
AGCATCTCAAATTTAC,0
AGCATCTCATATCTTA,0
AGCATCTTCAAACGTC,0
AGCATCTTGCGCCTAA,0
AGCATGAACAATGTTC,0
AGCATGAATAACACCT,0
AGCATGACTGAAAGCA,0
AGCATGAGACCGACAA,0
AGCATGATAACACGAC,0
AGCATGCCCGATAAAT,0
AGCATGCGGAGTGCCC,0
AGCATGCTACCAAATT,0
AGCATGCTCAAACAAA,0
AGCATGCTTAATAAAA,0
AGCATGCTTTACAGTC,0
AGCATGTACTACGAGT,0
AGCATGTCACTCGCAT,0
AGCATTAAACACATTT,0
AGCATTAACTGTAAAC,0
AGCATTAAGGGATCGC,0
AGCATTAAGTAGCTCA,0
AGCATTAATCCCTACA,0
AGCATTACACCCGCCT,0
AGCATTAGTCTTAGTA,0
AGCATTATAAGGAAAT,0
AGCATTATTAGATTAG,0
AGCATTCCAAGCCTAT,0
AGCATTCCTACATGTA,0
AGCATTCGCTCAAATA,0
AGCATTGAAATACCTG,0
AGCATTGCTCACCATC,0
AGCATTGTCAACGAAA,0
AGCATTTAAACGCCCC,0
AGCATTTATATAGTAG,0
AGCATTTATATATTCA,0
AGCATTTGTGTACCAC,0
AGCATTTTAAATCCGT,0
AGCATTTTTGGAGGGT,0
AGCCAAAAATGCTAGC,0
AGCCAAAAATTAACCT,0
AGCCAAAAGAATGCTA,0
AGCCAAAATTCTGACA,0
AGCCAAACAGCACAGG,0
AGCCAAAGAGATCGGA,0
AGCCAAAGAGCTCGAC,0
AGCCAAAGATCACCCA,0
AGCCAAATAGCTGACA,0
AGCCAAATCTTGGTTA,0
AGCCAAATTATTAATC,0
AGCCAACCATACACCA,0
AGCCAACCGTAGGACA,0
AGCCAACGACATACAT,0
AGCCAAGAAGTTTAGA,0
AGCCAAGCTTACGAGA,0
AGCCAAGGTTCAGTGG,0
AGCCAATAAATAGAAC,0
AGCCAATAATAGAGAA,0
AGCCAATAGAATGACT,0
AGCCAATATGATATAA,0
AGCCAATTAAAGTGAA,0
AGCCACAAATTTATTG,0
AGCCACAAGTAAGATG,0
AGCCACAGTCAAATAT,0
AGCCACATCCTACTAG,0
AGCCACATTTCACTGC,0
AGCCACCAATGAGCAA,0
AGCCACCGATAAATCC,0
AGCCACCTACATTACG,0
AGCCACGAAGCCACGT,0
AGCCACTACGAAACTA,0
AGCCACTATAAAATAA,0
AGCCACTTAGCTCCGC,0
AGCCACTTCTCTGTTG,0
AGCCAGAACACGTGGT,0
AGCCAGAATGTATACC,0
AGCCAGATACATTCTA,0
AGCCAGATCCTCACGT,0
AGCCAGATGTCCACAA,0
AGCCAGTAACCTCCCT,0
AGCCAGTAGAGAGAGT,0
AGCCAGTCAGATACCA,0
AGCCATAATTTAAAAT,0
AGCCATATCAGAAAAC,0
AGCCATCAATAAGGTT,0
AGCCATCCGTATGATA,0
AGCCATGAATGTATGT,0
AGCCATGATAATCAAC,0
AGCCATGATAATGGAC,0
AGCCATGCACGGGCCG,0
AGCCATTACAAATTAA,0
AGCCATTATGGAAAAG,0
AGCCATTCCAGCATAC,0
AGCCATTCTTAGACGC,0
AGCCATTTATCCAAGG,0
AGCCCAAAACAAGTGA,0
AGCCCAACAACCGATT,0
AGCCCAACCCTGCAAA,0
AGCCCAAGTAATCTAC,0
AGCCCACATTACGGCA,0
AGCCCACCACAAACTG,0
AGCCCACCGAGCTACC,0
AGCCCACCTACTTGTG,0
AGCCCACCTTTGTTCG,0
AGCCCCAGGAAGTTTA,0
AGCCCCCACCTTAGCG,0
AGCCCCCACTGTGGCT,0
AGCCCCCAGTAGCGGG,0
AGCCCCCCAGCTTGCT,0
AGCCCCCTAAAAAAAA,0
AGCCCCCTGTCTATCG,0
AGCCCCGAAGCCTTCC,0
AGCCCCGGACAATTTC,0
AGCCCCTAATCCATAG,0
AGCCCCTCTGCACAAG,0
AGCCCCTGCTAAGCTA,0
AGCCCGAAATCGGATA,0
AGCCCGATATCTATCG,0
AGCCCGCTTTAGTACA,0
AGCCCGGAAAAACAAT,0
AGCCCGGAACTTGATC,0
AGCCCGGTAGTATTTA,0
AGCCCGTCACTTACAC,0
AGCCCGTGCAATCTTA,0
AGCCCGTGTGAAAATC,0
AGCCCTAGTGGCCCTA,0
AGCCCTATACGCTACA,0
AGCCCTATCAAAAATC,0
AGCCCTCGTCGCCGAC,0
AGCCCTGAAAAGATTT,0
AGCCCTTATCATGAAA,0
AGCCCTTTTTTGAACA,0
AGCCGAAGAGAGCAAC,0
AGCCGAATAATAAATA,0
AGCCGACAAAATGTTA,0
AGCCGACAAACAATCG,0
AGCCGAGGTATGTCTG,0
AGCCGAGTTCAACATG,0
AGCCGATATCCCCAAG,0
AGCCGATATTTGGACA,0
AGCCGCAGAAAAATAA,0
AGCCGCATGACTGGGG,0
AGCCGCCCAACTGCGG,0
AGCCGCGGGATAAGTA,0
AGCCGCTTCTAAATAT,0
AGCCGGACGCAGGAAT,0
AGCCGGAGCGGAACTG,0
AGCCGGCACCGAAATT,0
AGCCGGGTACATTCAT,0
AGCCGGTACTTTTGGG,0
AGCCGTAAAAAACCAT,0
AGCCGTAACTAATCCA,0
AGCCGTACACTAATCC,0
AGCCGTAGTCATGGAT,0
AGCCGTGCCCTATTTT,0
AGCCGTGGTCAAAAAC,0
AGCCGTTCAAACAGTG,0
AGCCTAAAAAAAAATG,0
AGCCTAAAAATGTAAG,0
AGCCTAAGAAATAAGC,0
AGCCTAAGACATGAAC,0
AGCCTACAAATCATAC,0
AGCCTACTAAAGTCGG,0
AGCCTACTGCCGTCAT,0
AGCCTAGTTCATCCAG,0
AGCCTATTCGAAGCGA,0
AGCCTATTGTTCACAC,0
AGCCTCAATAAGAATT,0
AGCCTCAATTGTCCGT,0
AGCCTCACCAAGGTTG,0
AGCCTCACTTCCAGAT,0
AGCCTCATAAAGCAAT,0
AGCCTCATGGGATTAT,0
AGCCTCCTACATATAA,0
AGCCTCGCGGAAATGA,0
AGCCTCTATCCAACTA,0
AGCCTCTTCACCAATT,0
AGCCTGAACCATGACC,0
AGCCTGACACATAGTC,0
AGCCTGAGCCCTTCTC,0
AGCCTGCACATGTATT,0
AGCCTGCAGAAGCACG,0
AGCCTGGCAGAGCTAA,0
AGCCTGGCTATAGATT,0
AGCCTGTCAATCACAA,0
AGCCTGTCTTTTAATT,0
AGCCTTAAAATAACCT,0
AGCCTTAAATACCGTG,0
AGCCTTAATAACCTAT,0
AGCCTTACACTACTGC,0
AGCCTTATAATCTTGA,0
AGCCTTATCCGGTTTT,0
AGCCTTGTGACCCATC,0
AGCCTTTAGCCTTAAT,0
AGCCTTTCACATATGC,0
AGCGAAAAAACATATA,0
AGCGAAAAAAGTGGTA,0
AGCGAAAAATCTATCT,0
AGCGAAAATGAGTCCA,0
AGCGAACCACCAACCC,0
AGCGAACCCGATGCAA,0
AGCGAACCGTATTTAA,0
AGCGAACTCACACCTA,0
AGCGAAGATCTTCTTA,0
AGCGAAGCCTAGCCAG,0
AGCGAAGTACTCCTAA,0
AGCGAAGTTATTGACA,0
AGCGAATAATGGACAT,0
AGCGAATATAAAAAAA,0
AGCGAATCTTGTATTT,0
AGCGAATTGCACATGG,0
AGCGACAAAAACCTAC,0
AGCGACACAATTGCAC,0
AGCGACATTTAATTGC,0
AGCGACCGCTTCCTAT,0
AGCGACCTAAAGGGAC,0
AGCGACCTGATTCGCC,0
AGCGACGAAAAATGTA,0
AGCGACGAAAGCCTAG,0
AGCGACGACGCATCGA,0
AGCGACTAGGATTAAC,0
AGCGACTCCATATCGA,0
AGCGACTCCGAAAATG,0
AGCGACTTATCTAGTT,0
AGCGACTTCACGGTCA,0
AGCGAGAACCTTATTT,0
AGCGAGAGACACTTGA,0
AGCGAGAGGTGTCACA,0
AGCGAGATTAAGAATC,0
AGCGAGCAGAACAAAA,0
AGCGAGCTACTAACGC,0
AGCGAGGGTTTATGAC,0
AGCGAGGTATTATTTC,0
AGCGAGGTTATACCCT,0
AGCGAGTAAAATGCGC,0
AGCGAGTCATGTTATA,0
AGCGATAATGAATATT,0
AGCGATACAGGGATCT,0
AGCGATACCCGACTCA,0
AGCGATAGGACATGCC,0
AGCGATCAAACTAATA,0
AGCGATCAGCAGCAGA,0
AGCGATCAGCAGGCCT,0
AGCGATCCAAGAATCC,0
AGCGATCTATCTCAAT,0
AGCGATGCAGTCATGC,0
AGCGATGCTGCATAAC,0
AGCGATGTCGTTTGAG,0
AGCGATTATATACAAT,0
AGCGATTCGCGAATTA,0
AGCGATTGAAGTATAA,0
AGCGATTTATCTCTCT,0
AGCGCAAAGCCGAGAT,0
AGCGCAAGTGACTAAC,0
AGCGCACATTAGAGCT,0
AGCGCACCCTTTGACT,0
AGCGCACCTTAAAATG,0
AGCGCAGAACACAGGC,0
AGCGCAGAGGCCGTCA,0
AGCGCAGGAGATGGTT,0
AGCGCAGTACATACCG,0
AGCGCATAGTTATTAG,0
AGCGCATATAATACTT,0
AGCGCCAGACCAGATT,0
AGCGCCATGCACAACA,0
AGCGCCATGCTAGCTT,0
AGCGCCATGTGAACCG,0
AGCGCCCCACCCCGAC,0
AGCGCCCGAAACTTCG,0
AGCGCCGAAGTAGATT,0
AGCGCCGAATGCTTCA,0
AGCGCCTACATGCAAA,0
AGCGCCTAGATTTGAT,0
AGCGCCTAGCATAACT,0
AGCGCCTATTGCATTT,0
AGCGCCTTGTGGCCGC,0
AGCGCGAAATACTGTA,0
AGCGCGATAGCAATGA,0
AGCGCGATATTAAACT,0
AGCGCGCACATCTCTT,0
AGCGCGCCTATTTAGT,0
AGCGCGGATGTAACCC,0
AGCGCTAAAAGCGTAA,0
AGCGCTAAGGGCAAGA,0
AGCGCTCAGCAGTACC,0
AGCGCTCATGTCTTCA,0
AGCGCTGATAACTCCT,0
AGCGCTGGTTAAACCA,0
AGCGCTTAAACCGGAT,0
AGCGCTTCCCAAACTG,0
AGCGCTTCTACTTCGG,0
AGCGCTTCTTAGCAAA,0
AGCGCTTGCATAACGA,0
AGCGCTTTAGATCATT,0
AGCGGAACAAGTTGGG,0
AGCGGAACATTTAGGA,0
AGCGGAATGAGGCAAA,0
AGCGGACATGGTTAAG,0
AGCGGACGCATACTGA,0
AGCGGACTATGATCAA,0
AGCGGATAATTATTAA,0
AGCGGATCACACTTGA,0
AGCGGATTATACTAAA,0
AGCGGCACGAACATCT,0
AGCGGCGTTAATGATC,0
AGCGGCTAAAACTAAG,0
AGCGGCTATTTGCCTT,0
AGCGGCTCGAGTACGT,0
AGCGGCTTACGTAGAG,0
AGCGGCTTGTAATCCG,0
AGCGGGACTATACCGC,0
AGCGGGAGACATTCTT,0
AGCGGGGCGTACATCA,0
AGCGGTATAACTTTCT,0
AGCGGTATATAGTAAC,0
AGCGGTATCGAAGGCT,0
AGCGGTCTTTAATATA,0
AGCGGTGACACAAAAA,0
AGCGGTTATACCGAGA,0
AGCGGTTTAGGTGCAA,0
AGCGGTTTCTTATTGG,0
AGCGGTTTGAAACCAT,0
AGCGTAAAACAAAAAC,0
AGCGTAAAATATTCCG,0
AGCGTAAACAGTATGT,0
AGCGTAAAGCATGATC,0
AGCGTAAAGGATTTGA,0
AGCGTAAATAGCAAAT,0
AGCGTAAATCAAGCAC,0
AGCGTAACACTTCAGA,0
AGCGTAACCTCACAGC,0
AGCGTAACTATTAAAC,0
AGCGTAAGACTAGAAT,0
AGCGTAATAAGCATAA,0
AGCGTAATTGAATATC,0
AGCGTACACAACTGCT,0
AGCGTACGAGCCATCA,0
AGCGTAGAGGTGCAGA,0
AGCGTATAACTACGCC,0
AGCGTATCAAAACTAG,0
AGCGTCAAATTCCTCA,0
AGCGTCACCCGCCTAC,0
AGCGTCACCTTAGTTA,0
AGCGTCATAACGAGCC,0
AGCGTCCAAAAGTGGC,0
AGCGTCCAAGGGGATT,0
AGCGTCCTGTCTGAAT,0
AGCGTCGTATAACCAT,0
AGCGTCTAAGAGAATG,0
AGCGTCTGAACAATCC,0
AGCGTGAACGAAAGAA,0
AGCGTGCCGGAGGGTT,0
AGCGTGCTGACTGCAA,0
AGCGTGGAATCAAACG,0
AGCGTGTAACGCCAAC,0
AGCGTGTACAAATCAC,0
AGCGTTACGCGCCCGA,0
AGCGTTATGTCCGTAA,0
AGCGTTATTCAATAAA,0
AGCGTTCTAAATAACT,0
AGCGTTTATGACCCTA,0
AGCGTTTTCGACTAAC,0
AGCGTTTTTATGTACC,0
AGCTAAAAAGTCCCAG,0
AGCTAAAAATCAAATA,0
AGCTAAAACGAAAAGA,0
AGCTAAACATCATAAA,0
AGCTAAACCCATTACC,0
AGCTAAACGGCTATGC,0
AGCTAAACGTATACTA,0
AGCTAAAGGGGTTTCA,0
AGCTAAAGTGAGAAGT,0
AGCTAAATCATAAAAA,0
AGCTAACAAGGATCAT,0
AGCTAACAATTAGCCC,0
AGCTAACACACAGAGT,0
AGCTAACATACATCTG,0
AGCTAACGTACGCGGT,0
AGCTAACGTTACAACC,0
AGCTAACTAATGTTTA,0
AGCTAACTTACCGATG,0
AGCTAACTTTAAACAG,0
AGCTAAGCGCCGCTAT,0
AGCTAAGTAAACTAAC,0
AGCTAAGTCTCCTTTT,0
AGCTAATAAGCATGTA,0
AGCTAATACTATTGTC,0
AGCTAATGTAAAAAAG,0
AGCTAATTAAATATTG,0
AGCTACAAGAAAGTTC,0
AGCTACAGATAAATAG,0
AGCTACAGTACTATAG,0
AGCTACCCCCGCAAAC,0
AGCTACCTATATGTAT,0
AGCTACCTGAGTAATC,0
AGCTACCTTTAAAACA,0
AGCTACGAATACGGAC,0
AGCTACGTAACTAAAT,0
AGCTACTCAAAACCGC,0
AGCTACTCAGCCCAGC,0
AGCTACTCCTCAATAC,0
AGCTACTGCATATAAA,0
AGCTACTGGCCATTCT,0
AGCTACTTTGCCATCC,0
AGCTAGATCGGTAAAC,0
AGCTAGCACATAAAAT,0
AGCTAGCAGAATTAAC,0
AGCTAGCATAAGCGCT,0
AGCTAGGTAGATATGC,0
AGCTAGTAGCATTCTA,0
AGCTAGTCCGTTTTTC,0
AGCTAGTGTAAAATTC,0
AGCTATAAGTTCTGCT,0
AGCTATACACCACTAA,0
AGCTATACATCCTGCT,0
AGCTATACGACCCGTT,0
AGCTATACGCCATTAA,0
AGCTATAGATCCGCCG,0
AGCTATAGTACTAAAC,0
AGCTATATCTGGATAG,0
AGCTATATGCCTGAAC,0
AGCTATCAACAAGCAA,0
AGCTATCAGGCAAACT,0
AGCTATCATTAAAACC,0
AGCTATCCTAAGGCCC,0
AGCTATCGTGATATGG,0
AGCTATGAATCTACTT,0
AGCTATGCATAGAACA,0
AGCTATGTGACGCGAT,0
AGCTATTAAAAAACGT,0
AGCTATTACTGTAAAA,0
AGCTATTCCTCTAGTT,0
AGCTATTGACGTGATG,0
AGCTATTGGTACAGAT,0
AGCTATTTCCAAATTC,0
AGCTATTTGCTCGTAC,0
AGCTATTTTATGGATC,0
AGCTATTTTGCTGTGT,0
AGCTCAAACCATGCCT,0
AGCTCAAATATGAAAT,0
AGCTCAACAAAGTAAT,0
AGCTCAACACTTGCAA,0
AGCTCAATTCTAACGT,0
AGCTCACAACGAACAA,0
AGCTCACACACGAATT,0
AGCTCACCAAGCCTCA,0
AGCTCACCACAATTGT,0
AGCTCACTAGAGCTAG,0
AGCTCAGCAACGAGCT,0
AGCTCATTATTAATAC,0
AGCTCCAAACCCGCTA,0
AGCTCCAACATTGAAT,0
AGCTCCAATACGCACT,0
AGCTCCATCGGACATA,0
AGCTCCGACTTATGTT,0
AGCTCCGTTTTTAAAC,0
AGCTCCTTCAAAAGTA,0
AGCTCGAATCCAAGAA,0
AGCTCGGGGTGCGAGG,0
AGCTCGGTAAAACAAT,0
AGCTCGGTACTTCCAA,0
AGCTCGTACGGCAGAA,0
AGCTCTAAATAGCACA,0
AGCTCTAACATGTGGG,0
AGCTCTAATAGCGATA,0
AGCTCTAGATATTTAA,0
AGCTCTCGCCCATACC,0
AGCTCTCGCCTTAGTA,0
AGCTCTCTGACCTTAT,0
AGCTCTGATATTAGGA,0
AGCTCTGATTAACATG,0
AGCTGAAAACACATGG,0
AGCTGAAAATAAATCT,0
AGCTGAACTATGATTT,0
AGCTGAAGCGAACAAA,0
AGCTGACATTACGTCC,0
AGCTGACCAAGACGAT,0
AGCTGACTAAATAAAG,0
AGCTGACTCCCCGCCG,0
AGCTGAGATAGCCCAA,0
AGCTGAGATATAGACT,0
AGCTGAGCGTGCTAAT,0
AGCTGATTAAACGGTT,0
AGCTGCACATTACACA,0
AGCTGCATATGAACCT,0
AGCTGCCCGTTCTGAG,0
AGCTGCTACATAAGGC,0
AGCTGCTAGTGATAAT,0
AGCTGCTGGATGGGGT,0
AGCTGCTTTTCAAAAA,0
AGCTGGATATATTAGC,0
AGCTGGCAAAGCCACT,0
AGCTGGGGGAGCCTCC,0
AGCTGTAAAAAACAGC,0
AGCTGTAACAAAAACA,0
AGCTGTATATGCCGAG,0
AGCTGTCAAGATGGAA,0
AGCTGTCATAAACGTG,0
AGCTGTCGGTCTGCTC,0
AGCTGTGATGAGTATA,0
AGCTGTTCTTAACAAC,0
AGCTTAAACCGAACAG,0
AGCTTAACCAAATTCT,0
AGCTTAACCCATAGTC,0
AGCTTAATGCAGAACT,0
AGCTTACACAAATATA,0
AGCTTACATATAAACA,0
AGCTTACCTACTTAAA,0
AGCTTACGGAGTGCCT,0
AGCTTACTAACCTAAC,0
AGCTTAGCTAATGTAG,0
AGCTTAGGATCTTAAC,0
AGCTTATAATACTAAG,0
AGCTTATCAGACTCAG,0
AGCTTATCCGCACAAC,0
AGCTTATGTAACACAC,0
AGCTTATGTCTAGATA,0
AGCTTCATTCAGTGAA,0
AGCTTCCACGAAGGAG,0
AGCTTCCACGCTGCTA,0
AGCTTCCCCCCACGTC,0
AGCTTCCTCTCCGCTA,0
AGCTTCGCCCATAGAC,0
AGCTTCGGATGCTCTA,0
AGCTTCGGGTTCCCCA,0
AGCTTCGTCAATATAC,0
AGCTTCTAATTATACT,0
AGCTTGACAATATTTA,0
AGCTTGACGAGCTAAA,0
AGCTTGACTAGAAGAC,0
AGCTTGCAAAAGTTAT,0
AGCTTGCCAATCAAGC,0
AGCTTGCGCCTTGACC,0
AGCTTGCTGCATAATA,0
AGCTTGGCCCCATACG,0
AGCTTGTGGCCAAGAC,0
AGCTTTAAATCCGCGG,0
AGCTTTAAGGGGAGCC,0
AGCTTTACAAAATACT,0
AGCTTTACAAATACAT,0
AGCTTTATAGTCTACG,0
AGCTTTATGTTGTGTA,0
AGCTTTATTTGCCCCT,0
AGCTTTCAATCAAACA,0
AGCTTTGACCGTATCA,0
AGCTTTGAGTGCGCTA,0
AGCTTTGCAAGCTGAA,0
AGCTTTGTAGCCCCGC,0
AGCTTTTGACCCAGAT,0
AGCTTTTGATTGATTC,0
AGCTTTTTGGACCCTT,0
AGGAAAAAAAATTTGT,0
AGGAAAAAATAGCACA,0
AGGAAAAACACGAAGG,0
AGGAAAAATCCGCGAG,0
AGGAAAACAATAACAG,0
AGGAAAACAGACCTTG,0
AGGAAAACTATAACCA,0
AGGAAACAACCCAGAA,0
AGGAAACAGCAAACAA,0
AGGAAACCAAGAAGCA,0
AGGAAACCGTTCGCGT,0
AGGAAACGCAGTGGGA,0
AGGAAACGTAAAGCTA,0
AGGAAACTCTACCCCG,0
AGGAAACTGAATTTAT,0
AGGAAACTGACCCGCA,0
AGGAAAGCACCCTTAA,0
AGGAAAGCCGACATGC,0
AGGAAAGCTATTCAAC,0
AGGAAAGTAAAAATTT,0
AGGAAATAAAAACAGA,0
AGGAAATAAAACACGA,0
AGGAAATAACCCCTTA,0
AGGAAATATATCACTC,0
AGGAAATCAGGCTAAC,0
AGGAAATCCAATCAAT,0
AGGAAATGATAACATC,0
AGGAAATGCAATACCA,0
AGGAAATGTCTGATAA,0
AGGAAATTATCAAAAA,0
AGGAAATTCCTAACAA,0
AGGAAATTTTGTAAAG,0
AGGAACAGCGTGCACA,0
AGGAACCACAGCTACT,0
AGGAACCCGGCATATA,0
AGGAACCGCTCTGAAT,0
AGGAACGCATAGTCGA,0
AGGAACTCTAAATGAC,0
AGGAACTGTAGCATGA,0
AGGAACTTAGGGACGG,0
AGGAAGAATAAAATGT,0
AGGAAGAATTACTAGA,0
AGGAAGACATTAGTAT,0
AGGAAGAGAATTCTAT,0
AGGAAGAGCTACAGAT,0
AGGAAGAGTGTATGAT,0
AGGAAGAGTTTACATA,0
AGGAAGATATCCTGAT,0
AGGAAGATCACCACAT,0
AGGAAGCAATAAATAC,0
AGGAAGCAATATCATT,0
AGGAAGCCAACCCGCG,0
AGGAAGCCTTACCATT,0
AGGAAGCGTCAAAAAT,0
AGGAAGGAACGCTTAA,0
AGGAAGGAAGTGGCTT,0
AGGAAGGACAACATTT,0
AGGAAGGGTAGGTAAA,0
AGGAAGGTAGATACTA,0
AGGAAGGTGTGCGATC,0
AGGAAGTAAAGGGACG,0
AGGAAGTACCACGAAG,0
AGGAAGTATAGAACTA,0
AGGAAGTCCTCATCGA,0
AGGAAGTCTGATGAAA,0
AGGAATAACCGGGAAA,0
AGGAATACATAAAGAT,0
AGGAATATCCCAAAAT,0
AGGAATCACAAACTTA,0
AGGAATCACTCACTGG,0
AGGAATCCCAGAGAAG,0
AGGAATCTAAATGTGG,0
AGGAATCTCTAACACA,0
AGGAATCTTTCTTAAC,0
AGGAATGAAGCTGGGA,0
AGGAATGCCCCCTAAG,0
AGGAATGGAGACTTAG,0
AGGAATTATTGCAGTT,0
AGGAATTGAGTTAATT,0
AGGAATTGTCGAAGTA,0
AGGAATTTTAGCCTGG,0
AGGACACCTGTGAACA,0
AGGACACGACGAAAAG,0
AGGACACTCCGGCAAG,0
AGGACAGATTACCATA,0
AGGACAGTACTGATTA,0
AGGACAGTTTAACCTC,0
AGGACATCTCCACCGG,0
AGGACATGCCTGCCCT,0
AGGACCACACGATAAC,0
AGGACCATGGCAGAAG,0
AGGACCCCCAAAGGCG,0
AGGACCGCGCACAGCG,0
AGGACCTAATTGGATT,0
AGGACCTACCTTTCAT,0
AGGACGATACTCAAAA,0
AGGACGCAGTGGAACG,0
AGGACGCATTCACGAC,0
AGGACGCGTTGCTTAG,0
AGGACGCTGAACTACT,0
AGGACGCTGGCCGATC,0
AGGACGGAATATAAGA,0
AGGACGTCATGGTGCA,0
AGGACGTTCCGGCGAG,0
AGGACTAAAATCGAAA,0
AGGACTATACCGAGAT,0
AGGACTATTTGGGTCG,0
AGGACTCAATATAACG,0
AGGACTCACTGAATTC,0
AGGACTCATCAGATTG,0
AGGACTCGACGGTTTG,0
AGGACTGCTTACAGAT,0
AGGACTGTACAGATCA,0
AGGACTGTTTATTGGA,0
AGGACTTAAAAGGTTA,0
AGGACTTAAAGGCGTT,0
AGGACTTATTTCCTAT,0
AGGAGAAATCATATAG,0
AGGAGAACAACTGCTA,0
AGGAGAAGGTCAAATT,0
AGGAGAATCTTAGAAT,0
AGGAGACCATTAAAAA,0
AGGAGACGCGACGGCA,0
AGGAGACTAATTCGGT,0
AGGAGAGAAAAACATG,0
AGGAGAGACAAGACCA,0
AGGAGAGATCATGAAT,0
AGGAGATACCAAAACA,0
AGGAGATAGCTGAAGA,0
AGGAGATATATAGCGC,0
AGGAGATCTTGCTTCC,0
AGGAGATGCCGATGCT,0
AGGAGATTAATGTGAC,0
AGGAGATTTATTCTAC,0
AGGAGCAACCTACTGC,0
AGGAGCAATAGTGATG,0
AGGAGCACTAATAACT,0
AGGAGCAGATGACAAG,0
AGGAGCATAAATATAT,0
AGGAGCATAACGCTTG,0
AGGAGCCATTATCTAC,0
AGGAGCCCAGACCCTT,0
AGGAGCCGACATATCC,0
AGGAGCGAAAAAAAAA,0
AGGAGGACCAAGCAAT,0
AGGAGGCCTGGACGAT,0
AGGAGGTGATAATCTC,0
AGGAGGTTCAGATATG,0
AGGAGTAAATTAATGG,0
AGGAGTACAACCATCG,0
AGGAGTACCCGACAAG,0
AGGAGTCACAATCTAA,0
AGGAGTCAGTAAAATG,0
AGGAGTCATACAGCTT,0
AGGAGTCTTAATTCAA,0
AGGAGTTACGATACAA,0
AGGAGTTAGGAGAAAT,0
AGGAGTTCACACTGTT,0
AGGAGTTCCATCTTTT,0
AGGATAAAAAATCAAA,0
AGGATAAACAAACGCA,0
AGGATAAACTCATTAT,0
AGGATAAATGATACCG,0
AGGATAACACTAAATT,0
AGGATAACTGAGCACC,0
AGGATAAGTGCATAAT,0
AGGATAATAAACCAGA,0
AGGATAATCCCTAATA,0
AGGATACAGATATACA,0
AGGATACCTGAGTAGT,0
AGGATACTAATTGATG,0
AGGATACTTTACCTAA,0
AGGATATACTTATGAA,0
AGGATATCATCCATTG,0
AGGATATCCATCTTCA,0
AGGATATGAATTCCCA,0
AGGATATTATTTTCCC,0
AGGATCAATGACTGTG,0
AGGATCACTGCCGAAC,0
AGGATCATTTGCGCGA,0
AGGATCCGCACAAACA,0
AGGATCGAAAAAGAGT,0
AGGATCGAATCCAACA,0
AGGATCGACCGCTAAT,0
AGGATCGCAAGTACGA,0
AGGATCGGCCTAATAT,0
AGGATCTAATAAATGA,0
AGGATCTTAACGTGTC,0
AGGATGACTATTGCTA,0
AGGATGAGCAATATCT,0
AGGATGCAAGTACCAC,0
AGGATGGAATGCCAGG,0
AGGATGGATGTTAACT,0
AGGATGGGAGAAGAAA,0
AGGATGGGGACCTGCA,0
AGGATGTAACTTGGCT,0
AGGATGTAAGAATATA,0
AGGATGTGGATTTTCC,0
AGGATGTTGTAAAAAA,0
AGGATTAGGCAATCTG,0
AGGATTATATCGTGGG,0
AGGATTATTCTAAAGG,0
AGGATTCAAATTGTTC,0
AGGATTCAACTTGCCA,0
AGGATTCATAATTGTA,0
AGGATTCATTTAAGGG,0
AGGATTCCATGGCATC,0
AGGATTCGGAATACCA,0
AGGATTCTTGAAAGAT,0
AGGATTGCACACATGG,0
AGGATTGCGTAAGCGC,0
AGGATTTAAATGTGAC,0
AGGATTTGTATCTATT,0
AGGCAAAAGTCGAATT,0
AGGCAAATCGTTGTGA,0
AGGCAAATTAACTTAT,0
AGGCAAATTTGCAGCA,0
AGGCAACAACAAAACA,0
AGGCAACACACTGGAT,0
AGGCAACACCACGATC,0
AGGCAACGGGGTAGCT,0
AGGCAACTACAAGCCA,0
AGGCAAGCAAATAACA,0
AGGCAAGCAATTGATC,0
AGGCAAGGTATTAAAA,0
AGGCAATACTCCAATA,0
AGGCAATATATATACT,0
AGGCAATGAAAAAGGT,0
AGGCAATTCTCCATTT,0
AGGCACCAAGCCTATA,0
AGGCACCACTACCTAA,0
AGGCACCCAATCAATA,0
AGGCACCTTTAGGGCA,0
AGGCACTAAATTCATT,0
AGGCACTGGCAATAAT,0
AGGCACTTGACGTAAT,0
AGGCAGAAGCAGTCTG,0
AGGCAGAATCAAGTAA,0
AGGCAGACAAGACGGA,0
AGGCAGACATAAACCA,0
AGGCAGACGAAAACTA,0
AGGCAGCTGTGTACCC,0
AGGCAGTAACAGCTAA,0
AGGCAGTATACAGATT,0
AGGCAGTCCTGACTAA,0
AGGCAGTTATTAAACC,0
AGGCATAAATATGATT,0
AGGCATAACGAATAAA,0
AGGCATCAAATTAGAC,0
AGGCATCTCTATGGGA,0
AGGCATCTTGTAAACC,0
AGGCATTCCAGATTAA,0
AGGCCAAATAAATGGA,0
AGGCCAATAGCGCACA,0
AGGCCAATCTGCATAG,0
AGGCCAATCTTTTTGG,0
AGGCCACCTTAGGACA,0
AGGCCAGCCCACAATT,0
AGGCCATATCGCCGAG,0
AGGCCATGAAACTATT,0
AGGCCCACCCGAAAAC,0
AGGCCCACTAATAATA,0
AGGCCCAGACACCTAG,0
AGGCCCCATACCAACG,0
AGGCCCGCTATTGGTT,0
AGGCCCTCAATCAATA,0
AGGCCCTGTTAACATC,0
AGGCCGATCATATGGA,0
AGGCCGCCGATATTTG,0
AGGCCGGTTTCTAACT,0
AGGCCGTTTTTCGCCA,0
AGGCCTAAGAGGGAAT,0
AGGCCTACCCCCCAAT,0
AGGCCTAGAACCAACA,0
AGGCCTATATAAAGCA,0
AGGCCTCAAAAAGACA,0
AGGCCTCGAGAAATTT,0
AGGCCTGACACGTATA,0
AGGCCTGCGATCACCA,0
AGGCCTGCGTACTTAT,0
AGGCCTGCTAAAAGTT,0
AGGCCTGTACACTCGT,0
AGGCCTTATTACAACT,0
AGGCCTTGAAAGACCA,0
AGGCGAAAATAGACTC,0
AGGCGAAAATCGATGT,0
AGGCGAAACTATATCT,0
AGGCGAAACTTAACCT,0
AGGCGAAGGGACTTAG,0
AGGCGACAACACATAA,0
AGGCGACGTTAATAAG,0
AGGCGAGACATAGAGG,0
AGGCGAGAGAACTGTA,0
AGGCGAGCGATCCAGT,0
AGGCGCCCAATTTTTG,0
AGGCGCGAAACTGAGC,0
AGGCGCGTTAATTATA,0
AGGCGGACCTTACTAA,0
AGGCGGGCTATAAACA,0
AGGCGGTAGTCAGAAA,0
AGGCGGTTACATAATA,0
AGGCGTCTCGAAAAAT,0
AGGCGTCTGTACCCCT,0
AGGCGTGTTCTATCAC,0
AGGCGTTCAAAAGTCA,0
AGGCGTTTACCCGAGA,0
AGGCGTTTACTTCGAT,0
AGGCGTTTGCATACTA,0
AGGCTAAAAGTAAATA,0
AGGCTAAAATCCGACC,0
AGGCTAAAGTAAATAG,0
AGGCTAACCTAGAGAT,0
AGGCTACAACTTTAAT,0
AGGCTACACCGCTTTA,0
AGGCTACCTAAACGAT,0
AGGCTAGCACATCTGC,0
AGGCTAGTCGGGCATT,0
AGGCTAGTGAAAGTAC,0
AGGCTATCTTTGTCCA,0
AGGCTATTAGCTAACT,0
AGGCTCAGATTTATTA,0
AGGCTCAGTTTGCAGG,0
AGGCTCATCTACCATT,0
AGGCTCCGGATAATAT,0
AGGCTCGGTTTTTTAA,0
AGGCTCGTAGTCCATT,0
AGGCTCTTGACATTCC,0
AGGCTCTTTAGATGCA,0
AGGCTGATTTTTCGTC,0
AGGCTGGACCTTCTAA,0
AGGCTGTATGCAAACA,0
AGGCTGTCAAGATATA,0
AGGCTTACTAAAAAAT,0
AGGCTTATTGAAACGG,0
AGGCTTGTCACATGGC,0
AGGGAAAACACTGAGT,0
AGGGAAAAGTAATGAA,0
AGGGAAAATCCCGAAG,0
AGGGAAATTCCCTATT,0
AGGGAACACGAATAAT,0
AGGGAACGACAAACTC,0
AGGGAAGATACTGCCC,0
AGGGAAGTAATCTCAG,0
AGGGAATAGTTCATAG,0
AGGGAATCATAAACAT,0
AGGGAATGATCCATAA,0
AGGGACAAGACCATAC,0
AGGGACCGTCAACCGA,0
AGGGACTAGAGTAAAG,0
AGGGACTATAACTTAG,0
AGGGACTGTATTAAAG,0
AGGGACTTACCGGTTA,0
AGGGAGTAGCGTGGAC,0
AGGGATAAAGGTCTAC,0
AGGGATAACCTTTTAC,0
AGGGATATAATAGCTC,0
AGGGATCAAGCAAAGC,0
AGGGATCCCTGGTAGG,0
AGGGATGAAGCACTTT,0
AGGGATGCGACATCAA,0
AGGGATTCAGGAGTGT,0
AGGGATTGCATGAATC,0
AGGGATTGTGTGTAAG,0
AGGGATTTCTACATGC,0
AGGGCAAAAAGCAGGA,0
AGGGCAACAATAGACA,0
AGGGCAAGCAATACAT,0
AGGGCAAGTAATAACC,0
AGGGCAATCATGCCTA,0
AGGGCACGCGCTCACA,0
AGGGCACTGTTAGATC,0
AGGGCAGTCAGTCTTT,0
AGGGCATCATAAATTA,0
AGGGCCACACTTGGCT,0
AGGGCCACAGACCAAA,0
AGGGCCACGAGATGCG,0
AGGGCCATTTACTAAA,0
AGGGCCCCCCTTCGCT,0
AGGGCCCTGAGCTCAC,0
AGGGCCGAACGGTCAT,0
AGGGCCTTATATTGTT,0
AGGGCGATAAGAAGTG,0
AGGGCGCATTCACCGG,0
AGGGCGCGTATAGGAT,0
AGGGCGCTCAAATAGC,0
AGGGCGGGTACAATAA,0
AGGGCGTGATACAAGA,0
AGGGCTATGTTAATGT,0
AGGGCTGAACCAAAAG,0
AGGGCTGCATTCAGCT,0
AGGGCTGTAGTCAAGC,0
AGGGGAAACATGTCTA,0
AGGGGAAATCTGGAAC,0
AGGGGAACATAATCTA,0
AGGGGAAGCATGCTAA,0
AGGGGAATTGTACATA,0
AGGGGACAGATTTAGA,0
AGGGGACGAGTTAGTC,0
AGGGGACTGAAAAAGG,0
AGGGGCATGCTCTTTC,0
AGGGGCCCAATATAAA,0
AGGGGCCGGAGAAAAT,0
AGGGGCTTTACATGCT,0
AGGGGGAATATACACA,0
AGGGGGACTGATTCTA,0
AGGGGGATTCGAGCCG,0
AGGGGGCAGTCAGTTG,0
AGGGGGCCAACCCTCG,0
AGGGGGGATTGTTCTG,0
AGGGGGTAGCTCGAAT,0
AGGGGTAAAAACCTAA,0
AGGGGTCACATGTAGT,0
AGGGGTGAAAATGCCC,0
AGGGGTGCAAACTAAA,0
AGGGTAAAGCCAATTC,0
AGGGTAATATGAAGTT,0
AGGGTACAAGATAGCC,0
AGGGTACCCTGTTATT,0
AGGGTACTCAGAAAGA,0
AGGGTAGTTAAACATG,0
AGGGTATGAAAAAGAA,0
AGGGTCAAACCCTGCA,0
AGGGTCCGGTATTTAA,0
AGGGTCTTAAAGGTTT,0
AGGGTGAACAACAAAC,0
AGGGTGTAAACCGTTC,0
AGGGTGTACCAACCGC,0
AGGGTTACAAACGTTT,0
AGGGTTCTGCCGCGCC,0
AGGGTTGCGATACCAC,0
AGGGTTGTCGTCTAGC,0
AGGGTTGTTCTGCCCT,0
AGGGTTTAATAACAGT,0
AGGGTTTTTTAACTTA,0
AGGTAAAAAACCAGTA,0
AGGTAAATAAAAGAGG,0
AGGTAAATGATTAGAA,0
AGGTAAATGCATAATG,0
AGGTAACAACAAGAGA,0
AGGTAACACTTTATAA,0
AGGTAACAGCGACGTC,0
AGGTAACCCCCAAAGT,0
AGGTAACGAACTCTGA,0
AGGTAATCATTTAGTA,0
AGGTAATCCTCTACTA,0
AGGTAATGATTGTGGT,0
AGGTAATGTGGCTCAA,0
AGGTACACGTTGCCGT,0
AGGTACATGAAAAACT,0
AGGTACCATCCTACAA,0
AGGTACCGACCCTGTT,0
AGGTACCGCTTAAATT,0
AGGTACTACGACTCAA,0
AGGTACTGACAACTCA,0
AGGTAGAACATATAGC,0
AGGTAGACACGGTAAT,0
AGGTAGACCCAGCATG,0
AGGTAGATTTAGGAGC,0
AGGTAGCCGAAGCGAT,0
AGGTAGGAACGAGTTA,0
AGGTAGGAACTGAGGA,0
AGGTAGTGACACAAAA,0
AGGTATAAAGGTCTCG,0
AGGTATAACCGAATTT,0
AGGTATAGAAGAAAAC,0
AGGTATAGACTACCAC,0
AGGTATAGGATCTAGG,0
AGGTATCCAGGACAAA,0
AGGTATCCCCGCAAAA,0
AGGTATCGGACAATTC,0
AGGTATCTAGATAAGG,0
AGGTATGACTCCAGAA,0
AGGTATTCAAATGACC,0
AGGTATTTTCAACCCT,0
AGGTCAAAAAAGGATA,0
AGGTCAAAGAAAATAT,0
AGGTCAACAAAAGCGC,0
AGGTCAACCATTACTA,0
AGGTCAAGAATCATGA,0
AGGTCAAGATACAAAA,0
AGGTCAATAATGGCCT,0
AGGTCACAAACAAACC,0
AGGTCACAAAGACTAT,0
AGGTCACAAGGATTCT,0
AGGTCACACAAGAACT,0
AGGTCACATATTGAAT,0
AGGTCACGTCTTCAGC,0
AGGTCAGGCGAAGACA,0
AGGTCAGTGCCATAAT,0
AGGTCAGTGGTACTAC,0
AGGTCATATATGAATC,0
AGGTCATTACCAGATA,0
AGGTCCAAACAGAGAA,0
AGGTCCAACAGGTCGC,0
AGGTCCAATGTAGAAT,0
AGGTCCACCGGAAATA,0
AGGTCCACTCTAAAAA,0
AGGTCCTATTGGACAA,0
AGGTCCTTAAAAAAGA,0
AGGTCCTTGGCAATCC,0
AGGTCGAACGGAGATA,0
AGGTCGACACAGTGGA,0
AGGTCGATGCGCTGCT,0
AGGTCGCATCCACCAA,0
AGGTCGGACTCATGGC,0
AGGTCGTGCTAGTATA,0
AGGTCTAACATTATTG,0
AGGTCTATAACTTCAT,0
AGGTCTATTAAAAGGA,0
AGGTCTCAGAAGCTAA,0
AGGTCTCTTCGATATA,0
AGGTCTGTATAACAAG,0
AGGTCTTATGACAACA,0
AGGTCTTGGCCTCAAC,0
AGGTGAAAAAAGGTCC,0
AGGTGAAAAGCTAATG,0
AGGTGAAATTCGGCCA,0
AGGTGAACTTCTAAAT,0
AGGTGAATACGATTAC,0
AGGTGACAGCAACCAA,0
AGGTGACCTCGACCCT,0
AGGTGAGGATGTTATG,0
AGGTGATACAAAAGAA,0
AGGTGATCATACCTCA,0
AGGTGATGCCAGGATC,0
AGGTGATTAAGGCTAT,0
AGGTGATTTATTAAAT,0
AGGTGATTTCCTTAGA,0
AGGTGCAAGCTCAAAG,0
AGGTGCAATAAACATT,0
AGGTGCAATTTTATAC,0
AGGTGCATAGTGCATA,0
AGGTGCTATCGATACT,0
AGGTGCTGAACTTTTG,0
AGGTGCTTACACACCA,0
AGGTGCTTGTACCTTT,0
AGGTGGAATTAGCGCG,0
AGGTGGACATAGGCAC,0
AGGTGGATTACCACAT,0
AGGTGGCGTAGGTCAT,0
AGGTGGGGGCCGATGA,0
AGGTGGTAAAACCGTA,0
AGGTGGTGAGTAATTC,0
AGGTGGTGATTCTGCA,0
AGGTGTAATAAGTGGT,0
AGGTGTATTAAACACC,0
AGGTGTTCCACATTCT,0
AGGTTAAAAGTCACGA,0
AGGTTAAAATCGATTC,0
AGGTTAAACTATATCT,0
AGGTTAACATCCAAAT,0
AGGTTAACCTTCACGC,0
AGGTTAAGGGTTGGTT,0
AGGTTAAGTAAAGAAA,0
AGGTTAATACCAGCAT,0
AGGTTAATCAGCATTC,0
AGGTTACGGTCAAGAA,0
AGGTTAGCCATGCCTA,0
AGGTTAGTGAGCTCGA,0
AGGTTATAGAAAACTC,0
AGGTTATCGACGGGGG,0
AGGTTATGCAAACATC,0
AGGTTCAAACGCTGTT,0
AGGTTCAAACTATTAC,0
AGGTTCACACGCGATT,0
AGGTTCAGGCAACGGG,0
AGGTTCCAAGACGCGC,0
AGGTTCTAGCTGTGTT,0
AGGTTCTCAGGTACCA,0
AGGTTCTCCAGTTAAG,0
AGGTTGAACACAAAGC,0
AGGTTGAATTAAGTCT,0
AGGTTGACAGATTAAC,0
AGGTTGACTTATGACC,0
AGGTTGATAGAGATTT,0
AGGTTGCCCACAACTA,0
AGGTTTAAAAGACATC,0
AGGTTTAAAGCCAATT,0
AGGTTTAATAACTTGT,0
AGGTTTCTTGACCAGA,0
AGGTTTGAAATATTAC,0
AGGTTTTCATAATACT,0
AGTAAAACATCAAACC,0
AGTAAAACCGTGCGAC,0
AGTAAAAGATGTACCG,0
AGTAAAAGCCGAATGG,0
AGTAAAAGGTTTGGGT,0
AGTAAAATGCTCTGGA,0
AGTAAAATTCCAAAAT,0
AGTAAACACAGCTTAT,0
AGTAAACACGGCCCCT,0
AGTAAACATTAATCTC,0
AGTAAACATTACTCAT,0
AGTAAACCTTGAAGGT,0
AGTAAACCTTTTAACT,0
AGTAAACGGCATCTAC,0
AGTAAACGTAATTAGC,0
AGTAAACTAATTGAAA,0
AGTAAACTACGACTGG,0
AGTAAACTGCAATATA,0
AGTAAAGAACAGCGGA,0
AGTAAAGACAAAACTA,0
AGTAAAGACCGAAATA,0
AGTAAAGAGCAAACCG,0
AGTAAAGAGCTAGTGA,0
AGTAAAGCACTTCTAA,0
AGTAAAGCGCAGATCC,0
AGTAAAGCTAAGGATA,0
AGTAAAGCTGACAACA,0
AGTAAAGTAAACTACT,0
AGTAAAGTCAATCTTA,0
AGTAAATAAACCCTAT,0
AGTAAATAAATATATA,0
AGTAAATAATGAGTTG,0
AGTAAATACATATAAG,0
AGTAAATACCGTATGT,0
AGTAAATGTTACCCCC,0
AGTAAATTTATAATAA,0
AGTAACAAAACCATTA,0
AGTAACAAAGATTTAT,0
AGTAACAATTGACCAG,0
AGTAACACACTACAGT,0
AGTAACACAGAATGCA,0
AGTAACAGGAATATAT,0
AGTAACATAAAATAAC,0
AGTAACATAGCAGCTA,0
AGTAACATGAACACAA,0
AGTAACATGTGGCCCA,0
AGTAACCAAAACTATT,0
AGTAACCAATTAAACA,0
AGTAACCAGTAAAAAC,0
AGTAACCATTACGAAA,0
AGTAACGACGGAAATG,0
AGTAACGCCTATACCA,0
AGTAACGCTACATACA,0
AGTAACGGAGGTATTT,0
AGTAACGGGACTTTTT,0
AGTAACGTGGAGCTCA,0
AGTAACGTTTATAACG,0
AGTAACTAAGAGTTCG,0
AGTAACTACAAGCAGC,0
AGTAACTCGACAAATC,0
AGTAACTGGAGGTAAT,0
AGTAAGAAGACATGTA,0
AGTAAGACGAACCGAA,0
AGTAAGACGTAAGATA,0
AGTAAGAGGTACTAGC,0
AGTAAGATCAGGCCTC,0
AGTAAGATGTCGATGC,0
AGTAAGGACGAACTAA,0
AGTAAGGCCAAGCAAT,0
AGTAAGGTAAACGAAA,0
AGTAAGTAGAGCCTCT,0
AGTAAGTGAATCTTAA,0
AGTAAGTGTACGTTGA,0
AGTAAGTGTCTCTCAT,0
AGTAATAAAAACTGTT,0
AGTAATAACCTGATGC,0
AGTAATAATCCTGTCA,0
AGTAATAATGTCTGAC,0
AGTAATACAGGACTCA,0
AGTAATAGACCTGCCA,0
AGTAATAGTTTCAATA,0
AGTAATATAAGACTGA,0
AGTAATATCTCCTACC,0
AGTAATGACATTTTGT,0
AGTAATGACTCTAAAA,0
AGTAATGACTGGGGGA,0
AGTAATGAGCTTAAAG,0
AGTAATGCCAACCCAT,0
AGTAATGGCTTGATTA,0
AGTAATGTCTAAACCA,0
AGTAATTTATGTTAGA,0
AGTAATTTCCCAGTGA,0
AGTAATTTGGTAAATC,0
AGTACAAAACGATCAA,0
AGTACAAACAAACCCA,0
AGTACAAACGATGATA,0
AGTACAAATTTCTTAA,0
AGTACAACCCACGGCG,0
AGTACAACGTCGTACA,0
AGTACAAGTCTATTCA,0
AGTACAATTATAGGGC,0
AGTACACACAACGAAA,0
AGTACACACTGCTTGA,0
AGTACACAGGCATAAA,0
AGTACACATAAGGAAG,0
AGTACACCGACTAGGC,0
AGTACACCTAAATATC,0
AGTACACGTGTTTACC,0
AGTACACTTATTTTGC,0
AGTACAGAATTGCCTT,0
AGTACAGAGGCCCACA,0
AGTACAGATTCAGAGC,0
AGTACAGGAGCACATA,0
AGTACAGTTTACTGAT,0
AGTACATACAAACGCC,0
AGTACATATATCAGTA,0
AGTACATCTGCACACA,0
AGTACATGAAACACGA,0
AGTACATTTGGTTGTA,0
AGTACCAAAACACTTA,0
AGTACCAAAAGCTTGA,0
AGTACCAATAGTTATA,0
AGTACCACGACATCCG,0
AGTACCATTATCAATA,0
AGTACCCAGTACACGA,0
AGTACCCCAAAATGAC,0
AGTACCCGATCCAACG,0
AGTACCGACAGGGGGG,0
AGTACCTAATGCATAA,0
AGTACCTCTAATATAC,0
AGTACCTGATGTCGCA,0
AGTACCTGGCCAAACC,0
AGTACCTTTTTTCGAG,0
AGTACGAAACCCCATG,0
AGTACGAACGTCAACC,0
AGTACGAATTATTATG,0
AGTACGAGAAAGGGAG,0
AGTACGATAATTCCAC,0
AGTACGATAATTTCAT,0
AGTACGATATATACAA,0
AGTACGCATTTATGTT,0
AGTACGCCACTACGTA,0
AGTACGCTCCCTATGA,0
AGTACGGCGAATTGCG,0
AGTACGGGAGACCTAA,0
AGTACGTAAGGTCAGT,0
AGTACGTAGAGTGATG,0
AGTACGTTATAGCTCT,0
AGTACTAATACGAAGG,0
AGTACTACCTACGACT,0
AGTACTCAGGCGTATT,0
AGTACTCAGTACCAAC,0
AGTACTCTCTACAAAC,0
AGTACTGTACACATCT,0
AGTACTTGGCTAACAC,0
AGTACTTTACATCTGT,0
AGTAGAAAAAACCTGT,0
AGTAGAAAACTAAATA,0
AGTAGAAAACTAATAG,0
AGTAGAAATATGGGTT,0
AGTAGAATAACAATGT,0
AGTAGACAAAAATCAA,0
AGTAGACAGAGTGAGA,0
AGTAGACATTCAATGC,0
AGTAGACCGTAATAAG,0
AGTAGACGAATACTCG,0
AGTAGACGATGGTCCA,0
AGTAGAGATGTACCCT,0
AGTAGAGCGGTAGAAC,0
AGTAGAGCGGTCATCA,0
AGTAGAGTCTTGATTA,0
AGTAGATAACAGTCCA,0
AGTAGATAGATCAAAG,0
AGTAGATCCAATATAC,0
AGTAGATCGATAACCA,0
AGTAGATCTCTATATT,0
AGTAGATGAGAGAAAG,0
AGTAGCAAAAAGATAG,0
AGTAGCAAAGACTTGA,0
AGTAGCAAGGAGCCAT,0
AGTAGCACGTGACTGC,0
AGTAGCATAAGGCAGA,0
AGTAGCCATTAACATG,0
AGTAGCCCCGATGAGC,0
AGTAGCCCTAATCAAC,0
AGTAGCCGGAGTCTCC,0
AGTAGCGGGGATACTA,0
AGTAGGACTAATAACC,0
AGTAGGATAACGATTT,0
AGTAGGGCATCTATCG,0
AGTAGGGTGTCGCCGA,0
AGTAGGTACGTATAAT,0
AGTAGGTGTCCAACCA,0
AGTAGTAATGAAAGTG,0
AGTAGTACAGTTTTGG,0
AGTAGTACCAGCTTAA,0
AGTAGTAGAAACGCGT,0
AGTAGTAGTGCGTGTA,0
AGTAGTCATAGTCAGA,0
AGTAGTCCAACGAGTT,0
AGTAGTCGCTTCTATA,0
AGTAGTCTGTCCATAT,0
AGTAGTCTTAATAATA,0
AGTAGTGACTACTGAA,0
AGTAGTTAGGGAACCA,0
AGTAGTTCACTGGTAT,0
AGTAGTTCATAGCCCG,0
AGTAGTTTAACAAAGA,0
AGTAGTTTAAGGGTCG,0
AGTAGTTTTGATAAAC,0
AGTAGTTTTGTCCGAA,0
AGTATAAAAATATAAG,0
AGTATAACCATGAGCT,0
AGTATAACCCACGAAA,0
AGTATAATAAATTTAA,0
AGTATAATAGGAAGTC,0
AGTATAATCAAAACAA,0
AGTATAATCTATCCCA,0
AGTATAATGATACAAA,0
AGTATAATTTCCAGTG,0
AGTATACAGAATACTC,0
AGTATACCGAAGATTC,0
AGTATACCGACGAAGT,0
AGTATACGGGAATGCT,0
AGTATACTCATCAGAT,0
AGTATAGATGACCAAC,0
AGTATAGCGAGCAAGA,0
AGTATAGGAGATTCTG,0
AGTATAGTCTATTCAG,0
AGTATAGTTCTACGTA,0
AGTATAGTTCTTTTCC,0
AGTATATAAAACATAA,0
AGTATATAACGCCGAC,0
AGTATATATAAAATTG,0
AGTATATATATCTTGG,0
AGTATATATATTAATC,0
AGTATATATGAGAAAA,0
AGTATATGTTCTGGGT,0
AGTATATTATTACAGC,0
AGTATATTATTGACAC,0
AGTATATTCAACACGG,0
AGTATCACACTTACTG,0
AGTATCACGACGATAC,0
AGTATCATTACGCCCA,0
AGTATCCGGGAAACGA,0
AGTATCCTTTCAAGTA,0
AGTATCGAATAACATG,0
AGTATCGCCCTAAAGC,0
AGTATCGGAATACCTT,0
AGTATCTTTCAGTAAT,0
AGTATGACTAGCAAGG,0
AGTATGACTGCTGAAT,0
AGTATGAGAACTCGGC,0
AGTATGATTGGAACAG,0
AGTATGATTTACTTAG,0
AGTATGATTTGTATAC,0
AGTATGCACTACCACC,0
AGTATGCAGCACGGCA,0
AGTATGCATAGGTCGG,0
AGTATGCTTCACCTCA,0
AGTATGGAAGACAGAA,0
AGTATGGCAACAAGAG,0
AGTATGTGCATTAAGA,0
AGTATGTGGAGCCGGT,0
AGTATTAAAAATGTAG,0
AGTATTAAGCTACTAT,0
AGTATTAAGGAACATT,0
AGTATTAATGAAAAAG,0
AGTATTAATGGAAAAA,0
AGTATTAATTCAGTAA,0
AGTATTACATAACGAG,0
AGTATTACATATCCGG,0
AGTATTAGAATAACCT,0
AGTATTATAGAAAACT,0
AGTATTCAGAGATCTC,0
AGTATTCGACTAATCA,0
AGTATTCTATGTTAAG,0
AGTATTGACAAAGCAA,0
AGTATTGCAGACAATA,0
AGTATTGTCAGCATTA,0
AGTATTGTCGTACCCA,0
AGTATTTATACTCAAG,0
AGTATTTCCAAACTAA,0
AGTATTTTTGCTAACA,0
AGTCAAAAATCGAGGA,0
AGTCAAAACGATCCCC,0
AGTCAAAAGCGTAATC,0
AGTCAAAAGGTGGCAT,0
AGTCAAACAAGCCGAG,0
AGTCAAACATGCAAGA,0
AGTCAAACTAGAAAAA,0
AGTCAAACTGTAAATG,0
AGTCAAAGACAAATAA,0
AGTCAAAGGCATCAGC,0
AGTCAAATAGCGATTA,0
AGTCAAATATTCCGGC,0
AGTCAAATGACCATCA,0
AGTCAAATGAGAACTC,0
AGTCAACAAAATCTTT,0
AGTCAACACTGTAGAC,0
AGTCAACCAATAACCA,0
AGTCAACCTAGTATTG,0
AGTCAACTACCAACTT,0
AGTCAAGACTCAAACA,0
AGTCAAGGGGGGAACG,0
AGTCAAGTAGTCGTTC,0
AGTCAATATAGAACAA,0
AGTCAATATCAGAGCG,0
AGTCAATCGATACCCG,0
AGTCAATCTAGGAAAG,0
AGTCAATGCAGTCCAC,0
AGTCAATTCATAACCA,0
AGTCAATTCGTTGAAA,0
AGTCAATTTTATCCAA,0
AGTCACAAAATTTAAA,0
AGTCACAAGGGGCGCG,0
AGTCACACGCCCCCAA,0
AGTCACACTAATAAAT,0
AGTCACCCCCAGCAAC,0
AGTCACCCTAGCCTTA,0
AGTCACGCTGGGGAGG,0
AGTCACGTGCAAGCAG,0
AGTCACTAAGACGGGC,0
AGTCACTCTTGAAATA,0
AGTCACTGTTCAAGAA,0
AGTCAGAAATACCAAC,0
AGTCAGAACCGAGTAA,0
AGTCAGAACGGACCCC,0
AGTCAGATGTACCTGA,0
AGTCAGCCTCATGTAT,0
AGTCAGCGAAGATAAT,0
AGTCAGCTATATTCGA,0
AGTCAGGATCAAGGCT,0
AGTCAGGTGTTGACAT,0
AGTCAGGTTTAGAAAC,0
AGTCAGTATATATGGA,0
AGTCAGTTAAAAATTA,0
AGTCATAATGTTGAAA,0
AGTCATACTAAGTTAA,0
AGTCATATAACGGATG,0
AGTCATATTATCTAAA,0
AGTCATCGCCATGTTC,0
AGTCATTCTCTAATTG,0
AGTCATTCTGAAACGC,0
AGTCATTTAAGTCAAC,0
AGTCATTTTGGAACAG,0
AGTCCAAAACAGTGAA,0
AGTCCAAATAATCGCC,0
AGTCCAAGAAATCAGA,0
AGTCCAAGAACATCTG,0
AGTCCAAGCTCAGGTG,0
AGTCCAATAACCGAGT,0
AGTCCACAACATGGCT,0
AGTCCACCGATAGTAT,0
AGTCCACTACACACTA,0
AGTCCAGAATCCCGCA,0
AGTCCAGCGAAATACA,0
AGTCCAGTGAGCAAAT,0
AGTCCCAAGAGCATCC,0
AGTCCCAAGTGTATCG,0
AGTCCCATATATGAGC,0
AGTCCCATCAAATATT,0
AGTCCCATGCTACAAC,0
AGTCCCCAGATTATGC,0
AGTCCCCCACGGATAC,0
AGTCCCGCTTTTGAAC,0
AGTCCCGGGCTCATTT,0
AGTCCCGTAAACTGAG,0
AGTCCGAAAAAAACGA,0
AGTCCGATCATCAAAG,0
AGTCCGCTCAAAATTA,0
AGTCCGGGAGTGTAAA,0
AGTCCGTAATCTACAA,0
AGTCCGTTTATGGAAG,0
AGTCCTAAACTGCTGG,0
AGTCCTAAATACGTAA,0
AGTCCTAACCCTTGAC,0
AGTCCTAACGTAGACT,0
AGTCCTACAAGCCACA,0
AGTCCTACATGGTGCA,0
AGTCCTACCACAAAAG,0
AGTCCTACGTTACAGG,0
AGTCCTCCCTCTGTAT,0
AGTCCTCTAGCAACTC,0
AGTCCTCTCATGTAAG,0
AGTCCTGAGTCCCTGA,0
AGTCCTGTCTAAGGCA,0
AGTCCTTAACCTGTTG,0
AGTCCTTGATAGACAA,0
AGTCCTTTATCCGCGC,0
AGTCGAAACCTCTCTA,0
AGTCGAAATAGCTGCG,0
AGTCGAAGAAAACCTC,0
AGTCGAAGCTCATGAC,0
AGTCGAATTCGTTCCA,0
AGTCGAATTGATTTAT,0
AGTCGACCGTACGAAA,0
AGTCGACCGTCATAAT,0
AGTCGACGACCGCAAG,0
AGTCGAGTGTAATTTG,0
AGTCGATAATCTCTAA,0
AGTCGATAGCTTATTT,0
AGTCGATATACCAATA,0
AGTCGATCGAATTCTA,0
AGTCGATTCACCGAGA,0
AGTCGATTTACTGCTT,0
AGTCGCATAGATAAGA,0
AGTCGCCTTACCGTAA,0
AGTCGCGCCGAAATCT,0
AGTCGCTCGTCTAAAT,0
AGTCGGACCATTGAAC,0
AGTCGGACTTACATAA,0
AGTCGGCCGGTCACCC,0
AGTCGTAAAAACGGTC,0
AGTCGTACACTGAGTT,0
AGTCGTAGAAAGGCGT,0
AGTCGTAGACATAAGT,0
AGTCGTATCTATAGAA,0
AGTCGTGAACTGATCA,0
AGTCGTGATCAACCAA,0
AGTCGTTAATTAAAAA,0
AGTCGTTCAGTTGCGG,0
AGTCTAAACTTAAGAG,0
AGTCTAACCGTTGAGT,0
AGTCTAAGACAGGTTC,0
AGTCTAATAATGCGAG,0
AGTCTACAACGATACC,0
AGTCTACAATATTACA,0
AGTCTACCAAATGATC,0
AGTCTACTTTCCTCCT,0
AGTCTAGAAGGAGGAA,0
AGTCTAGTTGAACAAA,0
AGTCTATCCTGAAAGC,0
AGTCTATTCAACTCAG,0
AGTCTCAGCAAATGCG,0
AGTCTCATGCGAATAC,0
AGTCTCCGCGAGTCAC,0
AGTCTCCTTACACAGA,0
AGTCTCGCGGAGCGCC,0
AGTCTCGTAAGCCAAC,0
AGTCTCTAAAACACGC,0
AGTCTCTCGAACTCTA,0
AGTCTGAAAAATTGAT,0
AGTCTGATCTCTAGTT,0
AGTCTGCAAAAACTTT,0
AGTCTGGCTAATTAAA,0
AGTCTGGGGCTAAGCA,0
AGTCTGTACATCTAGG,0
AGTCTGTTCAAAAATA,0
AGTCTTAAATTTCCAT,0
AGTCTTAACCCAACTC,0
AGTCTTACGTCATCGC,0
AGTCTTAGCCTACCAC,0
AGTCTTCAACACGAAA,0
AGTCTTCAATCAAATA,0
AGTCTTCGTCGCACGA,0
AGTCTTCTAGGAGCTT,0
AGTCTTCTTTATATGT,0
AGTCTTGAGTGAATGT,0
AGTCTTGATATGGTCC,0
AGTCTTTAAAATCGTA,0
AGTCTTTACGGACTTG,0
AGTCTTTCCATCTTGT,0
AGTCTTTTACACATCT,0
AGTGAAAAACTTGTAG,0
AGTGAAAAGATAATAC,0
AGTGAAAATGGTGCAA,0
AGTGAAAATTAAAGAG,0
AGTGAAACAAAAGAAC,0
AGTGAAACATCTATAT,0
AGTGAAAGAACTTTTA,0
AGTGAAATCAGACGCC,0
AGTGAAATGCGTCCAT,0
AGTGAAATTTAATTTG,0
AGTGAACAATTTTATT,0
AGTGAACCCGCACTAG,0
AGTGAACGTAATCAAC,0
AGTGAACTATACACGT,0
AGTGAAGCACCTCCGG,0
AGTGAAGTCCGACTAA,0
AGTGAATAGCTGATCG,0
AGTGAATAGTACTCCA,0
AGTGAATTCCCCTGTA,0
AGTGACAAACCTGTTA,0
AGTGACAAACGTAATT,0
AGTGACAGTCCCATAG,0
AGTGACATGACAACTA,0
AGTGACCACCACTGTA,0
AGTGACCCACCAAGAA,0
AGTGACCGACCTATTT,0
AGTGACCGAGATCAAC,0
AGTGACCTAGTAAAGG,0
AGTGACTAGTTAAAAG,0
AGTGACTCGACTTGAT,0
AGTGACTGCTTTTGGT,0
AGTGACTTACTTGTTA,0
AGTGACTTAGGTATCT,0
AGTGAGAAAAATACCT,0
AGTGAGACATTACAAC,0
AGTGAGACGGGTATCA,0
AGTGAGCACTATATCA,0
AGTGAGCCGGAATATG,0
AGTGAGGACCGTTGAT,0
AGTGAGGCATAATTCA,0
AGTGAGGTGTATAACA,0
AGTGAGTTGGACGCAA,0
AGTGATAAGCCTAAAA,0
AGTGATAATTTCATTA,0
AGTGATACTACCAAAG,0
AGTGATAGAGAAATTC,0
AGTGATATACTACGGG,0
AGTGATATCGCCAACA,0
AGTGATATTAGTCTAG,0
AGTGATCCCAGCCATA,0
AGTGATCCCTAAGAAT,0
AGTGATCGGAGACAAA,0
AGTGATGATCAAATGA,0
AGTGATGGCTAAACTG,0
AGTGATGTTTCGTTAA,0
AGTGATTAATTCACCT,0
AGTGATTCCGTATCTA,0
AGTGATTGGTATTACT,0
AGTGCAACCATAACAC,0
AGTGCAACGACACCGC,0
AGTGCAAGTCAAGTAT,0
AGTGCACATGGAAACG,0
AGTGCACCGAATCAAA,0
AGTGCATAAATGAGCT,0
AGTGCATAAGATATCA,0
AGTGCATATTTCAGAT,0
AGTGCATTAATCCGGG,0
AGTGCATTTACTAGCT,0
AGTGCCAGGCTTGATG,0
AGTGCCATCAATATTA,0
AGTGCCCGGTGACCCA,0
AGTGCCGACCAGCCAT,0
AGTGCCGTACTATCGA,0
AGTGCGAATGAGAAGT,0
AGTGCGCATATGATAA,0
AGTGCGTCATCTTAAA,0
AGTGCGTCCAGAATTA,0
AGTGCGTTTCGTTCAA,0
AGTGCGTTTTTGTGTT,0
AGTGCTAATACCAATT,0
AGTGCTACTCTCTAAC,0
AGTGGAAAGAACGTTA,0
AGTGGAAAGCAAGTCT,0
AGTGGAGCAAAACAGA,0
AGTGGAGCTACCATGT,0
AGTGGATCAGGGGGTA,0
AGTGGATCATGATTCC,0
AGTGGATTCCGTAGTA,0
AGTGGCAGATGCGACC,0
AGTGGCATGTGTGTGA,0
AGTGGCCTATTCGGTA,0
AGTGGCTGTGAATCTG,0
AGTGGCTTATAATGCA,0
AGTGGGACTAAGGAAT,0
AGTGGGAGTTCGATTA,0
AGTGGGCGTTATATTT,0
AGTGGGGACACAAAAG,0
AGTGGGTCATTCTCCG,0
AGTGGTAACTAGCGAA,0
AGTGGTAAGTTAATGC,0
AGTGGTATGACCGCGA,0
AGTGGTGGTTTCACTA,0
AGTGGTTGGATACTAA,0
AGTGGTTGGGTAAACA,0
AGTGGTTTAGAGCTGT,0
AGTGTAAAAAAAAAAT,0
AGTGTAAACCCCGAAC,0
AGTGTAAACTCAACGA,0
AGTGTAACCACACGAA,0
AGTGTAACGTTCCAGC,0
AGTGTAACTGGCCAAA,0
AGTGTAATTCAATAAC,0
AGTGTAATTCCAAGTT,0
AGTGTACACTAGGTGA,0
AGTGTACGGCCTAATC,0
AGTGTAGAAACATCAA,0
AGTGTAGAATTAGGGT,0
AGTGTAGCCATTATCC,0
AGTGTATATATAGTCT,0
AGTGTCAACGTCGGAC,0
AGTGTCAGCGTCAACA,0
AGTGTCCCGTTATCGC,0
AGTGTCCTCCAAAGCG,0
AGTGTCGAACTATAAG,0
AGTGTCGCTCCTAAAT,0
AGTGTCGGACCCGTAG,0
AGTGTCTATTCCTTCA,0
AGTGTCTTTTTCTGGT,0
AGTGTGAAACACATTG,0
AGTGTGAACGACTAAG,0
AGTGTGAAGGCAATAC,0
AGTGTGCCATAGATGC,0
AGTGTGGTAGCCCTGG,0
AGTGTGTAAAAGTATA,0
AGTGTGTCACATTAGC,0
AGTGTTAAAACCTTTA,0
AGTGTTAAACACCATG,0
AGTGTTAAACATCAAT,0
AGTGTTAAACCCCGGC,0
AGTGTTAAGAGCACCC,0
AGTGTTACCAATCAAA,0
AGTGTTCGATTCTATC,0
AGTGTTCGTTTCACTC,0
AGTGTTCTAAAACCTA,0
AGTGTTGAATATTGGG,0
AGTGTTGATATGTGAA,0
AGTGTTGTATAGCCCT,0
AGTGTTTACCTAGTAT,0
AGTGTTTTACGTGATA,0
AGTGTTTTCATAACAT,0
AGTTAAAATGTCTAAA,0
AGTTAAACGCCCGAAC,0
AGTTAAAGGGATGTAT,0
AGTTAAAGTACAGCTA,0
AGTTAAATAGAAAACA,0
AGTTAAATTCCCAGCT,0
AGTTAACAGAGGACTG,0
AGTTAACCTACGAGGT,0
AGTTAACGCATTTAAA,0
AGTTAACGCGATAACT,0
AGTTAACGTCTGGAAT,0
AGTTAACTTAGCGTAA,0
AGTTAAGACATTTCCT,0
AGTTAAGATCAAAAAC,0
AGTTAAGGAGGAACAT,0
AGTTAAGGTCAGGCAT,0
AGTTAAGTACAATGGT,0
AGTTAAGTTATTAGCT,0
AGTTAATCAACCATAA,0
AGTTAATCACACATGA,0
AGTTAATCTATCAGTC,0
AGTTAATCTTAAAAAG,0
AGTTACAACAGCACCC,0
AGTTACAAGTCTACAA,0
AGTTACAATAACTAAC,0
AGTTACACCATCACTT,0
AGTTACACGCGAGCCC,0
AGTTACAGAAGACGGT,0
AGTTACAGCGCGGACC,0
AGTTACATACGCATTA,0
AGTTACCAACAGAGTT,0
AGTTACCGTTAGCAGT,0
AGTTACCTAAATACTT,0
AGTTACGAAATGAAGT,0
AGTTACGACTTAAAGA,0
AGTTACGCTAGGCCCA,0
AGTTACTAATCCGTAG,0
AGTTACTGAGACCGAG,0
AGTTACTGATTAGTAG,0
AGTTACTTAGACGTAT,0
AGTTAGAATAAGACAA,0
AGTTAGAGAACAACAA,0
AGTTAGCAGTGCTTTT,0
AGTTAGCCATAAGCCA,0
AGTTAGCCGAATAATG,0
AGTTAGCGATTACTGT,0
AGTTAGGAAAAGTTTT,0
AGTTAGGACCAAATTA,0
AGTTAGGCAACATTTA,0
AGTTAGTACAGGAAAC,0
AGTTAGTCAATTTTAT,0
AGTTAGTCTGGAGAGT,0
AGTTATAACTTCAATA,0
AGTTATACATCCACTT,0
AGTTATACCGCTGCGG,0
AGTTATACTGCTTTCC,0
AGTTATAGAGGGCACC,0
AGTTATAGCCAAACGA,0
AGTTATAGCTTCTGAC,0
AGTTATAGGTATCAAA,0
AGTTATATAATATTTT,0
AGTTATATCTAGTGGA,0
AGTTATATGACAGCGG,0
AGTTATATGACCGCAT,0
AGTTATCAATCTTTAA,0
AGTTATCCAAGAATAT,0
AGTTATCGAATTTCAG,0
AGTTATGACTTCTCAC,0
AGTTATTAAAAAGTGG,0
AGTTATTAAATACCCA,0
AGTTATTACACAAAAC,0
AGTTATTCAAAGAACA,0
AGTTATTCTATGCAAG,0
AGTTATTGTCTAAAGA,0
AGTTATTTAAACCAGT,0
AGTTATTTATACTTGA,0
AGTTCAAAATCAACCC,0
AGTTCAACACAGTTAT,0
AGTTCAACGCACCTTA,0
AGTTCAACTTTTATTT,0
AGTTCAAGCCGGATGA,0
AGTTCAATATAAAAAA,0
AGTTCAATTAATCTCA,0
AGTTCAATTACTGACA,0
AGTTCAATTTCCACAT,0
AGTTCAGCGCACCTAC,0
AGTTCAGTCTATAATT,0
AGTTCAGTGCTAAAAA,0
AGTTCATACTTGTTCA,0
AGTTCATATATGCACG,0
AGTTCATATCACAAAT,0
AGTTCATCAAAACGTA,0
AGTTCATCAGATTCCT,0
AGTTCATGTATATGAA,0
AGTTCATTACTGATTA,0
AGTTCCATACGGCAAT,0
AGTTCCCAAACCCACT,0
AGTTCCCCTACTGCGC,0
AGTTCCTAGGGTGAAG,0
AGTTCCTTAGCATACG,0
AGTTCCTTGTCGATAA,0
AGTTCGAAACATTTAA,0
AGTTCGATGGGTGAGC,0
AGTTCGCCACAATTAT,0
AGTTCGGTTAATTCAA,0
AGTTCGTAGAATTTCG,0
AGTTCGTCTAAGCAAG,0
AGTTCGTCTGTAATCA,0
AGTTCGTTTGATAAAA,0
AGTTCTACCAAATACG,0
AGTTCTACGCTAATAA,0
AGTTCTCACCTAAATA,0
AGTTCTCTATCAGAAT,0
AGTTCTGAGGGTAACT,0
AGTTCTTCACTTAGAA,0
AGTTCTTCCCTTGAGC,0
AGTTCTTTACAATTGA,0
AGTTCTTTATTAGGAG,0
AGTTCTTTGTAATCAA,0
AGTTGAAAATTAATTT,0
AGTTGAAAATTCCCCA,0
AGTTGAACAACGCAAA,0
AGTTGAATACATTCCA,0
AGTTGAATCCTGGAAA,0
AGTTGACATTGACCAA,0
AGTTGACCATTTGATC,0
AGTTGACCGCTGCCTC,0
AGTTGACTGCCGATGA,0
AGTTGACTTAGACTAC,0
AGTTGAGTTGCTCGAT,0
AGTTGATAGGGCGGTA,0
AGTTGATATCGTTCAA,0
AGTTGATCACACCTTT,0
AGTTGATTCTAGCTAC,0
AGTTGCAATCGTTTAT,0
AGTTGCAATTGTATTG,0
AGTTGCAATTTCGTTC,0
AGTTGCAGACACGACA,0
AGTTGCATTTACCTAA,0
AGTTGCATTTGCCTGG,0
AGTTGCGTCCACGGGC,0
AGTTGGACATTGGGAG,0
AGTTGGACTGACACTC,0
AGTTGGCACTAGACAA,0
AGTTGGCCCAATAATA,0
AGTTGGCCTTTATGCG,0
AGTTGGGAATAGGCCC,0
AGTTGGGCTACTAATA,0
AGTTGGTAACAATCGA,0
AGTTGGTGGAATCAAT,0
AGTTGTAACCTATCTT,0
AGTTGTAGCTGACAAA,0
AGTTGTATGAGAAAAC,0
AGTTGTATTCCTAGAA,0
AGTTGTCAAATCTTAC,0
AGTTGTCCACAATTTC,0
AGTTGTGAATCCCAAC,0
AGTTGTGTCCAATAAA,0
AGTTGTTACATACCAA,0
AGTTGTTGAACATATC,0
AGTTGTTTATTTTGAA,0
AGTTTAAAACCTGGCA,0
AGTTTAAAGTGTATGA,0
AGTTTAACAGATACAA,0
AGTTTAATAAGCGATG,0
AGTTTAATTTAAAAAT,0
AGTTTACCAACCTAAG,0
AGTTTACCATATGCTA,0
AGTTTACCCCTCACCA,0
AGTTTACTGCAGACGG,0
AGTTTAGCCCAACAGA,0
AGTTTATGGTCCACTT,0
AGTTTATTATTCATAA,0
AGTTTATTTATGAATT,0
AGTTTCAAAACCGAAA,0
AGTTTCCACCAGATTC,0
AGTTTCCCTAACGGGT,0
AGTTTCGATCATTTTT,0
AGTTTCGATGAGAGAG,0
AGTTTCGGCACCTAGA,0
AGTTTCGTCAAAACGA,0
AGTTTCTAAGAACAAA,0
AGTTTCTATACAAACG,0
AGTTTCTGTAGATTAA,0
AGTTTCTTGATAACAT,0
AGTTTGAGAGACGCTT,0
AGTTTGAGATATAATA,0
AGTTTGATCAAACAAG,0
AGTTTGCAATACATTC,0
AGTTTGCAGTTGACTG,0
AGTTTGCGCTAGACGA,0
AGTTTGGGTGAGCACA,0
AGTTTGTATCGAGGCT,0
AGTTTGTGATGATGAT,0
AGTTTTAAATATGCAA,0
AGTTTTAACCACCGAC,0
AGTTTTAACTCGGGAG,0
AGTTTTACGTTGAAAT,0
AGTTTTATATACCATC,0
AGTTTTATCGTCATCT,0
AGTTTTATTTCACATC,0
AGTTTTCACCGATCTC,0
AGTTTTCATTAGTTTA,0
AGTTTTCCCAGACATA,0
AGTTTTGCTTCAAGGA,0
AGTTTTTAACACTATA,0
AGTTTTTGGATGAAAA,0
ATAAAAAAACATCACA,0
ATAAAAAAAGACACCG,0
ATAAAAAAAGATATAG,0
ATAAAAAAAGCAGCCG,0
ATAAAAAAAGCTATGA,0
ATAAAAAAATCATCCT,0
ATAAAAAACCCTTGAG,0
ATAAAAAACTCCGGGG,0
ATAAAAAACTGTTATG,0
ATAAAAAAGATGGTAT,0
ATAAAAAATCAGATAA,0
ATAAAAAATCTATTCC,0
ATAAAAACAAGACACT,0
ATAAAAACAGGGGTCT,0
ATAAAAACGTACCAAC,0
ATAAAAACTATATATC,0
ATAAAAACTGCGCGAT,0
ATAAAAAGAAGCAGAG,0
ATAAAAAGACCTTACC,0
ATAAAAAGACGAGAAG,0
ATAAAAAGCGGCTTGA,0
ATAAAAATAGGAATCA,0
ATAAAAATGAAAAAGT,0
ATAAAAATTCCAACAA,0
ATAAAACAACTAAGAG,0
ATAAAACAACTACCCA,0
ATAAAACACACAAGAT,0
ATAAAACATTAATTGA,0
ATAAAACATTGCACCA,0
ATAAAACATTTTGATC,0
ATAAAACCCACCTGGT,0
ATAAAACCCCATTCTA,0
ATAAAACCGTAGAAAA,0
ATAAAACCTAGTATAC,0
ATAAAACCTTATAAGA,0
ATAAAACCTTTACCAA,0
ATAAAACGACACAAAC,0
ATAAAACGAGACGAAC,0
ATAAAACGGCTACTGT,0
ATAAAACGGTTATGCC,0
ATAAAACTCAAAAAGT,0
ATAAAACTCCGACACC,0
ATAAAACTGAGAGCTG,0
ATAAAACTGATTATAA,0
ATAAAACTTAATTAAA,0
ATAAAACTTGAAACTC,0
ATAAAAGAAAGAAAGT,0
ATAAAAGAGATCGCAA,0
ATAAAAGCAATACATT,0
ATAAAAGGCTGGGCCC,0
ATAAAAGTGTATAGAT,0
ATAAAAGTTAGGGTAT,0
ATAAAATAAAACCTAT,0
ATAAAATAACAGCAAG,0
ATAAAATAGAAAACAA,0
ATAAAATAGATATAAC,0
ATAAAATAGGAATTGA,0
ATAAAATCCCATTGCG,0
ATAAAATCTAACTAAA,0
ATAAAATCTTCCAGAT,0
ATAAAATGAGCCCAAC,0
ATAAAATGATCAAGAG,0
ATAAAATGCCTCGAGG,0
ATAAAATGCTAGTAAA,0
ATAAAATTAGTAAAAC,0
ATAAAATTATCTTATC,0
ATAAAATTATTAAGTT,0
ATAAACAAAAAACGGG,0
ATAAACAAATTTACGA,0
ATAAACAACAACACAT,0
ATAAACAACTAGCGAC,0
ATAAACAAGTAGTCCT,0
ATAAACAATGTCATAC,0
ATAAACACCCCAGAAT,0
ATAAACACGCGAAACA,0
ATAAACACTTAAGATT,0
ATAAACACTTTCAACG,0
ATAAACAGAAATAACC,0
ATAAACAGGGCTCAGG,0
ATAAACAGTAAGGCCT,0
ATAAACCAAATACGAT,0
ATAAACCAATTTAGAC,0
ATAAACCACAACACTA,0
ATAAACCAGTAACCAT,0
ATAAACCATGCGCAAC,0
ATAAACCATTATGTCA,0
ATAAACCCAAAATAGT,0
ATAAACCCAAACTTGA,0
ATAAACCCCCTTATAC,0
ATAAACCCCGGGTAAC,0
ATAAACCCGCCCTAGC,0
ATAAACCTGACAGAGG,0
ATAAACCTTGTTACAT,0
ATAAACGACATTTCTG,0
ATAAACGACTCAGTCA,0
ATAAACGATAAACGGT,0
ATAAACGGACGCCAAA,0
ATAAACTAACTTATCC,0
ATAAACTAAGTCTACT,0
ATAAACTAGGGCCCGA,0
ATAAACTCAGACTTGT,0
ATAAACTCCAAACGCG,0
ATAAACTCGACCCTCC,0
ATAAACTGACTCTCCT,0
ATAAACTGCCATTCTA,0
ATAAACTGCCGACCTC,0
ATAAACTGGCAAGTGT,0
ATAAACTTGTACCCTG,0
ATAAACTTTTCCAAAT,0
ATAAAGAAAAATAGAC,0
ATAAAGAAACAACTTA,0
ATAAAGAACCACGTAA,0
ATAAAGAAGATTGATG,0
ATAAAGAAGCAATCAA,0
ATAAAGAAGTCCTGAA,0
ATAAAGACACCGCAAA,0
ATAAAGACGTAGGCAA,0
ATAAAGAGCAGTACTT,0
ATAAAGATTAGAGTAC,0
ATAAAGATTCGGAGCC,0
ATAAAGCAGAATATAC,0
ATAAAGCCCATTTTTT,0
ATAAAGCCTCCCAAGT,0
ATAAAGCGATGCGCCT,0
ATAAAGCGTTAACATA,0
ATAAAGCTCGCTTGGT,0
ATAAAGCTTTAGCCTA,0
ATAAAGGAAAACTAGT,0
ATAAAGGAATGATTAT,0
ATAAAGGCAACTCGAT,0
ATAAAGGCTCAATGAG,0
ATAAAGGGGAAGCTTA,0
ATAAAGGGTACGACTA,0
ATAAAGGTACTTCTAC,0
ATAAAGTAAAACAGAA,0
ATAAAGTAAAACCATC,0
ATAAAGTAAATATCTT,0
ATAAAGTAAATGTTTA,0
ATAAAGTAACCTTTTG,0
ATAAAGTACCCTCACA,0
ATAAAGTACGCCGAGA,0
ATAAAGTGAACAATCT,0
ATAAAGTGAACCTCAG,0
ATAAAGTGACGATAAA,0
ATAAAGTGCATAGATG,0
ATAAAGTTAAGCAGAT,0
ATAAAGTTATAGTGTT,0
ATAAAGTTCGGGTATA,0
ATAAAGTTGCAGTATA,0
ATAAAGTTTGTCAAAA,0
ATAAAGTTTGTCCCTC,0
ATAAATAAGAGTTGAC,0
ATAAATAATTAACAAA,0
ATAAATAATTCAGCAA,0
ATAAATACACAGATTA,0
ATAAATACATACACAA,0
ATAAATAGAAGATCCT,0
ATAAATAGAGTGCACC,0
ATAAATAGTTCCCCCG,0
ATAAATAGTTGATTCT,0
ATAAATATCCTACCCC,0
ATAAATATTCTCTCAG,0
ATAAATCAATGAGGGA,0
ATAAATCAATGCCGAT,0
ATAAATCACTTATTAA,0
ATAAATCATAGACCGG,0
ATAAATCCAAATGGAC,0
ATAAATCTACGCTAAA,0
ATAAATCTATAACTAA,0
ATAAATCTGTGGGCCT,0
ATAAATCTTAGGATTA,0
ATAAATGAATACATGT,0
ATAAATGCAAAAAAAG,0
ATAAATGGACTTAACC,0
ATAAATGGCCCTCAGT,0
ATAAATGTCAGAAAAA,0
ATAAATGTTAAAATAA,0
ATAAATGTTCTTCAAT,0
ATAAATGTTGTAGCAA,0
ATAAATTACAACAACA,0
ATAAATTACCTTTATG,0
ATAAATTATTATACCT,0
ATAAATTCCGCGTCTT,0
ATAAATTCCGGATCAG,0
ATAAATTCCTCTATGA,0
ATAAATTGAATCATGT,0
ATAAATTGAGAAGATA,0
ATAAATTGAGGCTCAC,0
ATAAATTGTACCACAA,0
ATAAATTGTCTATGCA,0
ATAAATTGTTACCTTT,0
ATAAATTTACAGCATC,0
ATAAATTTTATACCAA,0
ATAACAAAATACGGCA,0
ATAACAAAATACTTGT,0
ATAACAAACGATTAAG,0
ATAACAAACTGTGCTA,0
ATAACAAAGAGAGGTG,0
ATAACAAATATAGGAA,0
ATAACAACAGAAAAAA,0
ATAACAACCGTAGAAA,0
ATAACAACTTTGAAGC,0
ATAACAAGGTAAACAA,0
ATAACAAGGTATCATC,0
ATAACAATAAAAGTTA,0
ATAACAATAAAATTGG,0
ATAACAATAGCAGTGT,0
ATAACACAACGACATG,0
ATAACACATTCAACTC,0
ATAACACGAAGGCTAT,0
ATAACACGATATCATC,0
ATAACACGATGTATAA,0
ATAACAGATATGTTGC,0
ATAACAGCTACAGAAA,0
ATAACAGCTAGAAAAA,0
ATAACAGGCCACTTAG,0
ATAACAGGGCTTTACA,0
ATAACAGTAAGAACTA,0
ATAACATACCGGAAAC,0
ATAACATATATCTAAC,0
ATAACATATGATATGT,0
ATAACATATGGCAGAT,0
ATAACATCAAACGTGT,0
ATAACATCGAGAAATG,0
ATAACATGATCCCCAT,0
ATAACATGCAACCGCA,0
ATAACATGCAATCAAC,0
ATAACATGGAAATAAA,0
ATAACATTCGTGTAAG,0
ATAACCAACATAAGAA,0
ATAACCAATGCAAAAA,0
ATAACCAATTGCTACT,0
ATAACCACAAACCAAA,0
ATAACCACAATATAAA,0
ATAACCACCGATGCGT,0
ATAACCACTACATAAT,0
ATAACCATAAAAAAAA,0
ATAACCATAACACCAT,0
ATAACCCACATAACAC,0
ATAACCCAGCACAGGT,0
ATAACCCATAAACCTA,0
ATAACCCATAGCTACA,0
ATAACCCATATTTATA,0
ATAACCCGTAATTAAA,0
ATAACCGGAATCGATA,0
ATAACCTAAGTCCAAT,0
ATAACCTACCCTATAG,0
ATAACCTATCAATCAG,0
ATAACCTCCTAAATCA,0
ATAACCTCGCTACTGC,0
ATAACCTCTAGGAACA,0
ATAACCTGAACGAATG,0
ATAACCTTACAAATGT,0
ATAACCTTATACCGGA,0
ATAACGAAAGTGACTG,0
ATAACGAACATTCACC,0
ATAACGAACATTGATG,0
ATAACGAAGTGTTTCA,0
ATAACGACCCCTAGAA,0
ATAACGATAGCGAAGT,0
ATAACGATCCCACAAC,0
ATAACGATTAAGCGTT,0
ATAACGCAGTCAGCAT,0
ATAACGCATGGTTCCA,0
ATAACGCCAACATCCT,0
ATAACGCCATTTACCG,0
ATAACGCCCAAGGTGT,0
ATAACGCCCTATTATC,0
ATAACGCCTCAAATAA,0
ATAACGTAGGGCCAAC,0
ATAACGTATAGTTGAG,0
ATAACTAAATACAGTT,0
ATAACTACAAAACTTA,0
ATAACTACAAAGCTAA,0
ATAACTACAATTAAAC,0
ATAACTAGACAGTAAC,0
ATAACTAGGATGTGCA,0
ATAACTATGACCAGAA,0
ATAACTATTACAAAAT,0
ATAACTCAAAAATGCA,0
ATAACTCAAATCTATC,0
ATAACTCACACCATTG,0
ATAACTCATAACTCCC,0
ATAACTCATTAATAAG,0
ATAACTCGAAATTCTA,0
ATAACTCTCATAGGCC,0
ATAACTCTGACGCAAT,0
ATAACTGCGACAACCA,0
ATAACTTAAACATACC,0
ATAACTTAACTAAAAG,0
ATAACTTAGAATAGAA,0
ATAACTTATATTGCAA,0
ATAAGAAAAAAATAAG,0
ATAAGAAACCGACATC,0
ATAAGAAACTGGCAGG,0
ATAAGAAATAAAATTT,0
ATAAGAACCATGTCCA,0
ATAAGAAGAGTGGCTT,0
ATAAGAAGAGTTATTT,0
ATAAGAAGTGCGGTGA,0
ATAAGAATAGCAATAA,0
ATAAGAATCTTACAAA,0
ATAAGAATGACTTACT,0
ATAAGAATGATAAGAA,0
ATAAGAATTCATATAC,0
ATAAGACAAGACCCTT,0
ATAAGACCTCTTTACA,0
ATAAGACTATGAAAGA,0
ATAAGACTCGGGAAGT,0
ATAAGACTTGAAAATG,0
ATAAGAGACAGTCACC,0
ATAAGAGAGCGTCAGA,0
ATAAGAGCTGGATTTA,0
ATAAGAGGACCCTTCT,0
ATAAGAGTACAATTAA,0
ATAAGAGTATAGCGGA,0
ATAAGATAAGCCCAAG,0
ATAAGATAATGGTTAT,0
ATAAGATCGCGCTCTG,0
ATAAGATGACACAATT,0
ATAAGATTACCACATA,0
ATAAGATTGACGTACG,0
ATAAGATTTAGGACTT,0
ATAAGCAAATATTGAG,0
ATAAGCAACGTGACTG,0
ATAAGCACACACAGCC,0
ATAAGCACATGAGGCT,0
ATAAGCACGTGTTGTG,0
ATAAGCATAAGAACTA,0
ATAAGCATATAGTTAG,0
ATAAGCATGATACGAT,0
ATAAGCCAAACTATGT,0
ATAAGCCCGTCACACG,0
ATAAGCCGGATTTTTA,0
ATAAGCCTGACTTACT,0
ATAAGCCTGTGAAGAC,0
ATAAGCGCATCTAGTT,0
ATAAGCGCGTGAAGAA,0
ATAAGCGTCTCCTGTA,0
ATAAGCGTTTCGGCCC,0
ATAAGCTACTACACTT,0
ATAAGCTATAATAAAC,0
ATAAGCTATGTGAGCT,0
ATAAGCTCCCTGGACC,0
ATAAGCTGCAGGTTAA,0
ATAAGGAAAGGATAGC,0
ATAAGGAAGACAAACA,0
ATAAGGAAGGCAAGCG,0
ATAAGGAAGTGTTATG,0
ATAAGGAGACTTTCAT,0
ATAAGGAGGATCTCGA,0
ATAAGGATGCCCATTA,0
ATAAGGCAAAAGTAAC,0
ATAAGGCAACTAAATG,0
ATAAGGCACACGCAAA,0
ATAAGGCACTCATTGC,0
ATAAGGCCCTAAATTA,0
ATAAGGGAATTCTTCA,0
ATAAGGGTCCATGTTT,0
ATAAGGTACAACAGAT,0
ATAAGGTATATACAAG,0
ATAAGGTGAATGTGTG,0
ATAAGGTTTACTGGGA,0
ATAAGTAAATAATACG,0
ATAAGTAATAACAGTA,0
ATAAGTACTGCAACAA,0
ATAAGTAGCCACATTG,0
ATAAGTAGGAAATCCA,0
ATAAGTAGTCCAAATT,0
ATAAGTATTACGTTGC,0
ATAAGTATTTCTGCCA,0
ATAAGTCAAAACCAGA,0
ATAAGTCAATATAGAC,0
ATAAGTCCCCGGGCAA,0
ATAAGTCCCTAAACAA,0
ATAAGTCGAGGGAATA,0
ATAAGTCGGCAAAAAA,0
ATAAGTCTGGTAAAGA,0
ATAAGTGAAAAAATGC,0
ATAAGTGCAGTTGTAC,0
ATAAGTGCTCAAAAGA,0
ATAAGTGCTTGTATTA,0
ATAAGTGTCAAAACAC,0
ATAAGTTATGTCTTTG,0
ATAAGTTGCAACACCC,0
ATAAGTTTAAGAGAGC,0
ATAAGTTTCTACGCTT,0
ATAATAAAAATATAAA,0
ATAATAAAACCGAAAA,0
ATAATAAACGTGATCG,0
ATAATAAAGATATGAG,0
ATAATAAATCCCCACG,0
ATAATAAATTCGAATA,0
ATAATAACAAAATCGC,0
ATAATAACACTTATAG,0
ATAATAACATGGTCCA,0
ATAATAACATTTCAGT,0
ATAATAACGCGGAAAT,0
ATAATAAGAAACTCAT,0
ATAATAAGAATAGTCC,0
ATAATAATATGAAGAT,0
ATAATACAGATAATTA,0
ATAATACGATCCCTTT,0
ATAATACGTCTGAAAT,0
ATAATACGTTCCGAAC,0
ATAATACTAATTGGTC,0
ATAATACTCTCTCACA,0
ATAATAGAAATCATTA,0
ATAATAGACGAATTGG,0
ATAATAGACTATAACA,0
ATAATAGATACCAAAA,0
ATAATAGCCTAATTTT,0
ATAATAGCTCGGCGTT,0
ATAATAGTACAAAATG,0
ATAATAGTAGTGCGAA,0
ATAATATAACCAAATT,0
ATAATATACCACATGC,0
ATAATATACTAATCCA,0
ATAATATATATAAACG,0
ATAATATATTACGTTT,0
ATAATATCAAACGATT,0
ATAATATCATGCACAA,0
ATAATATCCAAGAGCC,0
ATAATATCCGTTAAAA,0
ATAATATCCTATATGA,0
ATAATATTCTGATAAT,0
ATAATCAAACAAACCA,0
ATAATCAAATCGAAGG,0
ATAATCAAGGCTGCAG,0
ATAATCAATTTCACTT,0
ATAATCACATAATTAG,0
ATAATCACCCCTAATT,0
ATAATCAGATTTACAA,0
ATAATCAGGTTGTCAA,0
ATAATCATACAAAGCT,0
ATAATCATGGAAAACT,0
ATAATCATTACATCCA,0
ATAATCATTTGCTTAT,0
ATAATCCACACACCGA,0
ATAATCCACCAATTAC,0
ATAATCCACTCATCCT,0
ATAATCCAGCTAATAA,0
ATAATCCAGGGTATAT,0
ATAATCCATATAGGAG,0
ATAATCCGGTGAGTCG,0
ATAATCCGTAGAGAAG,0
ATAATCCTCAGGGTCT,0
ATAATCCTTACGTCTT,0
ATAATCGAAAGTAAAA,0
ATAATCGAAATTGAGG,0
ATAATCGAAGAAAAGT,0
ATAATCGCAATAATAA,0
ATAATCGCACCGAGGA,0
ATAATCGCCTAACAAC,0
ATAATCGGATACCAGT,0
ATAATCGTAACCATCA,0
ATAATCGTGACGTTTT,0
ATAATCTAACATAAAG,0
ATAATCTAAGAGGAAT,0
ATAATCTTGGATATAA,0
ATAATGAAAATTATTG,0
ATAATGAAACACCGAC,0
ATAATGAAACCCGTGT,0
ATAATGAATATATTGC,0
ATAATGACCGTCTCCC,0
ATAATGACGAAGCAGC,0
ATAATGACTGCGAGGA,0
ATAATGAGAACTAGGC,0
ATAATGAGCTGTTACA,0
ATAATGAGGACAGTGA,0
ATAATGATACCTAGAT,0
ATAATGCACCTTGTAA,0
ATAATGCACTTTGGCC,0
ATAATGCCAAATTTAT,0
ATAATGCCACGCTTTC,0
ATAATGCGCATTCTTG,0
ATAATGCTCACACACC,0
ATAATGCTGAACAAAT,0
ATAATGCTGCCCTTGG,0
ATAATGCTTTAGTAAA,0
ATAATGGAAAAAAACG,0
ATAATGGCTCAAATAC,0
ATAATGGCTTGACCTA,0
ATAATGTAAACATACT,0
ATAATGTAATCACCAA,0
ATAATGTACTCCAAGA,0
ATAATGTATATGCCCA,0
ATAATGTATATGGAGG,0
ATAATGTCCGCGGTAC,0
ATAATGTGAAGGAAGC,0
ATAATGTTAATCAAAT,0
ATAATGTTTTGGAAAA,0
ATAATTAAATAAGCAT,0
ATAATTAAATACGTGT,0
ATAATTAACATATGGG,0
ATAATTAACGCTAAAA,0
ATAATTAACTAGATGA,0
ATAATTAACTTCACCA,0
ATAATTAAGTACAACT,0
ATAATTACAAATACAG,0
ATAATTACAATTCTGT,0
ATAATTACAGACAAAC,0
ATAATTACTACAAATG,0
ATAATTAGATTCCCCA,0
ATAATTAGGACAATAC,0
ATAATTAGGGAACACC,0
ATAATTATAGTATAAT,0
ATAATTATGCTAAATA,0
ATAATTATTAACGAGT,0
ATAATTATTCTAGTGG,0
ATAATTCAAAGCAATT,0
ATAATTCACTCTGAAT,0
ATAATTCATAAAGCAG,0
ATAATTCCACCCAACT,0
ATAATTCTAAACGTAT,0
ATAATTCTTAATAGTA,0
ATAATTGAAGTGTTCC,0
ATAATTGCTAACTACA,0
ATAATTGTACAAGGTC,0
ATAATTGTATAGCTCA,0
ATAATTGTCAGTATTA,0
ATAATTTAAATACGTG,0
ATAATTTAACATTATT,0
ATAATTTAGACAAAGC,0
ATAATTTAGGAAACTC,0
ATAATTTCACAAAACT,0
ATAATTTCCAGGGAGG,0
ATAATTTCGACACCAT,0
ATAATTTGGGCACAAC,0
ATAATTTGTCTAGCCT,0
ATAATTTTGCGCAACG,0
ATAATTTTTCTAAACA,0
ATAATTTTTGAATACT,0
ATACAAAAAAACCTCC,0
ATACAAAAAATTCCTA,0
ATACAAAAACGGTCGA,0
ATACAAAACGGAAATT,0
ATACAAAAGAAGGAGA,0
ATACAAAATAACCCTG,0
ATACAAACATACCTAC,0
ATACAAACGAACTGAC,0
ATACAAACGCACAATA,0
ATACAAACGGGTTCCA,0
ATACAAACGTCTGTTT,0
ATACAAACTAGAAGAC,0
ATACAAAGATATAACA,0
ATACAAATACAATCTG,0
ATACAAATAGCTTGAA,0
ATACAAATCACTGCCT,0
ATACAAATGATCTGTC,0
ATACAAATTATCCCTA,0
ATACAAATTGAGCGGG,0
ATACAACAACATTATC,0
ATACAACATATACCCA,0
ATACAACATCATGTTT,0
ATACAACCAAAAACTG,0
ATACAACCAATATCTA,0
ATACAACCACATGCTT,0
ATACAACCTCCCATGT,0
ATACAACTCTAGTCAG,0
ATACAACTCTGTCAAA,0
ATACAAGAATATCGAA,0
ATACAAGAATTATAAC,0
ATACAAGATTAGAAAT,0
ATACAAGCAGAAAAAT,0
ATACAAGCCCGCTTGT,0
ATACAAGGTCAACGAA,0
ATACAAGTAATAAAAT,0
ATACAAGTGAAATCCC,0
ATACAAGTTGAAAGCC,0
ATACAAGTTTCCCATA,0
ATACAATAACTGCCTC,0
ATACAATACAAAACGA,0
ATACAATATCCCCATT,0
ATACAATATGAGATTT,0
ATACAATCCCTGACCC,0
ATACAATCTAACTTCA,0
ATACAATGACTACTTA,0
ATACAATGCAAGAGGC,0
ATACAATGGTCGATTG,0
ATACAATGTGAATCAG,0
ATACAATGTTAACCCA,0
ATACACAAAACGTGAC,0
ATACACAACAAAGAAC,0
ATACACAATAGGTTCA,0
ATACACACATATGAAT,0
ATACACACCCAACATA,0
ATACACAGACTCATCA,0
ATACACATACGGACAG,0
ATACACCAACGTAAAG,0
ATACACCATAACTAAA,0
ATACACCGACGTACGA,0
ATACACCTCAAGATAT,0
ATACACCTCGTAAGGT,0
ATACACCTTAGCCAAC,0
ATACACGTACGATAAA,0
ATACACTAAAGCTCGT,0
ATACACTAACAAAACC,0
ATACACTAATTATGTC,0
ATACACTACCGCCCCT,0
ATACACTATAATGCAT,0
ATACACTGAATGTGCA,0
ATACAGAAACATGTAT,0
ATACAGAAGTTAGAAT,0
ATACAGACATTCAAAA,0
ATACAGACGATAATAA,0
ATACAGAGACCCGAAA,0
ATACAGAGTCGTCCAA,0
ATACAGATCAGTACCA,0
ATACAGATGTTTAATG,0
ATACAGCAGCAATAAT,0
ATACAGCCGTGCACAT,0
ATACAGCGACAATGAA,0
ATACAGCGTCGAATTA,0
ATACAGGAAAATCTGT,0
ATACAGGAACTAAAAT,0
ATACAGGAGCGATAGA,0
ATACAGTAATATAGAA,0
ATACAGTATTATCCTA,0
ATACAGTCAATATGGA,0
ATACAGTCTTCCGACC,0
ATACAGTGCAGAGGCA,0
ATACAGTGTTTTGTTT,0
ATACATAAAAAGAAAA,0
ATACATAAACCACCGT,0
ATACATAAAGCTGTCT,0
ATACATAAATACATAT,0
ATACATAACATCGATA,0
ATACATAAGGTTACAA,0
ATACATAATGTCTTCC,0
ATACATAATTGGCCAT,0
ATACATACACCACGGT,0
ATACATACAGAGTAAA,0
ATACATACCAGACGAA,0
ATACATACTCCATAAT,0
ATACATAGTATATTAA,0
ATACATATAATTCTAC,0
ATACATATATAAACAA,0
ATACATATATTTTAAA,0
ATACATATCCTACGTC,0
ATACATATCGAAGAAA,0
ATACATATGACAAAAT,0
ATACATATTTTCAGTA,0
ATACATCAACGACATA,0
ATACATCAAGTAGCTA,0
ATACATCATACTATCT,0
ATACATCATGAACTAA,0
ATACATCCAGCACATT,0
ATACATCGCATATATT,0
ATACATCGCCAAATCA,0
ATACATCTCATATTGC,0
ATACATCTGGAATTCA,0
ATACATGAACAATCAA,0
ATACATGGACTACACT,0
ATACATGGGCTCAAAG,0
ATACATTACCAAACTA,0
ATACATTACTAACAAA,0
ATACATTCAAAACGGA,0
ATACATTGGTGAACAA,0
ATACATTTAAATGGCG,0
ATACATTTATATCTGG,0
ATACATTTCTAGGGAG,0
ATACATTTGGGCGGTA,0
ATACCAAAAGTCAGTG,0
ATACCAAAGAAACACC,0
ATACCAAAGGGGCGAC,0
ATACCAAGACTTGAAT,0
ATACCAATGAAGGGTA,0
ATACCAATTAAAAGAA,0
ATACCACAGCAGCGAT,0
ATACCACCCAACAATG,0
ATACCACTGAAACATG,0
ATACCACTTAAATTAA,0
ATACCAGGAATATAAC,0
ATACCAGGAGTTTAAC,0
ATACCAGGCAACGATA,0
ATACCAGTATGTACAA,0
ATACCAGTCCTCAATA,0
ATACCAGTGGCCATCA,0
ATACCATAACCTAGGA,0
ATACCATAGAATGACC,0
ATACCATCCGTCCCCA,0
ATACCATCCTCATAAG,0
ATACCATGCTATATAC,0
ATACCATGTGCCTTAT,0
ATACCATTAACAATAA,0
ATACCCAAGGCTTAAG,0
ATACCCACAAAGAGGA,0
ATACCCACCCTACTGA,0
ATACCCAGAGAAGCTT,0
ATACCCAGATAAACGC,0
ATACCCAGATCTAACC,0
ATACCCAGTCGTCTCA,0
ATACCCATTAATCAAC,0
ATACCCCAAACCAGCT,0
ATACCCCAATCCGCAT,0
ATACCCCATGAATAGG,0
ATACCCGACATACACT,0
ATACCCGATGCAGGGC,0
ATACCCGGGACACCTG,0
ATACCCGTCAACTGAC,0
ATACCCTAAAGAACTA,0
ATACCCTAAATTAACA,0
ATACCCTCCACTTCAA,0
ATACCCTGGATTGAAT,0
ATACCGAAAATCATTT,0
ATACCGACAATATAAT,0
ATACCGACTTACCTGG,0
ATACCGATAACATTAA,0
ATACCGATAATATTCA,0
ATACCGCCAATTTGCC,0
ATACCGCTGAAATTGT,0
ATACCGGATATTGATT,0
ATACCGGATTCGATAC,0
ATACCGGGCCACAATA,0
ATACCGTCTCGCGCTC,0
ATACCGTGGTTAAATT,0
ATACCGTTAAGTGTCT,0
ATACCTAAAAACCCAT,0
ATACCTAAACCCCCAG,0
ATACCTAAACTATGAA,0
ATACCTAAGTGTAACG,0
ATACCTAAGTTTCACT,0
ATACCTACCCACACCT,0
ATACCTACGATCTTCT,0
ATACCTACTAACTCAA,0
ATACCTATAAAACTAA,0
ATACCTATAAGAACCC,0
ATACCTATTCCATGAT,0
ATACCTATTGAGAGAT,0
ATACCTCAACACTATG,0
ATACCTCTCCGGCAAT,0
ATACCTGATTATGTTT,0
ATACCTGCCAAACATT,0
ATACCTGCTAAAAAAA,0
ATACCTGGAACTGTAA,0
ATACCTGTCTCACAGT,0
ATACCTTATAATCTAC,0
ATACCTTCAATGTTTA,0
ATACCTTCGCGAATCA,0
ATACCTTCTATAAAAC,0
ATACCTTGAAAATATC,0
ATACGAAAAACCCCGA,0
ATACGAAAGATGAAAA,0
ATACGAAATTATGAAT,0
ATACGAACTAATTTAC,0
ATACGAACTCGCATTC,0
ATACGAATATATAAGT,0
ATACGACTACCAAGGG,0
ATACGACTTGAACGTA,0
ATACGAGACATCACGC,0
ATACGAGAGTAACTGG,0
ATACGATACCCACTCA,0
ATACGATAGACAATAG,0
ATACGATCTCAAGATA,0
ATACGATGAGAAGCTG,0
ATACGATTAGGACACA,0
ATACGATTTATTTATT,0
ATACGCAAACTAAGCG,0
ATACGCACAACGCCTA,0
ATACGCACTTGAGTGT,0
ATACGCAGAAGCACCA,0
ATACGCAGACCACCCC,0
ATACGCATAAATACTT,0
ATACGCCACCTCTAAA,0
ATACGCCAGCATTAGA,0
ATACGCCCAAACCCCC,0
ATACGCCCCATACAAA,0
ATACGCCTCAACTAAA,0
ATACGCGAACAAGAAT,0
ATACGCGCGTACGGAT,0
ATACGCGGATATAAGC,0
ATACGCGGCAAGCCAC,0
ATACGCTAAAACTAGG,0
ATACGCTATGATTTAA,0
ATACGGAAAAAGAACA,0
ATACGGAAATTTTGCA,0
ATACGGAACTATCCAT,0
ATACGGAATCGGTGCA,0
ATACGGAATGTTTCAT,0
ATACGGATAACGTCAC,0
ATACGGCCCAAAATTC,0
ATACGGCCGAATGGGC,0
ATACGGCCGACAGAAA,0
ATACGGGTAGTGCACA,0
ATACGGTAGACAATAC,0
ATACGGTATCGGCATT,0
ATACGGTGTATTAGGC,0
ATACGGTTAATCTCCA,0
ATACGGTTCGTTACAA,0
ATACGTAACACTGGGA,0
ATACGTACCTTTAAAG,0
ATACGTATAAATAATC,0
ATACGTATATTGGTTT,0
ATACGTATCCACCGAT,0
ATACGTATGCATAAAC,0
ATACGTCTGAAATTGG,0
ATACGTCTGCCCACAC,0
ATACGTGCAAGTCCGA,0
ATACGTTAAGTGTTCC,0
ATACGTTGCTATTTAA,0
ATACTAAAACTTAAAA,0
ATACTAAAGCCCAGAT,0
ATACTAACCGAGCTAG,0
ATACTAACCGTGTAAA,0
ATACTAACTCCAAAAA,0
ATACTAATACAGCATT,0
ATACTAATGAACCTAG,0
ATACTAATTCTTAACG,0
ATACTACAAGACACAA,0
ATACTACAAGTTCGAG,0
ATACTACGGAAAATAG,0
ATACTACTAGAAAAAG,0
ATACTACTCAACAAAT,0
ATACTAGCAATAATAT,0
ATACTAGGATCATGCC,0
ATACTAGGGATACAAC,0
ATACTAGGTCTAAATC,0
ATACTATACCCCCGGG,0
ATACTATATACTCGCC,0
ATACTATCAAAAATAA,0
ATACTATCGTAACTTC,0
ATACTATCTAATTGAA,0
ATACTATGGAGCCGTC,0
ATACTATTATTTCAGT,0
ATACTATTCCGATTCT,0
ATACTATTCTAAACTG,0
ATACTATTTCATAATA,0
ATACTCAACAAATCTT,0
ATACTCAAGGTTATTA,0
ATACTCAGCTAGGCTG,0
ATACTCATAACGGCCG,0
ATACTCATCATAGTTA,0
ATACTCATCTTTGAGT,0
ATACTCCAAATATGTG,0
ATACTCCGATACCAGC,0
ATACTCGATGAAAGTT,0
ATACTCGCATGTTGAG,0
ATACTCGTCCTGACTC,0
ATACTCTAAAGATTGG,0
ATACTCTCCACTCTCC,0
ATACTCTCCATTCACA,0
ATACTCTCGATCACGT,0
ATACTCTGATATACAT,0
ATACTCTTGCCTGCAT,0
ATACTCTTTAGGTGAT,0
ATACTGAAATGCATAA,0
ATACTGACGCAACCAG,0
ATACTGATACCCAAAT,0
ATACTGATACTCAGCA,0
ATACTGCACAGGAAAT,0
ATACTGCGGATGGGTT,0
ATACTGGTACAAAGTC,0
ATACTGGTAGCACATC,0
ATACTGTAATAAACAG,0
ATACTGTGAGCGCACT,0
ATACTGTTGACAGAAA,0
ATACTTAAATGTTCTA,0
ATACTTAACCCCATAT,0
ATACTTAACTAACTCA,0
ATACTTAATAGGAAAC,0
ATACTTAATATAGCAA,0
ATACTTACACCTAGCA,0
ATACTTACTTACGACC,0
ATACTTAGAACATAAG,0
ATACTTAGCCACTTAG,0
ATACTTAGTGAGAATG,0
ATACTTATAGACCCGG,0
ATACTTATTTGACTAG,0
ATACTTCACATCAAAA,0
ATACTTCACGCCCTAT,0
ATACTTCATCACTCAA,0
ATACTTCCATAGCCCA,0
ATACTTCTTTCCCTCA,0
ATACTTGGTTCATAGG,0
ATACTTGTAAAAGGCA,0
ATACTTTAATATCCCA,0
ATACTTTGAACTTCCA,0
ATACTTTGATAATATT,0
ATAGAAAAAAAGTATT,0
ATAGAAAACCAACAGA,0
ATAGAAAATAAGATAG,0
ATAGAAAATAATATCG,0
ATAGAAACCCACATTT,0
ATAGAAACCTAATGCT,0
ATAGAAACGTTAGAAG,0
ATAGAAACTAATAACC,0
ATAGAAAGAGACTCTA,0
ATAGAAAGGAACACGA,0
ATAGAAAGGACGTGAC,0
ATAGAAAGGGGTCAAC,0
ATAGAAATGAGAACAC,0
ATAGAACAACCGGTTC,0
ATAGAACATGCTCCAC,0
ATAGAACATGTGCAAA,0
ATAGAACATTACAAAG,0
ATAGAACCCCGATCCT,0
ATAGAACCTAAACGTG,0
ATAGAACCTTGACAGA,0
ATAGAACGCAGGCCTG,0
ATAGAACGTAAATCAA,0
ATAGAACTACGGTACA,0
ATAGAACTGTTACGTA,0
ATAGAACTTCATAATG,0
ATAGAAGCAAAGAACT,0
ATAGAAGCTCAGAGAC,0
ATAGAAGGCCCAAGCC,0
ATAGAAGTACGAGAAA,0
ATAGAATAAGCGAAGC,0
ATAGAATACCCCAATG,0
ATAGAATAGATTCGCT,0
ATAGAATAGTTTACTA,0
ATAGAATATCTCAGCA,0
ATAGAATATGCAAACG,0
ATAGAATCACAGCAAT,0
ATAGAATCCTTAGAGA,0
ATAGAATGCAAGGGGT,0
ATAGAATGGAGCTGCA,0
ATAGAATGTCACTATG,0
ATAGACAAAACGTTCA,0
ATAGACAAATTTACAA,0
ATAGACAACAGATGAA,0
ATAGACAAGTAAACAG,0
ATAGACAAGTTGTCAG,0
ATAGACAGAAGAACCC,0
ATAGACATGCGCAATG,0
ATAGACCAAGACTCGA,0
ATAGACCACGGACGGG,0
ATAGACCAGATACCAG,0
ATAGACCATGCCCACT,0
ATAGACGAATAGATAT,0
ATAGACGTATACAATT,0
ATAGACGTTAAACCAA,0
ATAGACTACACACATT,0
ATAGACTATTCACGTT,0
ATAGACTCTATTCTCC,0
ATAGACTTAGCACGCG,0
ATAGACTTCTTGCCTG,0
ATAGACTTCTTGTCTG,0
ATAGACTTTCTAAAAT,0
ATAGAGAAGTCTGATC,0
ATAGAGACCCTCATGG,0
ATAGAGATTTCGCAAG,0
ATAGAGCAAATCTACA,0
ATAGAGCCATCTTTTA,0
ATAGAGCCTATCAACA,0
ATAGAGGAAATAACCT,0
ATAGAGGAAGGATAAC,0
ATAGAGGACCAAGGAT,0
ATAGAGGCAGTAATTG,0
ATAGAGGTATGTGGCC,0
ATAGAGTAAGCCTAAA,0
ATAGAGTAATATAGTC,0
ATAGAGTGACATATAT,0
ATAGAGTGCGCAAACC,0
ATAGAGTTTAGAAACG,0
ATAGAGTTTTATACAA,0
ATAGATAAGAAAATCG,0
ATAGATAATTACTATT,0
ATAGATACGCCGCTAA,0
ATAGATAGTTCGTGAA,0
ATAGATATTTTAGATA,0
ATAGATCACTATTAGG,0
ATAGATCCAAGAGGAA,0
ATAGATCTAATTTACA,0
ATAGATCTCGCCACTT,0
ATAGATCTGAGCCAGT,0
ATAGATCTTCTCCGAA,0
ATAGATGAAAGTCTGA,0
ATAGATGACGATAGTT,0
ATAGATGATTAAGTCG,0
ATAGATGCCAATATCA,0
ATAGATGTGTCTATTG,0
ATAGATTCTCCGGAAT,0
ATAGATTTGCAAGAAA,0
ATAGCAAAAAGGATAG,0
ATAGCAAAAATACCCC,0
ATAGCAAAACTCACCA,0
ATAGCAACAACCATGC,0
ATAGCAAGATAACTAA,0
ATAGCAATAATCCATG,0
ATAGCAATCAAGCAAC,0
ATAGCAATTGGAAATC,0
ATAGCACAAAAAACAT,0
ATAGCACAGCTCCCGC,0
ATAGCACCACGTGATT,0
ATAGCACCCTCAGTTT,0
ATAGCAGACTCAACAT,0
ATAGCAGATCACTACA,0
ATAGCAGCTTAAGAGT,0
ATAGCAGTAAATATAC,0
ATAGCATGGTCAGATG,0
ATAGCATTAATAAGTT,0
ATAGCATTAATTTCGC,0
ATAGCCAACCATATAA,0
ATAGCCAAGACGCAAG,0
ATAGCCAAGAGACCAA,0
ATAGCCCAATTCCTTC,0
ATAGCCCCTAAGGGTC,0
ATAGCCCGAGACTTAT,0
ATAGCCCGTATCCCAA,0
ATAGCCCTATCGGTAA,0
ATAGCCCTTCAACCAT,0
ATAGCCGAGATAATAA,0
ATAGCCGCAGACTACA,0
ATAGCCGTAACATGAT,0
ATAGCCGTAGATTCTA,0
ATAGCCTAAACAACTC,0
ATAGCCTAAGTCGTCC,0
ATAGCCTAATAACAAT,0
ATAGCCTTAAATAGCT,0
ATAGCCTTATAGCGAA,0
ATAGCCTTCACAGGCC,0
ATAGCGAAAGAGTGTA,0
ATAGCGACAGCCTTGT,0
ATAGCGAGTACATAAT,0
ATAGCGAGTCGTGCTT,0
ATAGCGATATCTATCG,0
ATAGCGATTAGAGTAA,0
ATAGCGCAGTATACTG,0
ATAGCGCATATCGAAT,0
ATAGCGGACATGACCA,0
ATAGCGGATCGTTATA,0
ATAGCGGGCGTACGAG,0
ATAGCGGTTTCTTTAG,0
ATAGCGTATGGTCTAA,0
ATAGCGTCTTTGAAAA,0
ATAGCGTTGTAAAATA,0
ATAGCTAATGAGACGC,0
ATAGCTAGATCTACCG,0
ATAGCTAGATCTATCT,0
ATAGCTATACCCTGCA,0
ATAGCTATAGATGATA,0
ATAGCTATCAATATTA,0
ATAGCTATCATATTAG,0
ATAGCTCAACAGAAAC,0
ATAGCTCATCCATTAC,0
ATAGCTCATCCCATAC,0
ATAGCTCGCGCCTACA,0
ATAGCTCGTAGTGTAC,0
ATAGCTGCGTATGCTT,0
ATAGCTGTACGCTACC,0
ATAGCTTACAAATAGC,0
ATAGCTTGATGCAAAG,0
ATAGGAAAAACAAAAT,0
ATAGGAAAACACGCGC,0
ATAGGAAAACCTAGGT,0
ATAGGAAAATAAACTA,0
ATAGGAAACAATCAGA,0
ATAGGAAATAAGTATA,0
ATAGGAACAACAAAAA,0
ATAGGAACCGAATGTT,0
ATAGGACCAAAATAGG,0
ATAGGACCATTCTATC,0
ATAGGACGAAATCATG,0
ATAGGACTAAGAAATC,0
ATAGGACTGTGAGTAA,0
ATAGGAGCATGCTAAT,0
ATAGGAGTTGTGTAGA,0
ATAGGATGAATATCAA,0
ATAGGATGACCGAAAG,0
ATAGGATGCTGGATAA,0
ATAGGATGGGCCTAAC,0
ATAGGATTAGGAGCAA,0
ATAGGATTTAAAGTTT,0
ATAGGCACAGTTGGAG,0
ATAGGCATGGTAAGAT,0
ATAGGCCTCCTAACAC,0
ATAGGCGTCACACGAG,0
ATAGGCTGAAAGAATA,0
ATAGGCTGAAGAATAT,0
ATAGGCTGACGTATCT,0
ATAGGCTGTACCGAAA,0
ATAGGCTTGCAATTAA,0
ATAGGGCAAAAGCGTG,0
ATAGGGCAACACTGCT,0
ATAGGGCACGATTTGG,0
ATAGGGGTTACACTAT,0
ATAGGGTGGACTTGAA,0
ATAGGGTTCGAACGAA,0
ATAGGGTTTTTCAATT,0
ATAGGTAAATCATATG,0
ATAGGTACAACCCAAT,0
ATAGGTACACAACAGG,0
ATAGGTACCCCAGGTC,0
ATAGGTAGCTAATTTG,0
ATAGGTATAAATGCAA,0
ATAGGTGACATAAAAT,0
ATAGGTGAGCCCAAAA,0
ATAGGTGCCTTTACAA,0
ATAGGTTAAATTTCTT,0
ATAGGTTAACCTGCAC,0
ATAGGTTCCCAGTGAA,0
ATAGTAAAAATGGCCA,0
ATAGTAAACAATTGAC,0
ATAGTAAAGAGCGATT,0
ATAGTAAAGCCCAATA,0
ATAGTAAAGTTTACCC,0
ATAGTAACCCGAATGC,0
ATAGTAACTATATAGG,0
ATAGTAAGGGAACCCT,0
ATAGTAATAATAACAT,0
ATAGTAATAATACTCA,0
ATAGTAATATGCAAGT,0
ATAGTAATTCGCGTGA,0
ATAGTACTCTTAGAAC,0
ATAGTAGATAACACAA,0
ATAGTAGCAGTGAGCC,0
ATAGTAGCTTGACTCA,0
ATAGTAGGTCTGTGTC,0
ATAGTAGGTGCGTCAC,0
ATAGTATAGTAAATAG,0
ATAGTATCTCAATAAC,0
ATAGTATGAACTCGCT,0
ATAGTATGGATCTTAT,0
ATAGTATTCTTATACT,0
ATAGTATTTAAGTGAA,0
ATAGTATTTCAGGAGA,0
ATAGTCAAACAACGCC,0
ATAGTCAATGTATGTA,0
ATAGTCAGATGCGAGT,0
ATAGTCCCTACCACAG,0
ATAGTCGAAGAAAACC,0
ATAGTCTGGTAATCCA,0
ATAGTCTGTTAGACCA,0
ATAGTGAAATTTATCA,0
ATAGTGAATCACTACA,0
ATAGTGATATACATAT,0
ATAGTGCCGACAGGTA,0
ATAGTGCCGGTACTCT,0
ATAGTGCCTAAGCTCG,0
ATAGTGCGTCAAAAGA,0
ATAGTGGTCGAATGCA,0
ATAGTGTAAAAACCTT,0
ATAGTGTACAATAAGG,0
ATAGTGTACGTTAGCA,0
ATAGTGTCCTTACGAT,0
ATAGTGTCGTGTTATA,0
ATAGTGTTAATCTAGC,0
ATAGTGTTTTTAAACA,0
ATAGTTACAGAAACAG,0
ATAGTTACGATAACAA,0
ATAGTTAGACAGTAAT,0
ATAGTTAGAGGAAATA,0
ATAGTTCAACGACGAA,0
ATAGTTCTAATGTTTG,0
ATAGTTGCCTTTCGAA,0
ATAGTTGTAAATATGA,0
ATAGTTTAAGTTTGCG,0
ATAGTTTCAGTTCGCA,0
ATAGTTTGAGCTATTG,0
ATAGTTTTATGTCCAT,0
ATATAAAAAAAACAAA,0
ATATAAAAAGAGGAAA,0
ATATAAAAAGGCTGTA,0
ATATAAAAATGTAAGC,0
ATATAAAAATTAACCT,0
ATATAAAAATTAACTA,0
ATATAAAACACCCTAA,0
ATATAAAACGAACCCT,0
ATATAAAAGACTATAG,0
ATATAAAAGTATAAAA,0
ATATAAAAGTCGTAAT,0
ATATAAAATTTAAATC,0
ATATAAACAATAACGT,0
ATATAAACAATTTTCC,0
ATATAAACCTGGACTA,0
ATATAAACGGAGAGCC,0
ATATAAAGAACTACGA,0
ATATAAAGGAACTTAC,0
ATATAAAGTGATAAAA,0
ATATAAATAATGACCT,0
ATATAAATGAGGAAAG,0
ATATAAATGTAAAATT,0
ATATAACAGAATAGAA,0
ATATAACAGTGTAAAG,0
ATATAACCGAAAACAA,0
ATATAACCGACTGTAA,0
ATATAACGGGAAACAC,0
ATATAACGTTCATAGT,0
ATATAACTGAGGGAAG,0
ATATAAGAAATAAAAC,0
ATATAAGAACTATTGA,0
ATATAAGATATATAGC,0
ATATAAGATCCAGGGT,0
ATATAAGGTCAAATGT,0
ATATAAGTCTTTGAAA,0
ATATAAGTGGACAGTA,0
ATATAATAGCTGTGCA,0
ATATAATATCATTTCA,0
ATATAATATGGCTTAG,0
ATATAATCATGTGTCA,0
ATATAATCGAACGAGT,0
ATATAATCTCAATAAC,0
ATATAATGGGAACAAT,0
ATATAATGTGTATCAC,0
ATATAATTAAACAACG,0
ATATAATTACGTTATA,0
ATATAATTTCCAATAG,0
ATATACAACAGATTAC,0
ATATACAACTATTGAA,0
ATATACAATAATAATA,0
ATATACAATCGGGTAG,0
ATATACAATCTCTCAT,0
ATATACAATTAAAATT,0
ATATACACACCAACGA,0
ATATACACTACTCACC,0
ATATACACTTCTTAAA,0
ATATACAGAAATACGG,0
ATATACATAAACTAAG,0
ATATACATATCATGAC,0
ATATACATATGGTAAA,0
ATATACCAAAGATAAC,0
ATATACCAAAGCTAAT,0
ATATACCATACAATAC,0
ATATACCCCAAACTAG,0
ATATACCTCAAGTAAA,0
ATATACCTCAATAATG,0
ATATACCTTTGATATA,0
ATATACGATATACGCT,0
ATATACGGTGTACGAA,0
ATATACGTAGTGAAAA,0
ATATACGTTTATCATT,0
ATATACTAAGAATCGA,0
ATATACTACTCACGTA,0
ATATACTCCCCTGATA,0
ATATACTCCCTACCCA,0
ATATACTGCACAATTC,0
ATATACTTATAAGCAA,0
ATATACTTTGCTTGAA,0
ATATAGAAAATTGCCG,0
ATATAGAAACGAACCC,0
ATATAGAAACTATTTA,0
ATATAGAAAGAAACGG,0
ATATAGAATCGAAATG,0
ATATAGACCGAAGTCT,0
ATATAGAGAAACTATG,0
ATATAGAGACCTATGA,0
ATATAGAGCACAGGCT,0
ATATAGATAAAATGCT,0
ATATAGATACCCTCAT,0
ATATAGATACGAGCTG,0
ATATAGATATAAAGAT,0
ATATAGATTGATAGCA,0
ATATAGCACACACTTA,0
ATATAGCAGACTGACA,0
ATATAGCCTCTCAACG,0
ATATAGCTCCCCAATC,0
ATATAGCTTTAAAGCA,0
ATATAGGTCTTTTAAC,0
ATATAGGTGAAAAGAT,0
ATATAGTAAAGATTGA,0
ATATAGTCCTCGACTT,0
ATATAGTGGGGACCAT,0
ATATAGTTCATACCTA,0
ATATATAAGCAGGAAT,0
ATATATAAGCGAAGAC,0
ATATATAATCTACTAT,0
ATATATACAAAAGTGA,0
ATATATACCCTTAGGG,0
ATATATACGGGGACCT,0
ATATATAGTGACACGT,0
ATATATATACCTTACA,0
ATATATATATCATATA,0
ATATATATTTAGCTCT,0
ATATATCAAACCCGGA,0
ATATATCAATGATAAC,0
ATATATCAGAACCTAC,0
ATATATCAGAAGTAAC,0
ATATATCCAGACAGGT,0
ATATATCCATCAATGC,0
ATATATCCCGTGACAG,0
ATATATGAGATGGCGA,0
ATATATGGATAGAGAA,0
ATATATGTAGACCGTT,0
ATATATGTCCGACAGT,0
ATATATGTTCAATACA,0
ATATATTAAAAATACA,0
ATATATTAATGGGGAG,0
ATATATTACTGTCCTA,0
ATATATTCCAGTCTGA,0
ATATATTCTAATAACA,0
ATATATTGAAGCTGAC,0
ATATATTGACCAAACT,0
ATATATTGCAATCCAT,0
ATATATTTCAAAGATA,0
ATATCAAAATACCACA,0
ATATCAAACCGTTTTA,0
ATATCAAAGACTTAAC,0
ATATCAAAGATTAGAA,0
ATATCAAAGTACTATA,0
ATATCAACCAGCCCCA,0
ATATCAACCCAGGTTA,0
ATATCAATAGAGTGTA,0
ATATCAATAGTCAACA,0
ATATCAATCTATGCCA,0
ATATCAATTCGGACGG,0
ATATCACAAAAGTGAT,0
ATATCACAAAGATTAG,0
ATATCACAACACGAAT,0
ATATCACAGGCATAGC,0
ATATCACCTGCTCCTT,0
ATATCACGAGACCCGG,0
ATATCACGCACAAAGA,0
ATATCACTCGCATAAC,0
ATATCAGAAAAGTTCA,0
ATATCAGAAACATTTA,0
ATATCAGAAAGTAGCA,0
ATATCAGAGAAGGGTA,0
ATATCAGGCCTAAAGT,0
ATATCATAAGATTTTT,0
ATATCATAATGACGCA,0
ATATCATACCTCTTTC,0
ATATCATATTTAAATG,0
ATATCATCATTTATCG,0
ATATCATGACACCACC,0
ATATCATGCTTAGTTC,0
ATATCATTACGAAGGC,0
ATATCATTTAAATAAA,0
ATATCCAACATATATG,0
ATATCCAACTTTATAC,0
ATATCCAAGATCTCCC,0
ATATCCACACGTTATT,0
ATATCCACATAGGTCT,0
ATATCCCAGCAATTTA,0
ATATCCCATAAGACTA,0
ATATCCCATACTGAGT,0
ATATCCCATTGTCACT,0
ATATCCCCACTTTTAC,0
ATATCCGAAAGCCTGC,0
ATATCCGATATCATGA,0
ATATCCGCAAGGTCTG,0
ATATCCGCTGTCAGTA,0
ATATCCGGAAACTGTC,0
ATATCCGGAAGATCTA,0
ATATCCGTAAATAAAT,0
ATATCCTAATTACCAA,0
ATATCCTAGTTGCGAC,0
ATATCCTGAGGACACA,0
ATATCCTTGCGATTTA,0
ATATCCTTTAGCGGTA,0
ATATCGAAGAACAGCG,0
ATATCGAATGTTTAAC,0
ATATCGACATCCCCAT,0
ATATCGACGCTATTTA,0
ATATCGAGGCGAGAAG,0
ATATCGAGTTCTCCAC,0
ATATCGATAAAGATAA,0
ATATCGCATGAACAAG,0
ATATCGCCCCTTCCAT,0
ATATCGCTAAGATGAA,0
ATATCGCTGGGAACCA,0
ATATCGCTTTGCCTCC,0
ATATCGTACCATATAA,0
ATATCGTCAAATTAAA,0
ATATCGTCATCTTACT,0
ATATCGTGAGCAATAA,0
ATATCGTGGATCAAAT,0
ATATCTAAAATCAAGT,0
ATATCTAAACCTTTTG,0
ATATCTAAGCGAAAGA,0
ATATCTAAGGACACAT,0
ATATCTAATTACATTT,0
ATATCTACATACAAAC,0
ATATCTATAACAAAGA,0
ATATCTCAAACACATA,0
ATATCTCCATATCTTA,0
ATATCTGAACTCCGCC,0
ATATCTGCAAGGATAT,0
ATATCTGCACCACTAG,0
ATATCTGGAGTATACA,0
ATATCTGGGTCATTAC,0
ATATCTGTAGGTCTCT,0
ATATCTGTCCATACTC,0
ATATCTTCAACACTCG,0
ATATCTTCCGAAATAA,0
ATATCTTTAAATATAC,0
ATATCTTTAGTCAGGG,0
ATATGAAAAGATATAA,0
ATATGAAAGCACCCTA,0
ATATGAACAAAACATA,0
ATATGAACGCTACAAC,0
ATATGAACGTAAATAT,0
ATATGAACTTACCTGA,0
ATATGAAGGTCATTTA,0
ATATGAATAACTTAGA,0
ATATGAATCCGTAGAA,0
ATATGAATGAACACGT,0
ATATGAATTGCTGTAA,0
ATATGACCAGAGACAT,0
ATATGACCGATTAATA,0
ATATGACCTACTTATT,0
ATATGACTAAACTACC,0
ATATGAGCATTGGAAC,0
ATATGAGCCGTACATA,0
ATATGAGGAAATAATC,0
ATATGATAGAAGTGAT,0
ATATGATCTAACCAAA,0
ATATGATGATAATGGA,0
ATATGATTACGTTACA,0
ATATGATTCGATATTC,0
ATATGATTGCTATATC,0
ATATGCAAACAGGCAG,0
ATATGCAGCTATACAC,0
ATATGCATAAAAATCC,0
ATATGCATACTCTCCA,0
ATATGCCATTACACCT,0
ATATGCCATTTCCTTA,0
ATATGCCCACTTTCCC,0
ATATGCCCCGTTTAAC,0
ATATGCCCTATACGCC,0
ATATGCCCTGCATCGT,0
ATATGCCGCAAGGTAT,0
ATATGCCTAGGCCCAA,0
ATATGCGAAAATGAAA,0
ATATGCGAAACGCATA,0
ATATGCGAGAAGCTAC,0
ATATGCGAGATTCACT,0
ATATGCGTATAAACCG,0
ATATGCTCCAGACAGT,0
ATATGCTCGCTACGAC,0
ATATGCTTTAACCAAT,0
ATATGCTTTAGGACCA,0
ATATGGAAGGGCCCAA,0
ATATGGAATTAGTCGA,0
ATATGGAATTGATCCA,0
ATATGGACACCGTAAA,0
ATATGGAGAAAAAGCC,0
ATATGGAGACACGACA,0
ATATGGCATAAAACAA,0
ATATGGCGAACACGTA,0
ATATGGGATCGCTAGC,0
ATATGGGCATAACCCA,0
ATATGGTCGCCAGACC,0
ATATGGTGGACTTTTT,0
ATATGGTTCAGCCTAA,0
ATATGTACAGATAACT,0
ATATGTAGGCAGGAGA,0
ATATGTATAAAATGCA,0
ATATGTATCACATGTC,0
ATATGTCAAACGCCTA,0
ATATGTCATATATTGT,0
ATATGTCCAGTTATAA,0
ATATGTCTAACTCAAA,0
ATATGTGACTGTAAAT,0
ATATGTGGGCGCTTGA,0
ATATGTGTTGCCGAGA,0
ATATGTTAACTAAAGC,0
ATATGTTAAGAAAATT,0
ATATGTTAGGCTTAAA,0
ATATGTTTCAGTTTTG,0
ATATTAAAAATTAAAA,0
ATATTAAAATAATTGT,0
ATATTAAACTGAAATT,0
ATATTAAAGGCTTCTC,0
ATATTAACCCAGCCGG,0
ATATTAACGATCAAAA,0
ATATTAACTGCCCGCA,0
ATATTAATATCATTAC,0
ATATTAATCACCCAAA,0
ATATTAATTATTGACG,0
ATATTAATTTACAACG,0
ATATTACAACTGGAAG,0
ATATTACACGAAGACA,0
ATATTACAGTAACAAC,0
ATATTACATGGTTATT,0
ATATTACCATAGAATA,0
ATATTACCATTACTCA,0
ATATTACCCAGTATAA,0
ATATTACCTTTTTGAA,0
ATATTACTAACGGAAT,0
ATATTACTACAACGAC,0
ATATTACTACAATCCC,0
ATATTACTGATATGAG,0
ATATTAGAGAACAAGT,0
ATATTAGAGTCTGGAC,0
ATATTAGATGTCACTT,0
ATATTAGCGTGTCTTA,0
ATATTAGGTCAATTAA,0
ATATTATAAAACACGC,0
ATATTATACAGATCGT,0
ATATTATACTAATGTA,0
ATATTATAGATAACCG,0
ATATTATCCGCTGATA,0
ATATTATGACGAGATG,0
ATATTATTATAGTAAA,0
ATATTCAAATATTACC,0
ATATTCATACCAAAAC,0
ATATTCCAATAGGCGA,0
ATATTCCAATGAAGAA,0
ATATTCCCGGTCACTA,0
ATATTCCCTAACATTG,0
ATATTCCTACCGTAAT,0
ATATTCGAGCGAAAAG,0
ATATTCGCGAGAATCC,0
ATATTCGTTAAGCCAT,0
ATATTCTACCATTGGG,0
ATATTCTATCATCTTA,0
ATATTCTCAATAGACA,0
ATATTCTCCTATTAGG,0
ATATTCTGAGGGCGTA,0
ATATTCTTCAAATCTA,0
ATATTCTTCCTTATTG,0
ATATTGAAAAAACGCA,0
ATATTGAAGATGATCG,0
ATATTGAGGAGGCCAT,0
ATATTGATGTATTATT,0
ATATTGATGTTGCTTG,0
ATATTGCATAAGGACC,0
ATATTGCCAGTTTACG,0
ATATTGCCCTAGTTGA,0
ATATTGCCTGAGTTGA,0
ATATTGCGAACAAACA,0
ATATTGGAAATCATAA,0
ATATTGGACAAAACAC,0
ATATTGGGATACAAAA,0
ATATTGGGCTGCAAGA,0
ATATTGGTCAAGAGAG,0
ATATTGGTCGTGCTCC,0
ATATTGGTGATTCCAT,0
ATATTGTATGTATGCA,0
ATATTGTTGACTCATG,0
ATATTTAACTACTCTG,0
ATATTTAACTGATCAA,0
ATATTTAAGTTTGACA,0
ATATTTAATCCATACT,0
ATATTTACACCGCAAA,0
ATATTTACCAAATGGG,0
ATATTTAGAAAGAATC,0
ATATTTAGAATTGTGT,0
ATATTTAGAGAAGCGA,0
ATATTTAGCACCAAAT,0
ATATTTAGGGGATAAG,0
ATATTTATACACCGTC,0
ATATTTATATGCAGAC,0
ATATTTATCTCAATTG,0
ATATTTATGACTGGAA,0
ATATTTATGGTGTACC,0
ATATTTCAAAAGCACT,0
ATATTTCATTAAAAGG,0
ATATTTCCTGGAAGTT,0
ATATTTCCTTACTATC,0
ATATTTGTTCCTCGGA,0
ATATTTTACTGAGATC,0
ATATTTTATGTGCCAC,0
ATATTTTCACACAACT,0
ATATTTTCCATGCCCC,0
ATATTTTGAATAGTAT,0
ATATTTTGAGTAAACA,0
ATATTTTGCAAAAGCC,0
ATATTTTGGCAAAAAA,0
ATATTTTTCCCCCCAC,0
ATCAAAAAAAAACACT,0
ATCAAAAAAAGCATAT,0
ATCAAAAAAGATTATC,0
ATCAAAAAATGTCGAC,0
ATCAAAAAATGTCGGA,0
ATCAAAAACAGTCCCA,0
ATCAAAAACGAACGCT,0
ATCAAAAAGAGACTAA,0
ATCAAAAATAAGGTTA,0
ATCAAAAATATCACAA,0
ATCAAAAATTCAAAGC,0
ATCAAAACCTAAATAA,0
ATCAAAAGCTTAAAAT,0
ATCAAAATACACGTGA,0
ATCAAAATATGGGAAT,0
ATCAAAATCCTTCTGG,0
ATCAAAATTTAAGGAG,0
ATCAAACAACATGTAG,0
ATCAAACAATATGAAA,0
ATCAAACACTGAAAAA,0
ATCAAACATCGCAATA,0
ATCAAACCATCGACCT,0
ATCAAACCTAGTAGCC,0
ATCAAACGAGCGTTCC,0
ATCAAACTAAAAACGT,0
ATCAAACTCAGTTTTC,0
ATCAAAGACACACAAA,0
ATCAAAGATCAAACTT,0
ATCAAAGCAGTGGGGT,0
ATCAAAGGGAATCAAT,0
ATCAAAGGGACTCTAT,0
ATCAAAGTAATAACAT,0
ATCAAATAAAACGCAA,0
ATCAAATAACAGCACA,0
ATCAAATACACCTCAG,0
ATCAAATCCCGACCAG,0
ATCAAATGCGCTTAGA,0
ATCAAATTATACAATT,0
ATCAACAAATAGAGAA,0
ATCAACAAGCCGGCAC,0
ATCAACAAGTACCTTT,0
ATCAACAAGTACTTAT,0
ATCAACAATCGAAATA,0
ATCAACAATCTCATAG,0
ATCAACACAACTTAGA,0
ATCAACACATTTGCGA,0
ATCAACATATTACATT,0
ATCAACCATTATATCA,0
ATCAACCCAATAAGAA,0
ATCAACCGGTAGTGCG,0
ATCAACCTTTCTTAAA,0
ATCAACGCTAAAGGAT,0
ATCAACGTGTCAAGTC,0
ATCAACTAGAGCGGTA,0
ATCAACTATCTAAGTA,0
ATCAACTCCAAATTCA,0
ATCAACTTAAGTATCG,0
ATCAACTTTGAAATCA,0
ATCAAGAAAAGATAAG,0
ATCAAGAAAGACTCGA,0
ATCAAGAACCAATTTA,0
ATCAAGATGATTGGAT,0
ATCAAGATTCAACACC,0
ATCAAGATTGTAGTCC,0
ATCAAGATTTGGCAGC,0
ATCAAGATTTTCCAAT,0
ATCAAGCCGCAATTTT,0
ATCAAGGAATCTTAGG,0
ATCAAGGACCGGAATA,0
ATCAAGGACGGTAGAA,0
ATCAAGGCTAGATCGA,0
ATCAAGGTGCCTAGCA,0
ATCAAGTAATACAACA,0
ATCAAGTAATTAAACG,0
ATCAAGTCTCGATTGC,0
ATCAAGTTATTAAACA,0
ATCAAGTTTATCAATA,0
ATCAATAAACACCAGA,0
ATCAATAATGATACCT,0
ATCAATACAACTCAAG,0
ATCAATACAGGGAGGT,0
ATCAATACAGTATGCC,0
ATCAATACCCTACTCT,0
ATCAATAGCAACCCAG,0
ATCAATAGGTCGCGCG,0
ATCAATAGTAAGAGCC,0
ATCAATATATGAAATT,0
ATCAATCACCAGAGGA,0
ATCAATCAGGGTATAA,0
ATCAATCGAACAACGT,0
ATCAATCGAACCAGAT,0
ATCAATCTACATAATA,0
ATCAATCTATAACGTT,0
ATCAATGATCATCGCC,0
ATCAATTAAGACTACG,0
ATCAATTACAAAGTCT,0
ATCAATTCATTAATGC,0
ATCAATTCGAGCGCAT,0
ATCAATTGAACACACA,0
ATCAATTGCTCCGAAC,0
ATCAATTTGAGCTCAA,0
ATCACAAAAGAGATAT,0
ATCACAAAATCACTCG,0
ATCACAAACAATTAAC,0
ATCACAAACTGGTGAA,0
ATCACAAAGACTACAT,0
ATCACAAAGAGTAGGC,0
ATCACAAAGTAAAATT,0
ATCACAACAATTTTTT,0
ATCACAACACCCGCAC,0
ATCACAACATATTTAA,0
ATCACAACCCATCACG,0
ATCACAACTATTATAA,0
ATCACAACTCAAAATA,0
ATCACAAGAACATAGC,0
ATCACAATAACTTAAG,0
ATCACAATAATCACTA,0
ATCACAATCTAAGCAA,0
ATCACAATGGTCGTCT,0
ATCACAATTCCCCTCC,0
ATCACACACAATTCAC,0
ATCACACAGAATAGGG,0
ATCACACAGGCTAAAA,0
ATCACACGCATTACAC,0
ATCACACTAGCCAGAA,0
ATCACACTTGAATAAG,0
ATCACAGCAAAATGTC,0
ATCACAGCGACCGGCG,0
ATCACAGTAAGCAGTA,0
ATCACAGTTAAGTGCA,0
ATCACATATACCACCT,0
ATCACATCCAAGGAGC,0
ATCACATCTTTAATTA,0
ATCACATTACACGCTA,0
ATCACCAAAAATTCAC,0
ATCACCAGGTAAGAAA,0
ATCACCCTAATCAGTT,0
ATCACCCTAATTTAAG,0
ATCACCGATAAAGAGG,0
ATCACCGATCAATTTA,0
ATCACCGCACATACAA,0
ATCACCTAAACAGACA,0
ATCACCTAGGAATTAG,0
ATCACCTATGTTGACT,0
ATCACCTGGTAAAAAC,0
ATCACGAAACGCGTTT,0
ATCACGATATGCAAAC,0
ATCACGCAATGTACCC,0
ATCACGCATACGATAC,0
ATCACGCTAGAGTGGT,0
ATCACGGGCCTCTCTA,0
ATCACGGTCAGTGTAA,0
ATCACGGTGACGCCAA,0
ATCACGTAAGTGAAAT,0
ATCACGTAATGCTCGT,0
ATCACGTATTGAACAC,0
ATCACGTCAAGTTACC,0
ATCACGTTAAACGAGC,0
ATCACTAAAAGATGGT,0
ATCACTAATTTCGCCA,0
ATCACTATCCCTGAAT,0
ATCACTCAAATCAAAA,0
ATCACTGATTACGCAT,0
ATCACTGCAACCATTC,0
ATCACTTAAACGCCGG,0
ATCACTTGGTTCAATT,0
ATCACTTGTAGCAGCC,0
ATCAGAAAAGTGTCTT,0
ATCAGAAACACCTTCT,0
ATCAGAAACTATAAGA,0
ATCAGAAAGCAATGAG,0
ATCAGAACCAACAAGG,0
ATCAGAACCAGATCCT,0
ATCAGAAGTGAACTCA,0
ATCAGACACACCCAAC,0
ATCAGACCTAATTCCA,0
ATCAGACGGACTTCTT,0
ATCAGACTCCTATACT,0
ATCAGACTGTATTCCG,0
ATCAGAGTAGCGACGA,0
ATCAGATAAAAGCGGC,0
ATCAGATAGAGGGTTT,0
ATCAGATATAGAACCA,0
ATCAGATCCACAAACA,0
ATCAGATGTGGTCCTT,0
ATCAGATTACTCCTGG,0
ATCAGATTATAGATCC,0
ATCAGCAACAATACGT,0
ATCAGCACATATATTG,0
ATCAGCCAACGCGCCG,0
ATCAGCCGTAGCTCAG,0
ATCAGCCTGAAGTACC,0
ATCAGCGCACCACACT,0
ATCAGCGCCCAAGAGA,0
ATCAGCTAAAGGAGAA,0
ATCAGCTAGCATTGAT,0
ATCAGCTGAGCCAAAG,0
ATCAGCTGGAATAGCA,0
ATCAGCTTTCAATCAG,0
ATCAGGAAGCTGAAAA,0
ATCAGGAATAATTTAA,0
ATCAGGAATTCTAAGC,0
ATCAGGCACAAGAAAA,0
ATCAGGCTTTGAAATA,0
ATCAGGGCCTGCGATG,0
ATCAGGGTTTAGATGA,0
ATCAGGTCCGAGTTTT,0
ATCAGGTGACCCCCTA,0
ATCAGGTTCAAACAGT,0
ATCAGTAAGTTTCCGC,0
ATCAGTAATTCATAGT,0
ATCAGTACTTACCCGT,0
ATCAGTAGATAGTTCT,0
ATCAGTAGGTCAGGAG,0
ATCAGTAGTTAATAAT,0
ATCAGTATGCAAACCA,0
ATCAGTCAGGATACAT,0
ATCAGTCGACATAATT,0
ATCAGTGAAACGATGG,0
ATCAGTGACCATTGAA,0
ATCAGTGATATCAGGG,0
ATCAGTGTGTCAACAT,0
ATCAGTGTTTTAAAAA,0
ATCAGTTAGCTCGAAC,0
ATCATAAAAATAACAT,0
ATCATAAAAATCTAGG,0
ATCATAAACGCGAGTT,0
ATCATAAAGATATGGC,0
ATCATAAAGTGCCACC,0
ATCATAAATGGTCCGG,0
ATCATAACCGAAACCT,0
ATCATAACCTGGTCCC,0
ATCATAAGCATACTAA,0
ATCATAAGTAAAGCAC,0
ATCATAAGTCAAATGC,0
ATCATAATGGTATTTG,0
ATCATAATTCAAGCGT,0
ATCATAATTGTGTTAC,0
ATCATACAGCCAGAGT,0
ATCATACCTAAAAATG,0
ATCATACGAATCGTTA,0
ATCATACTCTATCCAT,0
ATCATACTTAATTCCT,0
ATCATAGCACGGATTG,0
ATCATAGCCCTAAGAT,0
ATCATAGTCCGGTCTT,0
ATCATATAATGCTGAA,0
ATCATATAGTCTATTA,0
ATCATATGCTCAGTAG,0
ATCATATGGGGCTTAT,0
ATCATATTACCTTAAC,0
ATCATATTCCTGTCTA,0
ATCATATTGCTAACCA,0
ATCATATTGTACCTGT,0
ATCATCAAAAAAGGTG,0
ATCATCAAGGAACAGC,0
ATCATCACACTCAGAC,0
ATCATCAGATACTCGT,0
ATCATCAGGTGCATAA,0
ATCATCAGTGAAAACA,0
ATCATCAGTGTCCGCT,0
ATCATCCCAACATAAT,0
ATCATCCGTGACATAC,0
ATCATCCTCTAGATTC,0
ATCATCCTTTGTACCG,0
ATCATCGCAATTTCCC,0
ATCATCGGTCCCACGT,0
ATCATCTGACTCGAAA,0
ATCATCTGGCCCATCT,0
ATCATCTTACTTAAAC,0
ATCATCTTCCAATCGA,0
ATCATGAACCAAACTA,0
ATCATGAATATAGTAT,0
ATCATGAGATGTGTAT,0
ATCATGAGTGCCCAGA,0
ATCATGATTCGTCACC,0
ATCATGCTTAGAAAAA,0
ATCATGGAATATATCA,0
ATCATGGCCTAATAAT,0
ATCATGGTATGCTCCA,0
ATCATGTAAAAATGTA,0
ATCATGTCCAGACAAT,0
ATCATGTGTCGTGGAC,0
ATCATTAAAATAATAT,0
ATCATTAACAAAACGA,0
ATCATTACTTTTAACA,0
ATCATTAGTTTAGGAA,0
ATCATTATTAGAATAG,0
ATCATTCCTAGATACT,0
ATCATTCTACAACCAA,0
ATCATTCTGAATACCC,0
ATCATTCTTTAGCAAC,0
ATCATTGAGTGTCACC,0
ATCATTGCCCACGCTT,0
ATCATTGTCAACCGAG,0
ATCATTGTCAGATAAA,0
ATCATTTACAAATGGA,0
ATCATTTACATACCTG,0
ATCATTTAGCGCTTAC,0
ATCATTTATAGGATTT,0
ATCATTTATGACAAAT,0
ATCATTTCAAAATCAA,0
ATCATTTGCCTTGAGA,0
ATCATTTTACCCACGC,0
ATCCAAAAAACATCCG,0
ATCCAAAAATGAGCTG,0
ATCCAAACCGTCTAAT,0
ATCCAAATACGCTGCC,0
ATCCAACAAGACCTTT,0
ATCCAACACCCGGAAT,0
ATCCAACATTTGAACC,0
ATCCAACCAGATATGG,0
ATCCAACCCCATAAGG,0
ATCCAACGAACTTGGT,0
ATCCAACGAAGCTGAC,0
ATCCAACGAATTACCC,0
ATCCAACTGACTTATA,0
ATCCAACTGCTAATCC,0
ATCCAACTTTTCTTGA,0
ATCCAAGCACAACAAA,0
ATCCAAGGGAGAAACA,0
ATCCAATAACACCATA,0
ATCCAATACAGAGCCA,0
ATCCAATATCACAACT,0
ATCCAATCGATTAAGC,0
ATCCAATGCAACGTGT,0
ATCCAATGTCAACCTG,0
ATCCAATTGCTCAGAT,0
ATCCACAAAACTGAGA,0
ATCCACAAATTCCCAC,0
ATCCACAAGATGTGAC,0
ATCCACAATAATGGGC,0
ATCCACACCTCACGAC,0
ATCCACACGCCATGTC,0
ATCCACACTCCCCACC,0
ATCCACAGACTCGCGA,0
ATCCACCAAATAGAAG,0
ATCCACCCGCAAGTTT,0
ATCCACCTAGAGATCG,0
ATCCACCTAGTACCGG,0
ATCCACGAACGCACAA,0
ATCCACGACTGTACCA,0
ATCCACGCAGTAACCA,0
ATCCACGTAACCTTCC,0
ATCCACTAAACCACAA,0
ATCCACTAAGTTGGGG,0
ATCCACTATCCGTGTC,0
ATCCACTCTATGAGAT,0
ATCCACTGATATAACG,0
ATCCACTTTGCATTAA,0
ATCCAGAATTAAGCCA,0
ATCCAGAGTGACAAAT,0
ATCCAGCACTTCAATT,0
ATCCAGCTAGCTGAAG,0
ATCCAGGGAGGGGCTA,0
ATCCAGGTTGCAATAG,0
ATCCAGTAAAAAAAAA,0
ATCCAGTATCAGCCCA,0
ATCCAGTCCATAGCTT,0
ATCCAGTCTCCGCGTA,0
ATCCATAAGTGAGAGT,0
ATCCATAAGTGCAGCA,0
ATCCATAATACATACG,0
ATCCATACAAGTGTGA,0
ATCCATACAGCTTTTA,0
ATCCATACATGAGACG,0
ATCCATACTGTGGAAC,0
ATCCATAGACAGAAAA,0
ATCCATATTCCTATCC,0
ATCCATCAAATTACTT,0
ATCCATCAACGTACAT,0
ATCCATCTTTACGTTA,0
ATCCATGACCAACAAA,0
ATCCATGCAGTCTCTC,0
ATCCATGCCTACTAGG,0
ATCCATGCGAACGAAA,0
ATCCATGTCCCCTGTA,0
ATCCATGTTTCCTAGT,0
ATCCATTACATGATAA,0
ATCCATTCCCCCAAGA,0
ATCCATTCGCTAATAT,0
ATCCATTTATTAACAC,0
ATCCCAAAAATAATAA,0
ATCCCAAATATATCGT,0
ATCCCAACATTTGCGA,0
ATCCCAAGCTTTAGAA,0
ATCCCAAGTCAGATTA,0
ATCCCACATAACCCTG,0
ATCCCAGCATAGATTC,0
ATCCCAGCCAAAGGGC,0
ATCCCAGGTCTGACAT,0
ATCCCAGTCTAGAGTG,0
ATCCCAGTTCACTCCT,0
ATCCCAGTTCAGACGA,0
ATCCCATAATGCAAAA,0
ATCCCATATGTATAAC,0
ATCCCATCCCCGCACT,0
ATCCCATCCTAGGGTC,0
ATCCCATGTACAAATT,0
ATCCCATTAACGAAGT,0
ATCCCATTAATTAAAC,0
ATCCCATTGAATATAG,0
ATCCCATTTCCGTAGG,0
ATCCCCAAGGAAGGCA,0
ATCCCCAGAAATACAA,0
ATCCCCAGAATGTAAA,0
ATCCCCAGATTCGATC,0
ATCCCCAGGAGGCTTT,0
ATCCCCAGTCGTAGGA,0
ATCCCCATGGCTGAAC,0
ATCCCCATTCACTTCG,0
ATCCCCCAATTCACCA,0
ATCCCCCACTTTGAAC,0
ATCCCCCGGAGCAAGT,0
ATCCCCGAAATTCAGG,0
ATCCCCTGTAATCCAC,0
ATCCCCTTTAAACCGA,0
ATCCCGAATTAAGGCA,0
ATCCCGATGACGGTGC,0
ATCCCGCCAGCAAACG,0
ATCCCGCGGATAGTTA,0
ATCCCGCGTAAACTTT,0
ATCCCGTGAAATTGTA,0
ATCCCTAAACCCTAAG,0
ATCCCTAAGAAATACC,0
ATCCCTAAGCGAAATT,0
ATCCCTACATACAACC,0
ATCCCTACCTAAACCT,0
ATCCCTAGTCAAACCA,0
ATCCCTATATTTACCA,0
ATCCCTCAACTGACAC,0
ATCCCTCCGAGCAAAA,0
ATCCCTCTTACCCACC,0
ATCCCTGACAACTTAG,0
ATCCCTGCCCCCTCGT,0
ATCCCTGCTCAATGTA,0
ATCCCTTAAAAAAGGA,0
ATCCCTTAATACTAAT,0
ATCCCTTATGACCAGA,0
ATCCGAAACTCCAGGG,0
ATCCGAACGAAGCATG,0
ATCCGAACGATCGCTA,0
ATCCGAATCAAAAAAG,0
ATCCGAATCTCGAACA,0
ATCCGACAACTAATTA,0
ATCCGAGATCCACAGA,0
ATCCGAGATGTAATTT,0
ATCCGAGCGAAGTAAA,0
ATCCGAGGCGTGAACG,0
ATCCGAGTGCTATCTC,0
ATCCGAGTTCAGTGCA,0
ATCCGAGTTTAAATAA,0
ATCCGATACAAATACA,0
ATCCGATCATTTATTT,0
ATCCGATCCTTGTTAT,0
ATCCGATTTATGAAAC,0
ATCCGCACGCATCATA,0
ATCCGCAGCAAGACTA,0
ATCCGCAGGTCTGCTC,0
ATCCGCAGTCGTAAGA,0
ATCCGCCCATCAAACG,0
ATCCGCCCTTTATACC,0
ATCCGCCGAACATAGT,0
ATCCGCCGAATAACAA,0
ATCCGCCTATAACTGC,0
ATCCGCGAGAGCACTA,0
ATCCGCGCCGTCCCAA,0
ATCCGCGTTTGAGTAT,0
ATCCGCTAAACTAAGT,0
ATCCGGAACCTTGATA,0
ATCCGGATACAGCTAT,0
ATCCGGCCCCAATAGC,0
ATCCGGCCTTTAATTG,0
ATCCGGGACTGCGTAA,0
ATCCGGTTCATAGTTT,0
ATCCGTAGGAGCAATT,0
ATCCGTATACCAATAT,0
ATCCGTATACTGAGCA,0
ATCCGTCAACATTCAT,0
ATCCGTCATTAGTTAT,0
ATCCGTGAGACACTAG,0
ATCCGTGATTGGCCCA,0
ATCCGTTTCAGTAATA,0
ATCCTAAAAAAACGCT,0
ATCCTAAACTAGAACG,0
ATCCTAAACTTAACCA,0
ATCCTAAAGTAAACCG,0
ATCCTAAATATTATAG,0
ATCCTAACGAGACGAT,0
ATCCTAAGGCATGAAG,0
ATCCTACCGAATTAAT,0
ATCCTACCTGGTGGAA,0
ATCCTACGACATTATC,0
ATCCTACTTAACACCA,0
ATCCTAGTTAATATCA,0
ATCCTATAATAAATCT,0
ATCCTATGATTGTAGT,0
ATCCTATTATCGGGGT,0
ATCCTCAAAGGAATAA,0
ATCCTCAGAAGACGGG,0
ATCCTCATTAATTCAT,0
ATCCTCCGACCATAAA,0
ATCCTCCTAAAGATGT,0
ATCCTCGCCTTTATGC,0
ATCCTCGCGCCGATAA,0
ATCCTCGCTAACCTAC,0
ATCCTCGGCGACCTGC,0
ATCCTCTGGAAACCCT,0
ATCCTGAAAAAGAGAT,0
ATCCTGAGCCTTGTGA,0
ATCCTGATGCCCTTAG,0
ATCCTGCAAATAATTG,0
ATCCTGCACAGCAGTC,0
ATCCTGCACATAAATA,0
ATCCTGCCATCTTAGA,0
ATCCTGGAATGAAACG,0
ATCCTGGCCACGAAAG,0
ATCCTGTAATCCTAGC,0
ATCCTGTAGACAAAGG,0
ATCCTGTATCAAATGC,0
ATCCTGTGAAAATCAT,0
ATCCTGTGTTCGTAAC,0
ATCCTTAAAATGCGTA,0
ATCCTTAACTAAGGAA,0
ATCCTTACATGGCGAA,0
ATCCTTAGTACCATAT,0
ATCCTTCATGCAGAGG,0
ATCCTTCGAAAGTATG,0
ATCCTTCTACACCGAA,0
ATCCTTTCCGGGAACC,0
ATCGAAAAATACAAAC,0
ATCGAAAACAAATACC,0
ATCGAAAACTCATCCG,0
ATCGAAAAGAAATCTT,0
ATCGAAACCTGCAAAT,0
ATCGAAACTATCACCA,0
ATCGAAACTGTAAGAC,0
ATCGAAAGGTGTCTAC,0
ATCGAAATGGAGTGTC,0
ATCGAACGTAACCGAG,0
ATCGAACTCACTTGGA,0
ATCGAACTGAGTTTCC,0
ATCGAAGAAGAAGTTT,0
ATCGAAGCATTGCGGT,0
ATCGAAGCGTAGGCTG,0
ATCGAAGTGGTGAGGA,0
ATCGAATCACAAAAAA,0
ATCGAATCATGTATGT,0
ATCGAATTAGCAGTTA,0
ATCGAATTAGGGAACA,0
ATCGACCAGTGCCACT,0
ATCGACCATTTTAAAC,0
ATCGACGCATTACAAT,0
ATCGACGGGACAGCGT,0
ATCGACGGGGCGCCCC,0
ATCGACTAATTATCCA,0
ATCGACTATAACCCCC,0
ATCGACTCCCCAGCCT,0
ATCGACTCGCCATCGT,0
ATCGAGACCAGCCTTG,0
ATCGAGACTACACAAA,0
ATCGAGATCCCAGAAC,0
ATCGAGCACCAAGCCA,0
ATCGAGCACTGTTTTT,0
ATCGAGCCACAATCAC,0
ATCGAGCGACATCCAC,0
ATCGAGCTAATCGGTA,0
ATCGAGCTGGATAAAC,0
ATCGAGGCAGGGCGAT,0
ATCGAGTACACATTTA,0
ATCGAGTATCGACCTA,0
ATCGAGTGACTGACCA,0
ATCGATAAACAACGCT,0
ATCGATAAGTACATAT,0
ATCGATAGCAGAGATG,0
ATCGATATACAAGAAC,0
ATCGATATCTCAGTAA,0
ATCGATCAAACAAAGA,0
ATCGATGAAAGTCCTA,0
ATCGATGATGATCCCG,0
ATCGATTTACAATCCG,0
ATCGATTTGTGGAAAG,0
ATCGCAAACTGGAAAA,0
ATCGCAAGTACTTTGC,0
ATCGCAATAAGAAATA,0
ATCGCAATGTAAGTCC,0
ATCGCACATAATTCTT,0
ATCGCACTACCAGGCT,0
ATCGCAGACGGAGGTG,0
ATCGCAGCGCATTAGT,0
ATCGCAGTATGCTGAA,0
ATCGCATAACTCGACA,0
ATCGCATAGTAACGTT,0
ATCGCATATCATTAAC,0
ATCGCATCTAGTCTTA,0
ATCGCATTAAAAAGGC,0
ATCGCATTATTCGCGA,0
ATCGCCACTTAAAACA,0
ATCGCCATACGGACAT,0
ATCGCCATTTCAGAGG,0
ATCGCCGCATGTGAGG,0
ATCGCCTAAGCACTGA,0
ATCGCCTACGGCAGTA,0
ATCGCCTCTAAGAACT,0
ATCGCCTTCAGTGTAA,0
ATCGCGATAATTGAGC,0
ATCGCGATTTCCTTAT,0
ATCGCGCTAATACGTA,0
ATCGCGCTATAAGGAA,0
ATCGCGGGACATCAAT,0
ATCGCGTCTAAAATTC,0
ATCGCGTTTTGTTTAC,0
ATCGCTAAGTACATAA,0
ATCGCTAATTAAACGC,0
ATCGCTACGACTCGCA,0
ATCGCTACGTCAAGAA,0
ATCGCTCCGTAAATAA,0
ATCGCTGAGGATTTTC,0
ATCGCTGCATGAAAAA,0
ATCGCTTGATAGGTTT,0
ATCGCTTTCAGCATAA,0
ATCGGAAACATCTGAA,0
ATCGGAAACTGCTGGC,0
ATCGGAAGAACAGCTA,0
ATCGGACAAAAAGGCG,0
ATCGGACCACACCTCC,0
ATCGGAGCAACATGGA,0
ATCGGATAGGCTCCTT,0
ATCGGATGTTACTTTA,0
ATCGGCAGACATCGAA,0
ATCGGCATACAAATGA,0
ATCGGCCGACTCTATT,0
ATCGGCCTGTTGTCAA,0
ATCGGGCCGAAACCCG,0
ATCGGGCGACCCAGGA,0
ATCGGGTACCTAAAGT,0
ATCGGGTACGCTTATC,0
ATCGGGTATAACAACT,0
ATCGGGTGGATATTTA,0
ATCGGTAAAAATACTC,0
ATCGGTCCCATGCCAT,0
ATCGGTGTTGGCCTCT,0
ATCGGTTAGTTTAAGT,0
ATCGGTTCCATCTTCA,0
ATCGGTTGTTTAGTGA,0
ATCGGTTTCCAGATAC,0
ATCGTAAAAACAGTAC,0
ATCGTAAAAATAGAAA,0
ATCGTAAAGTATTAAC,0
ATCGTAACATAGAAAA,0
ATCGTAAGATACGATT,0
ATCGTAAGTGCGCCCA,0
ATCGTACAAAGAGTAC,0
ATCGTAGAATATCCTA,0
ATCGTATAAACACCCC,0
ATCGTATAACAGCACT,0
ATCGTATCAGGATAAT,0
ATCGTATCCAGCAACC,0
ATCGTATCTACTCTAA,0
ATCGTATGCTACGATC,0
ATCGTATGTTAAAATT,0
ATCGTATTAAATGAAA,0
ATCGTATTAACAAGTA,0
ATCGTATTACACAGTT,0
ATCGTCAAAGTAAGTC,0
ATCGTCAATAGGCATG,0
ATCGTCAGGAGATACA,0
ATCGTCATAATGCCGC,0
ATCGTCATGAGCCAGA,0
ATCGTCCACTTGTTAC,0
ATCGTCGTTATCTAGA,0
ATCGTCTGGACTCATA,0
ATCGTGAAGATATATG,0
ATCGTGACAATAGTAT,0
ATCGTGCTAACCTGGC,0
ATCGTGGACTCATAAC,0
ATCGTGGGAAAAATAG,0
ATCGTGTGAACAGAAT,0
ATCGTTAACACCACAC,0
ATCGTTAATTGCCGCA,0
ATCGTTACAAGAATCC,0
ATCGTTATTACATGAA,0
ATCGTTCGAGCCCCGG,0
ATCGTTCGGTGGTGTT,0
ATCGTTCTTTGATAAA,0
ATCGTTGGGGTGTAGT,0
ATCGTTGTTTTGATGG,0
ATCGTTTAAGAAATTA,0
ATCGTTTAATGTTATA,0
ATCGTTTAGCAGATTA,0
ATCGTTTCAAATGCAC,0
ATCGTTTCTAGTAAAC,0
ATCGTTTTGTTAACGA,0
ATCTAAAAAGACAAAT,0
ATCTAAAAAGTCTGTG,0
ATCTAAAACATATCAA,0
ATCTAAAAGAACGGTC,0
ATCTAAAATTAAGAAT,0
ATCTAAACGCGACAGA,0
ATCTAAATCGCATTTA,0
ATCTAACAAATTATTA,0
ATCTAACAACAAAAGA,0
ATCTAACAGTACTGAA,0
ATCTAACATTTATTGA,0
ATCTAACTATTGCAAG,0
ATCTAACTCGAACAAT,0
ATCTAACTGTATGAAC,0
ATCTAAGAACGACGGA,0
ATCTAAGATTTCTAGC,0
ATCTAAGCTGATTACT,0
ATCTAAGGATAATATT,0
ATCTAAGGTCAGTCAA,0
ATCTAAGGTGATAGAC,0
ATCTAAGTGATCAACC,0
ATCTAAGTTGTTATAT,0
ATCTAATAAGGGCTGA,0
ATCTAATACATTGATA,0
ATCTAATATATCGCCC,0
ATCTAATCCAATGACA,0
ATCTAATCCATAAATT,0
ATCTAATGGCCTTAGT,0
ATCTAATGGGGTGGTG,0
ATCTAATTAAACCGAT,0
ATCTAATTAACATCTA,0
ATCTAATTAGCAACGA,0
ATCTAATTCAAAAAAA,0
ATCTAATTCACAAAAT,0
ATCTACAATACCGAAA,0
ATCTACACTTAATCAG,0
ATCTACATATCACAGC,0
ATCTACATCCCGTAAC,0
ATCTACCATAGAAAAA,0
ATCTACCGAGAATCAA,0
ATCTACCTGCTCGAAC,0
ATCTACGCCGCATGAA,0
ATCTACGCTAATTCAA,0
ATCTACGGTGCGCCAC,0
ATCTACTATTTTGGAC,0
ATCTACTCGGCCGGGT,0
ATCTACTCTGCAAAAT,0
ATCTACTCTTATCACA,0
ATCTACTTTCAGGTGA,0
ATCTAGAAAAATCAAA,0
ATCTAGAACTATTTAT,0
ATCTAGAATATCATTT,0
ATCTAGAGACACAAGG,0
ATCTAGATTAACTTCC,0
ATCTAGATTGAGCCTG,0
ATCTAGCACGCGTCCA,0
ATCTAGCAGGTTGGTG,0
ATCTAGCCATACAATG,0
ATCTAGCTCGAAGAAA,0
ATCTAGCTTTGCACTA,0
ATCTAGTGAGACATAC,0
ATCTAGTGCCGAAAAC,0
ATCTATAACCTACACA,0
ATCTATAAGCGTGCCA,0
ATCTATAATTGCCGAT,0
ATCTATAGAGATAGTA,0
ATCTATAGCAACATTT,0
ATCTATCAAAGGTCAC,0
ATCTATCAGGGAAGTT,0
ATCTATCATGATTACA,0
ATCTATCATGTAAGAA,0
ATCTATCCCAATTCAA,0
ATCTATCGGGCTCTAA,0
ATCTATCTATAATTAA,0
ATCTATCTTCTCCCGT,0
ATCTATGACAGCGGTA,0
ATCTATGACATAAAAC,0
ATCTCAAAACCACATT,0
ATCTCAAAACTCGAAC,0
ATCTCAAAAGTACTAA,0
ATCTCAAAATGCGATC,0
ATCTCAACCACGACAA,0
ATCTCAAGACTTTCTC,0
ATCTCACAATCGGAGG,0
ATCTCACAGGTATCAG,0
ATCTCACTTTCTACAT,0
ATCTCAGACAAAAATG,0
ATCTCAGTTAAGCTAT,0
ATCTCATATAACGACT,0
ATCTCATCAATTCTGC,0
ATCTCATTTCACATCA,0
ATCTCCAACTCAACTT,0
ATCTCCAAGACAATCT,0
ATCTCCATAGGCAAAT,0
ATCTCCATGGAAATTC,0
ATCTCCCAACATCTTG,0
ATCTCCGCAGTCCATG,0
ATCTCCGTTATGCCGG,0
ATCTCGACCACTGAAG,0
ATCTCGCAAAAGCGAT,0
ATCTCGGCCTCCAGTC,0
ATCTCGTACTAACTCT,0
ATCTCGTAGCCATGAT,0
ATCTCGTGTATCGAGA,0
ATCTCGTTCCAAGTGA,0
ATCTCGTTGAATATTT,0
ATCTCGTTGAGTCTAT,0
ATCTCGTTGTGAGACA,0
ATCTCTAAATGGACTT,0
ATCTCTAACAACCATT,0
ATCTCTACTCTAGATC,0
ATCTCTATAGAGTCCA,0
ATCTCTATATTGATAG,0
ATCTCTCATTACCCTA,0
ATCTCTCCTTTCACAA,0
ATCTCTCTCGAAAAAC,0
ATCTCTGAAATCCTAT,0
ATCTCTGCCTGTAATA,0
ATCTCTTACAACGTTT,0
ATCTCTTTACTACAGA,0
ATCTCTTTAGAAAAGG,0
ATCTCTTTAGATGAGA,0
ATCTCTTTTGAAAAGG,0
ATCTGAAAAAAACCTC,0
ATCTGAAAAACCCGAT,0
ATCTGAAAAGAAGTCC,0
ATCTGAAAATAGCAGA,0
ATCTGAAACTTGCACA,0
ATCTGAAAGGTAGCAC,0
ATCTGAACGAAAACTA,0
ATCTGAATGCTTTTAT,0
ATCTGAGACATCAGAA,0
ATCTGAGCCACTCAGC,0
ATCTGATAAAAGTAAC,0
ATCTGATCCCTGATGA,0
ATCTGATCCGTAACCT,0
ATCTGATTATACTGTC,0
ATCTGATTATGTTAGC,0
ATCTGATTTCTTTTTT,0
ATCTGCAAAAACGCTA,0
ATCTGCAAATAAGAGG,0
ATCTGCAACTAATGTC,0
ATCTGCACAAGATCTA,0
ATCTGCAGTACAAGCG,0
ATCTGCCCATATCCCT,0
ATCTGCCCGATCAAAT,0
ATCTGGAAAAAAATCA,0
ATCTGGAAACCAGTAA,0
ATCTGGAGCGTTTAAC,0
ATCTGGAGCTGAATTA,0
ATCTGGATAACGTCGG,0
ATCTGGATGAGGAGAT,0
ATCTGGATTATTAGAC,0
ATCTGGCAAAACATTG,0
ATCTGGCAGAAAAAAA,0
ATCTGGCCGCACATTA,0
ATCTGGGATTACCCCA,0
ATCTGGGCCAGCGCCA,0
ATCTGGTCATATACAT,0
ATCTGGTCTCACGAAT,0
ATCTGTAAATCAATCA,0
ATCTGTAACGAATTAC,0
ATCTGTATGCCATCTC,0
ATCTGTCAGCTTTAAA,0
ATCTGTCCTAATTAAC,0
ATCTGTTCTAACCGAT,0
ATCTGTTTAGAGCCTC,0
ATCTGTTTTACCAGAC,0
ATCTTAAAACGAACTC,0
ATCTTAAAGGCCACTC,0
ATCTTAAATGCTTAAG,0
ATCTTAACCTTGCTCA,0
ATCTTAATACAGATCC,0
ATCTTAATCAGTGACC,0
ATCTTACAACATTATA,0
ATCTTACAATGCAAAC,0
ATCTTACATGTGGGCA,0
ATCTTACCATCGCCGG,0
ATCTTACGAAGTGACT,0
ATCTTACGACTAATAT,0
ATCTTACTTAACTATC,0
ATCTTAGTAGGTACTA,0
ATCTTATAAAAGAAGA,0
ATCTTATATAATGTAA,0
ATCTTATTAGAGATCC,0
ATCTTATTATAACCTA,0
ATCTTATTGCAGATGC,0
ATCTTATTGTAAACAT,0
ATCTTCAAAACTCCTT,0
ATCTTCAATAAATAGA,0
ATCTTCAGTTACACAC,0
ATCTTCAGTTTAGTTC,0
ATCTTCATCTTAATTT,0
ATCTTCCAAAAGCCAA,0
ATCTTCCAGGACTGCG,0
ATCTTCCATTGGTGAA,0
ATCTTCCCATCTCGCA,0
ATCTTCCGTCAATAGG,0
ATCTTCTTATCAAGAA,0
ATCTTGAAATTTCGTT,0
ATCTTGACATCGAGTG,0
ATCTTGACATGGTAAT,0
ATCTTGATCCATATAC,0
ATCTTGGTACTGTGCG,0
ATCTTGTCGTTATTTT,0
ATCTTTAAAACAAATT,0
ATCTTTAATAATAAGT,0
ATCTTTAATTGTTATA,0
ATCTTTACATGCAAAG,0
ATCTTTAGAATGGCCT,0
ATCTTTAGATAGACGT,0
ATCTTTAGTGCGGGTA,0
ATCTTTATACCATGAC,0
ATCTTTCCCAAACAGC,0
ATCTTTCGCAAATGGC,0
ATCTTTGATCGTTGCG,0
ATCTTTTAAACAGTTC,0
ATCTTTTATAAGTAGA,0
ATCTTTTCTATACGTA,0
ATGAAAAACCAATAAT,0
ATGAAAAAGCGAGCGA,0
ATGAAAAATTTATAAA,0
ATGAAAACCGCTTTAA,0
ATGAAAACGTTAATGC,0
ATGAAAACTTTACTAG,0
ATGAAAAGATTGCCCA,0
ATGAAAAGGCTTATGA,0
ATGAAAATAATAACAC,0
ATGAAAATAGTGTATA,0
ATGAAAATATCTTTAG,0
ATGAAAATGAAGGGAC,0
ATGAAAATGGGGATGA,0
ATGAAAATTGGCCAAG,0
ATGAAACAAAATTGAA,0
ATGAAACAACTCCAGA,0
ATGAAACAACTGTAGC,0
ATGAAACATCCTGATG,0
ATGAAACATTACGATA,0
ATGAAACCCCGATAAC,0
ATGAAACCGGGAATGA,0
ATGAAACGACACTCAT,0
ATGAAACGGAGTTATC,0
ATGAAACGTAAGATGA,0
ATGAAAGACTATTGAA,0
ATGAAAGGTGCCTATG,0
ATGAAAGGTTTTAATA,0
ATGAAAGTAAACGACA,0
ATGAAAGTAGATAGAT,0
ATGAAAGTAGTAGTCG,0
ATGAAAGTGAGCGACA,0
ATGAAATAATACAAAA,0
ATGAAATAATATGCGA,0
ATGAAATATCTTGAAC,0
ATGAAATATTAAATTT,0
ATGAAATCCAACTCGT,0
ATGAAATCTTTAAGAT,0
ATGAAATGTATTCATA,0
ATGAAATTAAGACCAA,0
ATGAAATTCCTAATTA,0
ATGAACAAAAAATCAG,0
ATGAACAAATAATATC,0
ATGAACAATCCCAGAG,0
ATGAACACAGGTAACC,0
ATGAACACCCCATCTC,0
ATGAACACTCCATACA,0
ATGAACAGATAGCACA,0
ATGAACAGCCTGATAG,0
ATGAACATCCAAAGTA,0
ATGAACCAAAACTGTA,0
ATGAACCAACTGGATT,0
ATGAACCAAGAAGGCT,0
ATGAACCCATTTATAG,0
ATGAACCCCGCACAAA,0
ATGAACCCTTGCGCAT,0
ATGAACCGATCCTATC,0
ATGAACCTATCTGTCG,0
ATGAACCTCAATCAAG,0
ATGAACCTCGAGAATA,0
ATGAACCTTAGGACGC,0
ATGAACCTTCAGTGCG,0
ATGAACGTGGACGGCG,0
ATGAACTGTTGACTTA,0
ATGAACTTAGATCGTT,0
ATGAACTTCTACTCCG,0
ATGAACTTGATTTGGG,0
ATGAAGAAAATGTCCG,0
ATGAAGAACAAAAAGT,0
ATGAAGAACTACCGTA,0
ATGAAGAAGAGAGCAA,0
ATGAAGAATTAAGGTA,0
ATGAAGACAAAAAATC,0
ATGAAGACCATAAATG,0
ATGAAGACGAAATATA,0
ATGAAGATGCAAACAC,0
ATGAAGATTGAAAGTA,0
ATGAAGCATAAAGAGA,0
ATGAAGCCCTTGTTAA,0
ATGAAGCTAAATCTTA,0
ATGAAGCTCCGTACAA,0
ATGAAGCTGATAGGCA,0
ATGAAGGACATTGCTC,0
ATGAAGGCACAGACAA,0
ATGAAGGCTGCACCTA,0
ATGAAGGGCATGTGAG,0
ATGAAGGTAAAGACCC,0
ATGAAGTAAACGTCCA,0
ATGAAGTACCTAAAAA,0
ATGAAGTACTACCTTT,0
ATGAAGTATAATCCAA,0
ATGAAGTCTTTTAGAT,0
ATGAAGTTAGGATTGA,0
ATGAAGTTGGAAACGA,0
ATGAATAACAAATTTT,0
ATGAATAACACAGTAG,0
ATGAATACACATAAAG,0
ATGAATACGAACATAC,0
ATGAATACGTCATACC,0
ATGAATACTTCATTTT,0
ATGAATAGCCGGCCGC,0
ATGAATAGGACATTCC,0
ATGAATATATCGATGC,0
ATGAATATGATCCGAA,0
ATGAATATGTAACTTA,0
ATGAATCAACATAGTT,0
ATGAATCACCTCAAAC,0
ATGAATCACGTGACGG,0
ATGAATCAGAATCCTT,0
ATGAATCCAAACAGGA,0
ATGAATCCATATATAG,0
ATGAATCCCACGACAC,0
ATGAATCCCTCTCATA,0
ATGAATCGGAGAAACT,0
ATGAATCTCGCTATCC,0
ATGAATCTGTCAAAAC,0
ATGAATCTTTATTCCT,0
ATGAATGAGCATTTAA,0
ATGAATGTAAGCATGC,0
ATGAATTATACAACTA,0
ATGAATTATTTACGAT,0
ATGAATTTAAAATAAA,0
ATGAATTTACCTAAGA,0
ATGAATTTTAATTGAC,0
ATGACAAAGCTTAACT,0
ATGACAAAGGATGACA,0
ATGACAAATAATGGTG,0
ATGACAAATTAATCAA,0
ATGACAACAAAATTAA,0
ATGACAAGTAGCAGAT,0
ATGACAATGTTGAGAC,0
ATGACACCAATCATCA,0
ATGACACTACATCACG,0
ATGACACTGACCGGTC,0
ATGACACTTACTTAGA,0
ATGACAGAAATAGCTG,0
ATGACAGCCAATAGAG,0
ATGACAGGAGCCATTG,0
ATGACATAAACATGAA,0
ATGACATAGTTAATTA,0
ATGACATGCAGAGTTC,0
ATGACATTAAGAAAGT,0
ATGACATTTTTCACTC,0
ATGACCAACCACTTGC,0
ATGACCAAGGGATTAT,0
ATGACCAATTCATATT,0
ATGACCACAATTGCCC,0
ATGACCACAGAAATTG,0
ATGACCACAGACTATA,0
ATGACCACGAAGCATA,0
ATGACCATACCTATCC,0
ATGACCATTACCATGA,0
ATGACCCCAACAACAG,0
ATGACCCTCAAACAGG,0
ATGACCGAAGTAATGA,0
ATGACCGCCAACCCCC,0
ATGACCGCCACCAAAT,0
ATGACCGTATACAAAA,0
ATGACCTAAATCTCGC,0
ATGACCTGCACACCTA,0
ATGACGAAGCGCAAAA,0
ATGACGACCGAAGGTT,0
ATGACGACGATATTCA,0
ATGACGATAATGCAAG,0
ATGACGATTAATGGTC,0
ATGACGCATCCATGAC,0
ATGACGCCTTCCTCCG,0
ATGACGCGATAAGATA,0
ATGACGGACAAATAGA,0
ATGACGTCCAATAGAT,0
ATGACGTCTATAATAC,0
ATGACTAAAGAACAGA,0
ATGACTAACCTAAGTC,0
ATGACTACACTACTAA,0
ATGACTACTTATATAG,0
ATGACTAGTAACCCAT,0
ATGACTATTTACAAAT,0
ATGACTCTACCCCAAG,0
ATGACTCTCCACGAAT,0
ATGACTGGAACTCATT,0
ATGACTTAAATAGGGA,0
ATGACTTATTCTATTG,0
ATGACTTCACGGGGTT,0
ATGACTTTAAGACAAT,0
ATGACTTTATACAAAC,0
ATGAGAACCCTTACAC,0
ATGAGAAGCTGAGCGA,0
ATGAGAATAGAAAAGA,0
ATGAGAATTGGGCCCA,0
ATGAGACATCCATCAC,0
ATGAGACATTACAGTG,0
ATGAGACGAACACTGG,0
ATGAGACGAGAATTGG,0
ATGAGACGGTCTTGAA,0
ATGAGACGTACGTATC,0
ATGAGACTTTTTTATA,0
ATGAGAGAACTCACAT,0
ATGAGAGACCCAGGCG,0
ATGAGAGACGTATATC,0
ATGAGAGCGAGAGGTA,0
ATGAGAGCGGGGCTAG,0
ATGAGATACACAGGAG,0
ATGAGATGATATCACA,0
ATGAGCACAAGTATGC,0
ATGAGCACCGGGAGTC,0
ATGAGCAGTAAAGGCC,0
ATGAGCCCCGATGTAT,0
ATGAGCCCTTTTGGTT,0
ATGAGCGAGCATGTAT,0
ATGAGCTAACAGCAAG,0
ATGAGCTCCGTAAATC,0
ATGAGCTTAGCATAAC,0
ATGAGGAAGACAAAAA,0
ATGAGGACATCAGACA,0
ATGAGGACCTTCACCA,0
ATGAGGATGTTACATA,0
ATGAGGATTGAACCCT,0
ATGAGGCTTAAGACAT,0
ATGAGGGGCAGATACC,0
ATGAGGTCGATTAGTG,0
ATGAGTAACAATTCAA,0
ATGAGTAGATCTCTAT,0
ATGAGTATGTAAAAAC,0
ATGAGTCCAGCCTGAA,0
ATGAGTGAATGAGCAT,0
ATGAGTGTATGACTAT,0
ATGAGTTCAATGATTC,0
ATGAGTTGCTAAAAAA,0
ATGATAATAAGAATAA,0
ATGATAATAGGACGCT,0
ATGATAATTTATCCCG,0
ATGATACATCAAGTCC,0
ATGATACCACGGTCGC,0
ATGATACCCCCGTCAA,0
ATGATACCTACATAAA,0
ATGATACCTTCAGGGT,0
ATGATACGAAAGGTTA,0
ATGATACGTCAACATG,0
ATGATACGTGAATCAT,0
ATGATACGTGACAGTG,0
ATGATACGTTAAACGA,0
ATGATACTTCCCGTAA,0
ATGATAGATTTACATA,0
ATGATAGCGCAACTTG,0
ATGATAGTAGTCCTAT,0
ATGATATAGATAATAA,0
ATGATATATGTAATTC,0
ATGATATCATTCACTA,0
ATGATATGCTATTTAG,0
ATGATATGTTGTTATT,0
ATGATCAAAAACTTGG,0
ATGATCACACGACATA,0
ATGATCAGGTAAACGT,0
ATGATCATAAACGTCC,0
ATGATCATGGAATATC,0
ATGATCCAAGGCCAAA,0
ATGATCCACCAGCGCT,0
ATGATCCATACGGTTT,0
ATGATCCCCAGGTACT,0
ATGATCCCGAAATTGA,0
ATGATCCCTAACTATC,0
ATGATCCGCAGGTCTA,0
ATGATCCTAACTAATC,0
ATGATCCTCGCTAATC,0
ATGATCGATTGAGAAT,0
ATGATCGCAACTAAAT,0
ATGATCGCGAACCAAC,0
ATGATCGGACGAACAG,0
ATGATCGGCTCGATCT,0
ATGATCGTACTGAAAA,0
ATGATCTAACTCAATA,0
ATGATCTATACCAAAT,0
ATGATCTCACCCAGAT,0
ATGATCTCTGCCTACC,0
ATGATCTTACCAACGA,0
ATGATCTTCATCCAAA,0
ATGATGAACTAAAAAC,0
ATGATGAATGGGAACA,0
ATGATGATAAAAGACT,0
ATGATGATAATCATAA,0
ATGATGATATCCAAAG,0
ATGATGCAATTACTAA,0
ATGATGCACAGTAAAC,0
ATGATGCCGCAACTTT,0
ATGATGCGAAATCCTA,0
ATGATGCGAACCGGTT,0
ATGATGCTAATGCTAC,0
ATGATGCTATAGCGTC,0
ATGATGCTCTAAAGTC,0
ATGATGGATCCAAACA,0
ATGATGGTATATAAAA,0
ATGATGGTTCTAGAAA,0
ATGATTAACCGTTATG,0
ATGATTAACCTTGTAA,0
ATGATTAAGCTACCGT,0
ATGATTAGACCAATAA,0
ATGATTAGATAATATT,0
ATGATTATAAATATAA,0
ATGATTATAGAAGAAA,0
ATGATTATAGTAACGG,0
ATGATTCAAACTAGAT,0
ATGATTCCCCATCACT,0
ATGATTCCGACAAACG,0
ATGATTCTCGCCTGTG,0
ATGATTTCAAACCCTT,0
ATGATTTCGGAAGGTT,0
ATGATTTTCGGTATAT,0
ATGATTTTTAGTATAT,0
ATGCAAAAAACAGCTC,0
ATGCAAAAGATTTTAG,0
ATGCAAAATAGCAATC,0
ATGCAAACGACTAGAA,0
ATGCAAAGAACCCCAA,0
ATGCAAATAAAATAAC,0
ATGCAAATAAATGACG,0
ATGCAACCAAGAGCAC,0
ATGCAACCCCCCATAG,0
ATGCAACGATGTACAA,0
ATGCAACGCAAGTAAG,0
ATGCAACGTATTATCC,0
ATGCAACTATTCATAG,0
ATGCAAGCCATGCTTT,0
ATGCAAGCTACGAATG,0
ATGCAAGGGACATACA,0
ATGCAAGGTCAAAATA,0
ATGCAAGTGAACAACC,0
ATGCAATAGAAATTAC,0
ATGCAATAGTCAGCAA,0
ATGCAATCAAAACGCC,0
ATGCAATTATTCATAG,0
ATGCAATTCTGAACAA,0
ATGCAATTGAACAAGC,0
ATGCAATTGTTATAAC,0
ATGCACAACCTTAACA,0
ATGCACAACTGTTAAA,0
ATGCACAAGAATATTA,0
ATGCACAGATGGCACT,0
ATGCACCAATTCGATA,0
ATGCACGAGATCCAAA,0
ATGCACGCTATAGAAG,0
ATGCACGGACATGTGG,0
ATGCACTACTTTCCTC,0
ATGCACTAGCAATGCT,0
ATGCAGAATGGAATGT,0
ATGCAGGAGTAGCCAC,0
ATGCAGTACATACAAA,0
ATGCAGTGCAGTATAA,0
ATGCATAAACGACCTC,0
ATGCATAAATTTGCGA,0
ATGCATAACACCCAAG,0
ATGCATCGAACGACAC,0
ATGCATGAACCCACAA,0
ATGCATGCACCTACAG,0
ATGCATGCTCTAAGGA,0
ATGCATGGCTATTTTT,0
ATGCATGTACCAGAAG,0
ATGCATGTCTAATTTA,0
ATGCATTACATTAACC,0
ATGCATTCAGAATAAT,0
ATGCATTTGTGGTGAT,0
ATGCCAAAAATGAGTT,0
ATGCCAAAGAACTGGA,0
ATGCCAACGTACATTT,0
ATGCCACCCATGGCTT,0
ATGCCACCTTCAGACG,0
ATGCCACGCAAGAATG,0
ATGCCATAAATATGAG,0
ATGCCATCCAAGTGAG,0
ATGCCATCCCGGAATT,0
ATGCCATGAAAAATTG,0
ATGCCATTGTCTCATG,0
ATGCCCACTACCCAGT,0
ATGCCCAGAGTCTTGA,0
ATGCCCAGTCTAACGT,0
ATGCCCATTGCAATAA,0
ATGCCCCAGATTATAT,0
ATGCCCCTGTGCTAAA,0
ATGCCCGACAAGTCGG,0
ATGCCCGTTCCCAAAC,0
ATGCCCTAATGTTGTT,0
ATGCCGACTAATCGGA,0
ATGCCGAGCTACTGTT,0
ATGCCGGAAATTAAAA,0
ATGCCGGTAACAACAG,0
ATGCCGGTCTGCACTC,0
ATGCCTAAAAAAAAAA,0
ATGCCTAAACTAAAAG,0
ATGCCTACCATTGTAC,0
ATGCCTCCAATTCAAT,0
ATGCCTCTAGACGATA,0
ATGCCTTATGGATGAC,0
ATGCCTTCCAAAGTAA,0
ATGCCTTTAATGTTAC,0
ATGCCTTTTGCATATA,0
ATGCGAAAAAGGCTGG,0
ATGCGAAAAGCCTTCC,0
ATGCGAACAAGTTATG,0
ATGCGAAGTTAGTCAC,0
ATGCGACAACACATAT,0
ATGCGACACTCATCCC,0
ATGCGACCACGATGAC,0
ATGCGACCGAATAAAC,0
ATGCGACCGCAAAACA,0
ATGCGACCTAACAATT,0
ATGCGAGAACTCCAGA,0
ATGCGAGACACCCGTG,0
ATGCGAGACTATCAAT,0
ATGCGAGCACCTAAGA,0
ATGCGAGCGTGAGATT,0
ATGCGATATTAATGAT,0
ATGCGATCGCAAATCT,0
ATGCGCAAAGCAACAA,0
ATGCGCAAAGGCAACT,0
ATGCGCAAGTTAACTA,0
ATGCGCACCTGGAGTA,0
ATGCGCAGCTTTATTA,0
ATGCGCATACAGGGGA,0
ATGCGCCTTATGGAAT,0
ATGCGCGTAATACACA,0
ATGCGCTAAATGACAG,0
ATGCGCTCACCTTACC,0
ATGCGCTGTAGCGCCA,0
ATGCGGGGAGGAAAAC,0
ATGCGGTGTAACTATG,0
ATGCGGTGTCTGCCTC,0
ATGCGTACAAATATCG,0
ATGCGTCCATTTCAGC,0
ATGCGTTCCGACAACA,0
ATGCGTTTGAGAACCG,0
ATGCTAAAAAACCAAA,0
ATGCTAAAAATAGCCA,0
ATGCTAAACTGTGCGT,0
ATGCTAACTAAGTGAT,0
ATGCTAACTAGGCAAG,0
ATGCTAACTGCTAGCA,0
ATGCTAAGCTAACACT,0
ATGCTAAGGAATCGAA,0
ATGCTAATCCCGTATA,0
ATGCTACGAGTCACTA,0
ATGCTACTGCTATATT,0
ATGCTAGCGGAAATCA,0
ATGCTAGTACCTTTAG,0
ATGCTAGTCATGTAGT,0
ATGCTAGTTAACAACA,0
ATGCTATAATGTAAAT,0
ATGCTATATTTTAACA,0
ATGCTATTGCCTTTTG,0
ATGCTATTTACATTTA,0
ATGCTCAAACAGTGCT,0
ATGCTCAATGAGTGGC,0
ATGCTCAATGTAACAG,0
ATGCTCACTGGTTGAT,0
ATGCTCAGCAAAGCCG,0
ATGCTCATAGACGCCT,0
ATGCTCATAGCTACAT,0
ATGCTCCACAAAAACA,0
ATGCTCCAGAAAAGAC,0
ATGCTCCATCAACTAC,0
ATGCTCCATTATCGCA,0
ATGCTCCCGTCTAAAT,0
ATGCTCCGCATAAGAA,0
ATGCTCCTAATGAATG,0
ATGCTCGCCTATGCAA,0
ATGCTCTCAAGAATAT,0
ATGCTCTCCTACAGTC,0
ATGCTCTTAAGATTAG,0
ATGCTGAAAGGCTAGA,0
ATGCTGAGCTTAAAAG,0
ATGCTGATACGAACGA,0
ATGCTGATAGTCCAGG,0
ATGCTGATCACAGAAC,0
ATGCTGGCCAGGATAG,0
ATGCTGTACTTTTGAG,0
ATGCTGTCAACAGCCG,0
ATGCTGTTCGCATCGC,0
ATGCTTAAAGAACAAA,0
ATGCTTAATAAGCGAA,0
ATGCTTACAGTCTAAC,0
ATGCTTACGAACACCA,0
ATGCTTAGGTTCCGAA,0
ATGCTTATAATCCAGG,0
ATGCTTCCAAATTAAC,0
ATGCTTGAAGCGTATG,0
ATGCTTGCTGTTGTAA,0
ATGCTTGTCCGTTGAT,0
ATGGAAAAACTAACAC,0
ATGGAAAAAGGAATCA,0
ATGGAAAACGCCTTGT,0
ATGGAAAAGCAAAAAT,0
ATGGAAAATATCCCGG,0
ATGGAAAATGTAAAGA,0
ATGGAAACTGATTGAA,0
ATGGAAATTTATCTCG,0
ATGGAACAAAGCTATT,0
ATGGAACACAATAACC,0
ATGGAACCTAGCTTTG,0
ATGGAACTAAACAGCC,0
ATGGAAGACACACAAA,0
ATGGAAGATAAGTTCA,0
ATGGAAGTAATCAATT,0
ATGGAATATGTTACAT,0
ATGGAATCAGTCAAGC,0
ATGGAATCTGAGTACG,0
ATGGAATCTGATGCGT,0
ATGGAATTCCAAATTA,0
ATGGAATTTAGATGTA,0
ATGGAATTTTCTACAC,0
ATGGACAACACTAAAC,0
ATGGACACAAACAAAC,0
ATGGACACATACCTTA,0
ATGGACACTAGCTAAG,0
ATGGACATCCTCAACG,0
ATGGACCAACTAAAGT,0
ATGGACCAATGCCAAG,0
ATGGACCAGAAAAACT,0
ATGGACGAATATATTA,0
ATGGACGCACCTAATG,0
ATGGACGCATGGTTAT,0
ATGGACGTCATAAAGT,0
ATGGACTACTAAATAC,0
ATGGAGAAATTTAGAA,0
ATGGAGAGTCACGTTA,0
ATGGAGCAGACCTAAA,0
ATGGAGCCGACGTAGG,0
ATGGAGGAAAAACAAA,0
ATGGAGTAGTAAATTG,0
ATGGAGTCAGCTGACT,0
ATGGAGTCCAACTTAT,0
ATGGAGTGCGAATACA,0
ATGGAGTTACATACAC,0
ATGGAGTTGAGGAACT,0
ATGGATAAGTCCAATA,0
ATGGATACAATAATAA,0
ATGGATACCTTAGCCA,0
ATGGATATGGCAAAAC,0
ATGGATCAAATCTCAC,0
ATGGATCAAGTATCAT,0
ATGGATCCCAAATACT,0
ATGGATCCCGAACAGT,0
ATGGATCGCCTCCTCC,0
ATGGATCGTAGTTAAC,0
ATGGATGAGAAGTCTT,0
ATGGATGCCTTATGCC,0
ATGGATTCCTAACATG,0
ATGGCAAACCAAAATA,0
ATGGCAAATTTGCGCC,0
ATGGCACGACCCCGGC,0
ATGGCACTTATACTGC,0
ATGGCAGAACCGTTAG,0
ATGGCATTATACTTAA,0
ATGGCCAAATGGTTAC,0
ATGGCCATCTTTACAA,0
ATGGCCATGGGGCGGT,0
ATGGCCGACATTACAA,0
ATGGCCGATTGTATGC,0
ATGGCCGCAAAAGTTT,0
ATGGCGAAAACATGAG,0
ATGGCGAACTCCCTTA,0
ATGGCGCTCACGCAAT,0
ATGGCTAAAACAATGA,0
ATGGCTAATCCACAGA,0
ATGGCTAATGTTAGCG,0
ATGGCTACAAACGTAA,0
ATGGCTCAGCCAAGAA,0
ATGGCTGATGCAGAAA,0
ATGGCTGTAGATCTAA,0
ATGGCTGTATTCTCAT,0
ATGGCTTCCCAATGCG,0
ATGGCTTGAATCGATA,0
ATGGGAAACAGATTAG,0
ATGGGAAACTTATATG,0
ATGGGAAGATTCTACC,0
ATGGGACAACAAAAAT,0
ATGGGACCCCAATGAA,0
ATGGGACGAACCACCA,0
ATGGGAGAAGAAACTT,0
ATGGGAGTGCCCGGCG,0
ATGGGATAAAAAAAAA,0
ATGGGATAATGTCTAA,0
ATGGGCAACAAAGGGA,0
ATGGGCAACACGCACC,0
ATGGGCAATGGTACGT,0
ATGGGCACAAACTCAA,0
ATGGGCAGGCTTAAGT,0
ATGGGCCTACGACCGT,0
ATGGGCGAACCAGTGT,0
ATGGGCGATACATATA,0
ATGGGCGCACAGAAAA,0
ATGGGGTCGCAATAAA,0
ATGGGTAATGTGCTGC,0
ATGGGTACCAATAGTG,0
ATGGGTAGATAAGAAA,0
ATGGGTGCTAAAAATG,0
ATGGGTGGAACCATAC,0
ATGGGTGGCGTTTCGG,0
ATGGTAAAAGAGAAAC,0
ATGGTAAACCATATGA,0
ATGGTACATACACGGG,0
ATGGTACTATATCTGT,0
ATGGTAGACACCTCTA,0
ATGGTAGGCGAGCCGA,0
ATGGTAGTAATGGCAG,0
ATGGTATCCAGGTTCA,0
ATGGTATCCTTGTATT,0
ATGGTATGAACCGCTA,0
ATGGTCAAAAATTAAA,0
ATGGTCAGAACATAAC,0
ATGGTCCGTAGGATAA,0
ATGGTCCTCCCCGACC,0
ATGGTCCTGAACATGA,0
ATGGTCGCCGCTAATT,0
ATGGTCGTCGACATTT,0
ATGGTCTAACTGAGAT,0
ATGGTCTAGAACTAGT,0
ATGGTCTCAAAATAGA,0
ATGGTCTTGACAGGTA,0
ATGGTGAACAAGTCGA,0
ATGGTGACACTCTCAT,0
ATGGTGAGATCGCAAA,0
ATGGTGCCCTGTTTTT,0
ATGGTGCTCATTTGCC,0
ATGGTGTATTGTCGGC,0
ATGGTTAACAAATTAT,0
ATGGTTAATACATCCA,0
ATGGTTACACATGTAA,0
ATGGTTCAACTTTCCA,0
ATGGTTCATTAACAAT,0
ATGGTTCGCCCGGGGG,0
ATGGTTCTAAACATAA,0
ATGGTTCTCCCCTTAT,0
ATGGTTGAACTAAAAA,0
ATGGTTGACAAGCAAA,0
ATGGTTGATAGGACCA,0
ATGGTTGGAATAGTCA,0
ATGGTTGTAGCGTGTG,0
ATGGTTTAGGTAAAAA,0
ATGGTTTGAGCCACCA,0
ATGGTTTGTGCCTAAT,0
ATGTAAAAAAACTCGT,0
ATGTAAAAAATCTGAA,0
ATGTAAAAACTATTTT,0
ATGTAAAACATAATTG,0
ATGTAAAAGTGCAAGT,0
ATGTAAAATAATGTTA,0
ATGTAAAATATTGAAA,0
ATGTAAAGACGTTCAC,0
ATGTAAAGAGTGGCAT,0
ATGTAAATACCAGGAT,0
ATGTAAATCACCAAGA,0
ATGTAAATCTAAGAGA,0
ATGTAAATTTCGTAGA,0
ATGTAAATTTGCATCA,0
ATGTAACAGTACCCCG,0
ATGTAACATAGAATAC,0
ATGTAACATCGAATAT,0
ATGTAACCAAAACTTA,0
ATGTAACCAAATATCA,0
ATGTAACGGAGTTTTC,0
ATGTAACGTTTAGTAA,0
ATGTAACTAAGAACAA,0
ATGTAACTCTTTTGAT,0
ATGTAACTTATTATGG,0
ATGTAAGACGTTTCCA,0
ATGTAAGATTTTCCAC,0
ATGTAAGGAGGAGTAA,0
ATGTAAGGTATCACTT,0
ATGTAAGTTACCTATT,0
ATGTAATATTAATGAA,0
ATGTAATATTTTTATG,0
ATGTAATGGTGTCCAT,0
ATGTAATTAGACCGAA,0
ATGTAATTCATAACCA,0
ATGTACAAACAAGGGT,0
ATGTACAAACATTTAA,0
ATGTACAAACTTCGCA,0
ATGTACAAAGGTTAGG,0
ATGTACAAGTTCTTTA,0
ATGTACACAGATTAAT,0
ATGTACACCGACATTA,0
ATGTACACCTATCATT,0
ATGTACCAAACCTCCG,0
ATGTACCACCATACCA,0
ATGTACCCAGATTCTC,0
ATGTACCCCTTCAAAC,0
ATGTACCTACACTACA,0
ATGTACCTCGATATAT,0
ATGTACCTGTAAGGCC,0
ATGTACGATTCTCACA,0
ATGTACGTTTCTCGTT,0
ATGTACTAATCAGAGG,0
ATGTACTACACACTCA,0
ATGTACTATAAATATG,0
ATGTACTCAGCCAAGG,0
ATGTACTCGAGTGATA,0
ATGTACTGTGTATACC,0
ATGTAGAAAAACGCAA,0
ATGTAGAACTATTAAA,0
ATGTAGAGTACCAAAC,0
ATGTAGATCAAAATAC,0
ATGTAGATCTGGCCTA,0
ATGTAGATGGAACCGG,0
ATGTAGCCTCGCCAAG,0
ATGTAGCTAAGATTGT,0
ATGTAGCTAGAAAAGC,0
ATGTAGCTGACGCTGG,0
ATGTAGGCTCGACTTC,0
ATGTAGGGCCCGCGAC,0
ATGTAGTAATAGAGCT,0
ATGTAGTACTACTAGT,0
ATGTAGTATTACCACA,0
ATGTAGTCCGATATTG,0
ATGTAGTGATAAAAAA,0
ATGTATAAAACCAATG,0
ATGTATAATAGCCCTT,0
ATGTATAATTCTATAC,0
ATGTATACGGTTCTGG,0
ATGTATAGAGAAGTAT,0
ATGTATAGGTAACATC,0
ATGTATATAGACAATA,0
ATGTATCGACAAATAT,0
ATGTATCGCACTAAAG,0
ATGTATCGTGGAAACG,0
ATGTATCGTTTCCCTT,0
ATGTATCTATCAACAA,0
ATGTATCTCACAGATA,0
ATGTATGATACCGAAC,0
ATGTATTAGAAACTGT,0
ATGTATTATAGCAAGT,0
ATGTATTATCAAGATA,0
ATGTATTCACGGGACA,0
ATGTATTCCCCACAGT,0
ATGTATTTTACTGCCC,0
ATGTCAAACTTGGTCT,0
ATGTCAAAGACATAAC,0
ATGTCAAAGACGCAAA,0
ATGTCAAAGACTTTAA,0
ATGTCAAATGTGAACG,0
ATGTCAACGACTAAAG,0
ATGTCACACATATCAT,0
ATGTCACCACAGTAAT,0
ATGTCACCAGATCCGT,0
ATGTCACCTCCTTAAA,0
ATGTCATAAAACGTCA,0
ATGTCATACCTGTGTT,0
ATGTCATATAAGAGAA,0
ATGTCATGAAAATGTC,0
ATGTCCAATAGTCGCT,0
ATGTCCATTAACGAAG,0
ATGTCCCATTTTAAGA,0
ATGTCCGCGAAATAAA,0
ATGTCCTCGGAGCATC,0
ATGTCCTTATCGAAAG,0
ATGTCCTTTTAAAAGG,0
ATGTCGAAAAAAAGCT,0
ATGTCGACATTTCCAG,0
ATGTCGACTAAGGGTA,0
ATGTCGACTGACTTGT,0
ATGTCGAGAAAAAATG,0
ATGTCGATTCACCGAG,0
ATGTCGCAAAAAGCGT,0
ATGTCGGAACCTCACA,0
ATGTCGGACAATCTAG,0
ATGTCGGACCATATTA,0
ATGTCGGCACCGCCAA,0
ATGTCGTTACTTCCAG,0
ATGTCTAAAAAGTAGA,0
ATGTCTACACTCTACT,0
ATGTCTACTTATCCAT,0
ATGTCTAGACATTTCG,0
ATGTCTAGTCCTACGT,0
ATGTCTCCCACATAAC,0
ATGTCTGAATAATCCT,0
ATGTGAAAACAGACTT,0
ATGTGAAATATTTATG,0
ATGTGACCGTCGACCA,0
ATGTGACTAGTGGAAT,0
ATGTGAGCATCCGACG,0
ATGTGAGTAGAATAAT,0
ATGTGAGTATCCAGGT,0
ATGTGATACCCCAAAA,0
ATGTGATACGCAAAGA,0
ATGTGATATTGTAGAT,0
ATGTGATCACTGAGTG,0
ATGTGATGTAAGTCCT,0
ATGTGATTGACACCTT,0
ATGTGATTGCCTTCTA,0
ATGTGCAATGTTTACC,0
ATGTGCCAAAACGCTT,0
ATGTGCGACTGTGTTG,0
ATGTGCTAATCTTGAA,0
ATGTGGAAAGCAAGTC,0
ATGTGGAGCCAAGATG,0
ATGTGGATTATCACGA,0
ATGTGGCTAACAGATC,0
ATGTGGCTTGATAGAA,0
ATGTGGGCTCAATTAA,0
ATGTGGGCTGATTCAG,0
ATGTGGTAAGGCCATA,0
ATGTGGTATTAGCTTC,0
ATGTGGTATTCTCCGC,0
ATGTGGTCCGCAGGAC,0
ATGTGTAACCACAATA,0
ATGTGTAATATCAGAT,0
ATGTGTAATCACGTTA,0
ATGTGTACCAATATAG,0
ATGTGTATATTCAGTT,0
ATGTGTATTAATGCTC,0
ATGTGTCCTAGATTTT,0
ATGTGTGCTACAATGG,0
ATGTGTGTCTGCTATC,0
ATGTGTTGAAATATCA,0
ATGTGTTTCAGTACCA,0
ATGTGTTTCTACATAC,0
ATGTTAAAAAATATGT,0
ATGTTAAAAGCCCGAC,0
ATGTTAAACTAAATAA,0
ATGTTAACTTATCATC,0
ATGTTAAGAGAACAAT,0
ATGTTAAGCAATATAC,0
ATGTTAAGGCGCACGA,0
ATGTTAAGTCGCACAA,0
ATGTTAATATAACTAC,0
ATGTTACAACTAAGAA,0
ATGTTACAAGGACGTA,0
ATGTTACACATTGTAC,0
ATGTTACAGAAAAAAG,0
ATGTTACCAAGTCTTA,0
ATGTTACGATAAGCAC,0
ATGTTACGATTAATTC,0
ATGTTACGTCGAAAAA,0
ATGTTACTAATCATAT,0
ATGTTACTTACCACCA,0
ATGTTAGATACTCGAT,0
ATGTTAGCACGGACCC,0
ATGTTAGCTATGCATA,0
ATGTTAGTACTTAAAT,0
ATGTTAGTTACCTAAT,0
ATGTTAGTTCTCCTCA,0
ATGTTATAACGACTAC,0
ATGTTATATCACCTCA,0
ATGTTATGAGCGGGAC,0
ATGTTATGTTACCCAA,0
ATGTTATTTCGCTCTT,0
ATGTTCAAAAATACTT,0
ATGTTCAAATTTCATT,0
ATGTTCAACGTACTAA,0
ATGTTCCATCGAGACA,0
ATGTTCCCTAGTAGAA,0
ATGTTCCGGAACCTCA,0
ATGTTCCTGGAAGAAT,0
ATGTTCGTGCACTCAA,0
ATGTTCTCCCCATTAG,0
ATGTTGAAAAATGAAT,0
ATGTTGAGGCCAAGGC,0
ATGTTGAGGTACGCCA,0
ATGTTGATCCACTGAG,0
ATGTTGCCCAGAGGGA,0
ATGTTGCGTCATGCAA,0
ATGTTGGTAATAAACC,0
ATGTTGTAAAAAGACT,0
ATGTTTATTAACCAGC,0
ATGTTTCAAAGGCGCT,0
ATGTTTCAACTACTGC,0
ATGTTTCAGGTGTGTA,0
ATGTTTGAAAATTCAG,0
ATGTTTGAGATATAAT,0
ATGTTTGCCCCTTTGT,0
ATGTTTGGCCGAAAGA,0
ATGTTTGGGCATGATA,0
ATGTTTTAGGGCCAGC,0
ATGTTTTCCGAAGTAG,0
ATGTTTTTGAGTACGA,0
ATTAAAAAAAGAGCTT,0
ATTAAAAAATCGCGCC,0
ATTAAAAACTTCCTCC,0
ATTAAAAAGATCATAT,0
ATTAAAAATTCAGTGA,0
ATTAAAACATCGATAT,0
ATTAAAACTATTGTAG,0
ATTAAAAGGTAATCGG,0
ATTAAAATACTAGACG,0
ATTAAAATCGATGTGC,0
ATTAAAATTCAAAAAA,0
ATTAAAATTCCATAAG,0
ATTAAACAATCGATGA,0
ATTAAACAATGCACCC,0
ATTAAACCAATAACAG,0
ATTAAACGCGAGGCAC,0
ATTAAACGGCTATCGC,0
ATTAAACGTCAAATTT,0
ATTAAACTAAAGATTT,0
ATTAAACTCAGTGAGT,0
ATTAAACTGAAAAGGA,0
ATTAAAGAAATGTTTC,0
ATTAAAGAACAGAGAG,0
ATTAAAGAAGGAGGAA,0
ATTAAAGCATGTCTCA,0
ATTAAAGCCATCAATG,0
ATTAAAGCGAACTCAA,0
ATTAAAGGTTTGGAGG,0
ATTAAAGTAAGAACCC,0
ATTAAAGTGAGGAAAA,0
ATTAAAGTGCCAACAA,0
ATTAAATAAACAAGAA,0
ATTAAATAAATCACAA,0
ATTAAATAAGTTAACA,0
ATTAAATACTCGAGGC,0
ATTAAATATTGGGCTC,0
ATTAAATCCAACAGTA,0
ATTAAATCCAAGACAC,0
ATTAAATCCAGGGAAC,0
ATTAAATCCTTGAGCG,0
ATTAAATCTAACCCAT,0
ATTAAATGGTTCAATA,0
ATTAAATTACAACGTA,0
ATTAAATTACTAGCTG,0
ATTAAATTAGAATAGA,0
ATTAAATTAGAGACGC,0
ATTAAATTATGCCTTA,0
ATTAAATTCGATACTG,0
ATTAACAAAGCCCCAC,0
ATTAACAAATCAACCC,0
ATTAACAACCGCTTAC,0
ATTAACAGGAAGTAAC,0
ATTAACAGTAGACTCG,0
ATTAACATACAAGTGC,0
ATTAACATATTAATCA,0
ATTAACATGGTATCAA,0
ATTAACCAACAGACTA,0
ATTAACCAACCGAAAA,0
ATTAACCACCTTGAGT,0
ATTAACCCCGAGACCC,0
ATTAACCCTAATGAAA,0
ATTAACCGTAATGGAT,0
ATTAACCTAACGAGTG,0
ATTAACCTAGAAGTCA,0
ATTAACCTGAAATCTA,0
ATTAACGACCCTCGTT,0
ATTAACGAGGAACCGA,0
ATTAACGCAAAAGGTA,0
ATTAACGCTCCTTGCG,0
ATTAACGCTTCTGCTT,0
ATTAACGTATCGCGTA,0
ATTAACGTTACTAGAA,0
ATTAACTAATGAACTA,0
ATTAACTGAGAAACGT,0
ATTAACTGCACTAAAA,0
ATTAACTGTAGCTCCT,0
ATTAACTTTAAAAGAG,0
ATTAACTTTTATACGA,0
ATTAAGAAACATTATC,0
ATTAAGAACTCGAATT,0
ATTAAGAATCTGCTTT,0
ATTAAGAGTAATTCCA,0
ATTAAGATAAAAGCTG,0
ATTAAGATAGGTTAAT,0
ATTAAGATGATAGTAG,0
ATTAAGCATAAATTCA,0
ATTAAGCATCACAGAA,0
ATTAAGCATCGCGAGA,0
ATTAAGCATTTTGTAG,0
ATTAAGCCAAAAGTAT,0
ATTAAGCCCCAAAGAA,0
ATTAAGCCTTGGAAAT,0
ATTAAGCGGAAAAGAA,0
ATTAAGGAAAAGAAAC,0
ATTAAGGAGAGGCACG,0
ATTAAGGCCCATAGAA,0
ATTAAGGGACCTATAC,0
ATTAAGGTAGAATTTA,0
ATTAAGTACTATTTGG,0
ATTAAGTATATATATC,0
ATTAAGTCCTAAAACA,0
ATTAAGTGTAACCCTA,0
ATTAAGTTATTTGAAA,0
ATTAAGTTGGAGCCAG,0
ATTAATAAAACTGAAA,0
ATTAATAAACACAAAA,0
ATTAATAACTAACCTT,0
ATTAATAAGGATCATT,0
ATTAATAATCGAACCG,0
ATTAATACACCCTATG,0
ATTAATACACTGCGAA,0
ATTAATACCCTAATCT,0
ATTAATACCGATCCCC,0
ATTAATAGGGTCACAA,0
ATTAATATAAATTTCC,0
ATTAATATAGTCCATG,0
ATTAATATGAATTTAG,0
ATTAATCAAATCTAGG,0
ATTAATCAAATGGGAC,0
ATTAATCAATATTGCA,0
ATTAATCACCACGATT,0
ATTAATCACGATGTTA,0
ATTAATCATTATAAAT,0
ATTAATCCCAAAAGTT,0
ATTAATCCTGCCCCCG,0
ATTAATCGCCATGGAA,0
ATTAATGCTCTGCCAA,0
ATTAATGTTCTAGGAA,0
ATTAATGTTGATACCC,0
ATTAATTAACCTATAA,0
ATTAATTAACTATTGA,0
ATTAATTAGAACAAAA,0
ATTAATTATGTACGCC,0
ATTAATTCAACACCTC,0
ATTAATTCGCATAAAT,0
ATTAATTGATAAAACT,0
ATTAATTGCATCGGTT,0
ATTAATTTACCTTTAA,0
ATTACAAAAAACTATA,0
ATTACAAAAACAGTTA,0
ATTACAAACCCAAACC,0
ATTACAAAGAGTAAAA,0
ATTACAACTCTACCTC,0
ATTACAAGGAAACACT,0
ATTACAATAACATAGT,0
ATTACAATACCGTCAT,0
ATTACAATATCAGATA,0
ATTACACAAGCTTACA,0
ATTACACATGACCAAG,0
ATTACACCAAAACCAC,0
ATTACACGTAGATACG,0
ATTACACGTATAACGT,0
ATTACACTCAAAAATC,0
ATTACAGAAGCGAAAA,0
ATTACAGAGCTGCATT,0
ATTACAGTGTGCAAAA,0
ATTACATAAAGGTTAA,0
ATTACATAATTGGATA,0
ATTACATACGCACCCT,0
ATTACATAGTAAGGGG,0
ATTACATAGTGTGTCT,0
ATTACATCACAGTTGG,0
ATTACATCATGACATG,0
ATTACATGAATCAATT,0
ATTACATTACCAGTAT,0
ATTACATTCTTGATCT,0
ATTACATTTATAACGC,0
ATTACCAAAAAGGAAT,0
ATTACCAAAATGCAAA,0
ATTACCAAACATAAAG,0
ATTACCAACAATAAGC,0
ATTACCAATAGTGAGC,0
ATTACCACACACAAGT,0
ATTACCATCCCAACAC,0
ATTACCATCTCTACCA,0
ATTACCATGTGTATGG,0
ATTACCATTAGACTGC,0
ATTACCCATCATAGAG,0
ATTACCCGACATAAGA,0
ATTACCCGAGCATAGC,0
ATTACCGGATAGTAAC,0
ATTACCTGCATGACGG,0
ATTACCTTACTTCCTA,0
ATTACCTTTACATCAT,0
ATTACCTTTACATCTT,0
ATTACCTTTGTCTCGT,0
ATTACGAAAAATAGCA,0
ATTACGAACGATGCAA,0
ATTACGAAGGGAGGGT,0
ATTACGAATCTGTAAC,0
ATTACGAATGCTATAC,0
ATTACGACCAAAACTT,0
ATTACGAGCAGGAAGA,0
ATTACGATAAGTTTGT,0
ATTACGATGAGAAGAT,0
ATTACGCACGATATTA,0
ATTACGCGTGTGACCG,0
ATTACGCTATCAAGAA,0
ATTACGCTGTGCTTCT,0
ATTACGGACAACGATC,0
ATTACGGATCTAACAC,0
ATTACGTCGCATTTCT,0
ATTACTATTCAGCGTA,0
ATTACTCAAGGGGGTA,0
ATTACTCCCAACAAGG,0
ATTACTGAAGAAAGAT,0
ATTACTGGATCAAAGT,0
ATTACTGGCGATATGG,0
ATTACTGTGTTTAAGT,0
ATTACTTATTAGCTTA,0
ATTACTTCAGTCACCT,0
ATTACTTCCGATACGC,0
ATTACTTGTAATCAAT,0
ATTAGAAACAACATAA,0
ATTAGAAACATACCAG,0
ATTAGAAACTGACATC,0
ATTAGAAAGATTAATA,0
ATTAGAAAGGCGCACA,0
ATTAGAAATAATGAAA,0
ATTAGAAATGATATCA,0
ATTAGAACAATCAAAA,0
ATTAGAACGCTCTCGT,0
ATTAGAAGTAAAATTT,0
ATTAGAATACTATAGT,0
ATTAGACAAAATATAA,0
ATTAGACAACAAATAA,0
ATTAGACCAAGTTCTT,0
ATTAGACCAGGCGTAG,0
ATTAGACCCCATATAA,0
ATTAGACTGATAAAGA,0
ATTAGAGACTAGCACA,0
ATTAGAGCAATAACGA,0
ATTAGAGCAGCATTAC,0
ATTAGAGCTTCAAAAT,0
ATTAGAGGTCGGAAGG,0
ATTAGATACATAATGG,0
ATTAGATAGAGCAGAG,0
ATTAGATCATACCTAA,0
ATTAGATCCATGTGGA,0
ATTAGATCTAGTAAAA,0
ATTAGATGGTTCCCGG,0
ATTAGATTCCCGGGGA,0
ATTAGATTCTTTAGGA,0
ATTAGCAAGTAATTAC,0
ATTAGCAATAAAACGC,0
ATTAGCAATACTGTCA,0
ATTAGCAATGATAGAG,0
ATTAGCAGTCAGGTCT,0
ATTAGCAGTCCCAATT,0
ATTAGCATGCAGAACA,0
ATTAGCCCTAAATAGA,0
ATTAGCCCTCACCTGT,0
ATTAGCCCTTTTACAC,0
ATTAGCCTAACGGTGA,0
ATTAGCGAAATCTGAA,0
ATTAGCGAAGGCCAAC,0
ATTAGCGCCCTATACA,0
ATTAGCGGAAGTTAGA,0
ATTAGCTAGACAATAA,0
ATTAGCTGAAAAACCT,0
ATTAGCTTTCGGTTTT,0
ATTAGGAAGTGCGACA,0
ATTAGGCAAAAGTACA,0
ATTAGGCACATAACCG,0
ATTAGGCGGTAGAAAG,0
ATTAGGGAACTGGGAT,0
ATTAGGGATAAAATAA,0
ATTAGGGGAATTATTG,0
ATTAGGTATCATCTTA,0
ATTAGGTCCTCCCCTC,0
ATTAGGTGCCCGTCGA,0
ATTAGTAAAGAGCCTA,0
ATTAGTAACAACTACA,0
ATTAGTCAACAGCATG,0
ATTAGTCAAGGGCCAT,0
ATTAGTGAAACACAGC,0
ATTAGTGAAGTAAAAT,0
ATTAGTGCAGCGCTTT,0
ATTAGTGTATTATTAT,0
ATTAGTGTGGCAATTC,0
ATTAGTTAGTATTAGA,0
ATTAGTTGTAGGACTA,0
ATTATAAAAAAGCATC,0
ATTATAAAACCCAAAC,0
ATTATAAACCTTTTCT,0
ATTATAAAGTCAACTT,0
ATTATAAATGTCAGCC,0
ATTATAAATGTTCCAA,0
ATTATAAATTGATCCG,0
ATTATAACACATGCCG,0
ATTATAACGTCGAGTA,0
ATTATAACTAACTCAA,0
ATTATAAGAATATGAC,0
ATTATAAGAATGCGTA,0
ATTATAAGATATCCAA,0
ATTATAAGCTCGAAGA,0
ATTATAATACCCTTAA,0
ATTATAATCTGGATAT,0
ATTATAATGAATCTTA,0
ATTATAATGCAGACAA,0
ATTATAATGGCATACT,0
ATTATAATGTAATAGG,0
ATTATACAACATGCAA,0
ATTATACAACGTGGAG,0
ATTATACACAAAATTA,0
ATTATACAGCCAGATC,0
ATTATACCAGTTAAGA,0
ATTATACGAAGAACCC,0
ATTATACGCTCAATAT,0
ATTATAGAATTAAACA,0
ATTATAGACTCAACTT,0
ATTATAGATTGAGGCG,0
ATTATAGCAAGAGAAA,0
ATTATAGCAGAAATCC,0
ATTATAGCTTGGCCCG,0
ATTATAGGATTCTACT,0
ATTATAGGGCAGGTAC,0
ATTATAGTTCAATGCC,0
ATTATAGTTCAGGACC,0
ATTATATAAAAAAATA,0
ATTATATGTAAGGCTG,0
ATTATCAAGCATCTAT,0
ATTATCACGCACATGG,0
ATTATCAGGTAGACCA,0
ATTATCAGTTGCAGCA,0
ATTATCATAAAAATGA,0
ATTATCATTGCCTCAT,0
ATTATCATTGGAGGTA,0
ATTATCCATCCTACCT,0
ATTATCCCCCATTGAG,0
ATTATCGGCGGGCCCT,0
ATTATCTAGCTTTTTT,0
ATTATCTCGTCCTTTG,0
ATTATCTTCAACAATG,0
ATTATCTTTCGAGATT,0
ATTATGAAATAATACA,0
ATTATGAAGTGCGCTT,0
ATTATGAATATTTACG,0
ATTATGACTCCAGGTA,0
ATTATGAGAAGACGTA,0
ATTATGAGTACGAGTG,0
ATTATGATCTGCATAG,0
ATTATGATGTGTGTGC,0
ATTATGATTCACCGAG,0
ATTATGCACAATGAAA,0
ATTATGCCGCAGAAGA,0
ATTATGCCTGTTCTAG,0
ATTATGCTTGCTCAGG,0
ATTATGGACTTAAAAC,0
ATTATGGAGATCGCAA,0
ATTATGGATTGAACTG,0
ATTATGGGCAGACTTT,0
ATTATGGTACCACATT,0
ATTATGTAATATAAAA,0
ATTATTAACAGGTCTA,0
ATTATTAACTAAAGAC,0
ATTATTAAGTAACCAT,0
ATTATTAATCAATGGA,0
ATTATTAATTACACAG,0
ATTATTACAGGCATAT,0
ATTATTACAGGTGAAA,0
ATTATTAGGTGACTAA,0
ATTATTAGTAATTTCT,0
ATTATTAGTGGCACAT,0
ATTATTAGTTAATGGT,0
ATTATTATAATTAGAC,0
ATTATTATATCCGAAA,0
ATTATTATCCTAATAG,0
ATTATTATCTAAAACA,0
ATTATTCAATAGAGAC,0
ATTATTCATGTGTGAA,0
ATTATTCCACGAATTT,0
ATTATTCTACACCCCT,0
ATTATTCTATTAGCCA,0
ATTATTGCAGTTGTTA,0
ATTATTGTCATTCTAC,0
ATTATTTAGGGAGATC,0
ATTATTTATACTGTCA,0
ATTATTTATGCGAGAA,0
ATTATTTGTCTTATGG,0
ATTATTTGTTCAGGAT,0
ATTATTTTAACAGAAC,0
ATTATTTTAGAGAACA,0
ATTATTTTATAGAAAC,0
ATTCAAAAAAAAAAGT,0
ATTCAAAAAAACTCTG,0
ATTCAAAACTCACGTG,0
ATTCAAAAGTTCGAAA,0
ATTCAAACAACGGACA,0
ATTCAAACATATAATA,0
ATTCAAACCAAGGTTA,0
ATTCAAACCAGACCAA,0
ATTCAAACCTAATCGG,0
ATTCAAAGGGTTCTTA,0
ATTCAAATCTTATGTG,0
ATTCAACATACTTGTA,0
ATTCAACCAAAATCTT,0
ATTCAACGATTAGTGA,0
ATTCAACTATGTTTAT,0
ATTCAACTTCCTCACA,0
ATTCAAGATAAGTCAA,0
ATTCAATAAATAAAAA,0
ATTCAATACAGCGTCG,0
ATTCAATACCATAATA,0
ATTCAATACGTCGCAC,0
ATTCAATCACACAGTC,0
ATTCAATCTGGATTTC,0
ATTCAATTACGCAACT,0
ATTCAATTCCCAACAC,0
ATTCAATTTTGCGACC,0
ATTCACAAACTGAAAG,0
ATTCACAATCTAATTG,0
ATTCACACCAGAAACT,0
ATTCACAGAAACCACA,0
ATTCACAGCAATTTAA,0
ATTCACATGACGCTAA,0
ATTCACATGCACTGTT,0
ATTCACCACAAACATA,0
ATTCACCCCGGAAAAT,0
ATTCACCCGCTTGTAA,0
ATTCACCTGAAAACAC,0
ATTCACCTGAGCTATA,0
ATTCACGAATAGTATC,0
ATTCACGGCCAAAGAG,0
ATTCACGGTCATTCCG,0
ATTCACGTAACCTAAG,0
ATTCACTGTCACCTGA,0
ATTCACTGTTATCAAC,0
ATTCACTTCACGCCCG,0
ATTCACTTTGTCGGCA,0
ATTCAGAATTAGTTTT,0
ATTCAGACAAATAAAA,0
ATTCAGAGAACAGATT,0
ATTCAGAGCCCGTATT,0
ATTCAGATAAATGGTG,0
ATTCAGATTGAGGATG,0
ATTCAGCAAAATAAAA,0
ATTCAGGAAGAGATAC,0
ATTCAGGCCATTCAGA,0
ATTCAGTAAGTAACAT,0
ATTCATAAAATGTAGC,0
ATTCATAAAATTACAA,0
ATTCATAAATGCAAAA,0
ATTCATACGAGAACTG,0
ATTCATAGAACGTTAT,0
ATTCATAGTAATGCCA,0
ATTCATCAAAAGTTCA,0
ATTCATCCCAAAGTTA,0
ATTCATCGTCATAAGC,0
ATTCATGAATATATGG,0
ATTCATGACAAAAGGA,0
ATTCATGAGATCGATG,0
ATTCATGTCAAGAGTT,0
ATTCATGTCGGTTGAT,0
ATTCATGTTCTCGGGT,0
ATTCATTAACTAATGT,0
ATTCATTAATCCTAGG,0
ATTCATTCACTCTGGC,0
ATTCATTCCCAATTAG,0
ATTCATTTTCTCTAGT,0
ATTCCAAACATTGGTC,0
ATTCCAACACGATCCC,0
ATTCCAACTCAGGACG,0
ATTCCAATGATCACCA,0
ATTCCAATTTTAGGTT,0
ATTCCAATTTTCCCAG,0
ATTCCACACCCCCGAT,0
ATTCCACAGAAAATGT,0
ATTCCACAGATTGAAC,0
ATTCCACCACCCAACT,0
ATTCCACGTAAATAGG,0
ATTCCACGTGACAAAT,0
ATTCCACGTGCAAATT,0
ATTCCACTCCAAGGGT,0
ATTCCAGACAAACATC,0
ATTCCATAAAGTAACT,0
ATTCCATACGCCACAT,0
ATTCCATCAGGCATCA,0
ATTCCATCGCCCCTAC,0
ATTCCCAACTGAAATT,0
ATTCCCAAGATGCCCT,0
ATTCCCAAGCCACATC,0
ATTCCCAATTTTTAAT,0
ATTCCCATAGACCTCT,0
ATTCCCATATAAGATC,0
ATTCCCCAGAGCAAAC,0
ATTCCCCTCAACAATT,0
ATTCCCCTGGGGCACG,0
ATTCCCGCCATTAATT,0
ATTCCCGGGACCGCAG,0
ATTCCCGTAATCAATC,0
ATTCCCTGAAACTGAC,0
ATTCCCTGTCCGTAAA,0
ATTCCCTTATAGTTAA,0
ATTCCCTTTAAGATTA,0
ATTCCGAAATCGAAGT,0
ATTCCGAGGTCCAAAA,0
ATTCCGATGATCGACG,0
ATTCCGATTAGACTAA,0
ATTCCGCAACTACACG,0
ATTCCGCATGGAATAC,0
ATTCCGCCTAGCTTCG,0
ATTCCGCTACCAGTGA,0
ATTCCGGCAACGAACC,0
ATTCCGGGAATGATCA,0
ATTCCGTATTAAAACT,0
ATTCCGTCCACACGTA,0
ATTCCGTCTTTAAGAG,0
ATTCCTAAAGACATTA,0
ATTCCTAAAGCGCCCC,0
ATTCCTAAGAAATATA,0
ATTCCTACTATTGCGG,0
ATTCCTACTTAGACCT,0
ATTCCTATACACAAGT,0
ATTCCTATACCGTAGG,0
ATTCCTATTTTTACGC,0
ATTCCTCTAATACCAT,0
ATTCCTCTAGTTATAC,0
ATTCCTGCAGACACCT,0
ATTCCTGCGTGGGAAT,0
ATTCCTTAAAGGAGCC,0
ATTCCTTAAAGTTATC,0
ATTCCTTAAGCGATAT,0
ATTCCTTTTTTAAAGC,0
ATTCGAAAATACTACG,0
ATTCGAAAATACTTAA,0
ATTCGAAACCCTCTGA,0
ATTCGAACTCCTGATA,0
ATTCGAAGAGTTTACA,0
ATTCGAATCGTTACCA,0
ATTCGAATTGAGTAGG,0
ATTCGACAAACAACTA,0
ATTCGACTTTAAAAGA,0
ATTCGAGAAAAGTAAA,0
ATTCGAGAATATAGAA,0
ATTCGAGAGGTGAACT,0
ATTCGAGCTGACAAGT,0
ATTCGAGTATTGGAAA,0
ATTCGATAAGGAACCG,0
ATTCGATACCGTATGC,0
ATTCGATCGCAGACGC,0
ATTCGATCTAAAACAC,0
ATTCGATCTTAAAGAT,0
ATTCGATTAATCCAAT,0
ATTCGCAGCATATGGC,0
ATTCGCCAACATGGAT,0
ATTCGCCATTAAAGAC,0
ATTCGCCGCTTTCCAT,0
ATTCGCGTTGCTACCA,0
ATTCGCTCTCTCAGGT,0
ATTCGGAAAGTTCGAC,0
ATTCGGAACGTTAAAC,0
ATTCGGATTCGCGGTA,0
ATTCGGCCCAAAATGA,0
ATTCGGCGAATGGCTC,0
ATTCGGCGTAACTGTA,0
ATTCGGCTAGCAAAAG,0
ATTCGGCTTGCCTGAA,0
ATTCGGGAGTAATTGC,0
ATTCGGTTTTCACCAC,0
ATTCGTAACTTCTCAC,0
ATTCGTAATTAATTTT,0
ATTCGTACATTAAACC,0
ATTCGTAGACTGTAAT,0
ATTCGTATATAACAAA,0
ATTCGTATCCAACTAG,0
ATTCGTCACATGTCAG,0
ATTCGTCCCCATTTTC,0
ATTCGTCTTGTATGCT,0
ATTCGTGTCAATCAGA,0
ATTCGTGTTATGCAGG,0
ATTCTAAAAACTAAGT,0
ATTCTAAAATTGTAGC,0
ATTCTAAAGCCTGATA,0
ATTCTAACAGAAAAAC,0
ATTCTAACGGAATCTT,0
ATTCTAAGAGAAAATT,0
ATTCTAAGCCAATCTC,0
ATTCTAAGCGACTATA,0
ATTCTAAGTAGAAGGC,0
ATTCTAATAATGCCAA,0
ATTCTAATACTACCCA,0
ATTCTAATGCTACAAA,0
ATTCTACCAGCTAAGG,0
ATTCTACTCACAAAAG,0
ATTCTACTTCCAAAAT,0
ATTCTACTTTCAAATG,0
ATTCTAGAAATCTAAA,0
ATTCTAGCAGGGTCTA,0
ATTCTATACGATTAAG,0
ATTCTATAGTAAACGA,0
ATTCTATCTAAGTTGT,0
ATTCTATGACAAGAAC,0
ATTCTATGCTTACTTA,0
ATTCTATTAACTTGGA,0
ATTCTCATAGATTGGT,0
ATTCTCCAAGATAAGG,0
ATTCTCCAGCCTTTAG,0
ATTCTCCCACAAAGGA,0
ATTCTCCCATTCATAT,0
ATTCTCCCCACCCCAG,0
ATTCTCCTGTGTAATA,0
ATTCTCTAAGATCATG,0
ATTCTCTAAGATTACA,0
ATTCTCTACAATCGAT,0
ATTCTCTGAAATACGA,0
ATTCTGAGATCGGCCT,0
ATTCTGATTTTGAAAA,0
ATTCTGCGATGTCGGT,0
ATTCTTAAAAAACCAC,0
ATTCTTAAAATTGGCG,0
ATTCTTAACATTCAGG,0
ATTCTTACTTAAAGAC,0
ATTCTTACTTAGACCG,0
ATTCTTATCTGTGATA,0
ATTCTTATGAAACAAA,0
ATTCTTCTATAACTGG,0
ATTCTTGAAAGAAGGA,0
ATTCTTGACAGGTAAT,0
ATTCTTGGCTCATTAC,0
ATTCTTGTTCGCATTT,0
ATTCTTTGACAACAAG,0
ATTGAAAAATACAAGG,0
ATTGAAAATAGGGATT,0
ATTGAAAATGAGTGAG,0
ATTGAAACCTCATAAC,0
ATTGAAACGATAATAT,0
ATTGAAAGTCCTCGGA,0
ATTGAAATAATTGTAG,0
ATTGAAATATTGTCTG,0
ATTGAACAAACCTCAA,0
ATTGAACAACCAAACT,0
ATTGAACAAGAATTTC,0
ATTGAACAGCTTCTAT,0
ATTGAACATATGTAAC,0
ATTGAACCCCTGGCCT,0
ATTGAAGCTCGGTCTA,0
ATTGAATATTGTGCAA,0
ATTGAATGTGAAAAGT,0
ATTGAATTTGAGAGCT,0
ATTGACACCGAGAGAA,0
ATTGACATGCACAGAC,0
ATTGACCAAGTCATCT,0
ATTGACCACAGCTAAA,0
ATTGACCACATTTAAT,0
ATTGACCATGGTCCCA,0
ATTGACCCCTCACACA,0
ATTGACCTGATTCCTA,0
ATTGACCTGTGATTCA,0
ATTGACGACCCCAGAA,0
ATTGACGACTGTTAGA,0
ATTGACGGCGGTTAAA,0
ATTGACTAAGCTCCAT,0
ATTGACTAGCAAGGAA,0
ATTGACTAGCATCTAT,0
ATTGACTGACTTCTTT,0
ATTGACTGTAAAAGAA,0
ATTGACTGTAAGCCAC,0
ATTGACTGTGGTATAC,0
ATTGACTTAACATCGC,0
ATTGACTTCACAAATT,0
ATTGAGAAAAAATCCA,0
ATTGAGATCACAAATC,0
ATTGAGATTATAATTC,0
ATTGAGCCATAAAAAC,0
ATTGAGCTTAGCTCAG,0
ATTGAGGAAACATAGC,0
ATTGAGGGACAGTTTT,0
ATTGAGGGCTGAGTGC,0
ATTGAGGTAGTAATAC,0
ATTGAGTAATACTATG,0
ATTGAGTCAAGGGTTA,0
ATTGAGTGATAATGTC,0
ATTGAGTTAAAAATAA,0
ATTGATAAATAAACAC,0
ATTGATAACACTAACA,0
ATTGATAATCGCATGA,0
ATTGATATACAAGAAT,0
ATTGATATCATAAGAG,0
ATTGATATCCTCCGCG,0
ATTGATATGTAACGAG,0
ATTGATATTTCACTAG,0
ATTGATCAGAACCTGA,0
ATTGATCTAGTATTTA,0
ATTGATGACTAAATTG,0
ATTGATGCCACTGACC,0
ATTGATGTAACCCACA,0
ATTGATTCCTAAGCCA,0
ATTGATTGATATTACA,0
ATTGATTTAGTAAATT,0
ATTGATTTTAAAACTG,0
ATTGATTTTATGATAT,0
ATTGCAAAAAAAAAAA,0
ATTGCAAAATCGCTAA,0
ATTGCAAAGTACTGGC,0
ATTGCAAATAATGTCA,0
ATTGCAAATCGTGAGT,0
ATTGCAAATCTGGAGT,0
ATTGCAAGGTTCCCGT,0
ATTGCACAAAATAGTC,0
ATTGCACCCCCCATCA,0
ATTGCACTAAAATTTT,0
ATTGCACTACATCGTT,0
ATTGCAGAGTTCGATT,0
ATTGCAGTTAACAAAG,0
ATTGCATACTAAACCC,0
ATTGCATATGGTATTT,0
ATTGCATTATGAGAAG,0
ATTGCATTGCTGTCAG,0
ATTGCCAACGAGATAA,0
ATTGCCAATCAAGCCC,0
ATTGCCAATTTTTTAT,0
ATTGCCAGACAATACA,0
ATTGCCCAAGGCCACT,0
ATTGCCCAGCCGAATC,0
ATTGCCCCGGGCGTTC,0
ATTGCCCTGATTAATA,0
ATTGCCTTAACACTAG,0
ATTGCGAAGTCGTCGC,0
ATTGCGACATCACCAG,0
ATTGCGCAACCACCTA,0
ATTGCGCGTAGTTATT,0
ATTGCGGATTAAAATC,0
ATTGCGGTAACAAAAG,0
ATTGCGTAAAAGACGA,0
ATTGCGTCATTGGGTA,0
ATTGCGTGTACAACAC,0
ATTGCGTTAGCGATAC,0
ATTGCTAATAACACCA,0
ATTGCTATCACTAGGA,0
ATTGCTATCCCCCCAT,0
ATTGCTGGGCTGGTTC,0
ATTGCTGTGTTCGAAA,0
ATTGCTTACTAACTGG,0
ATTGCTTCTATATGCA,0
ATTGGAAAAAAATATA,0
ATTGGAAGCGTCAGGC,0
ATTGGAATACGTAGAC,0
ATTGGAATCATAACTT,0
ATTGGACCGCGAGTTT,0
ATTGGACGGAAAAACA,0
ATTGGACTAAAAATGT,0
ATTGGAGCACACTTAA,0
ATTGGAGCTCAAGGCC,0
ATTGGATACATATTTA,0
ATTGGATACTTGAGCC,0
ATTGGATTAACACACT,0
ATTGGCACAACAATCA,0
ATTGGCATCCCATATC,0
ATTGGCATGATTTAAA,0
ATTGGCCACGATTGAG,0
ATTGGCCGGAGAACGT,0
ATTGGCCGTAAAGTTG,0
ATTGGCCGTATAAACT,0
ATTGGCGAAAATTATA,0
ATTGGCGCAGAATACA,0
ATTGGCTAGCCAATGA,0
ATTGGCTTATACACTG,0
ATTGGGAAAATGAGTC,0
ATTGGGAAGAGCCAGG,0
ATTGGGATACACATAG,0
ATTGGGCAGGATCGCC,0
ATTGGGCCTCGCACAC,0
ATTGGGGAAGATATAT,0
ATTGGGTACTATAATC,0
ATTGGGTCCACACGAG,0
ATTGGGTGATCCCTAA,0
ATTGGTAACCCCATAT,0
ATTGGTACAAAAGTCT,0
ATTGGTACTGCACCCT,0
ATTGGTAGCCGAACTG,0
ATTGGTAGTATAACCA,0
ATTGGTATGAAAATTG,0
ATTGGTCATGGACTCA,0
ATTGGTCGAAGTAACA,0
ATTGGTCTGTTACCTA,0
ATTGGTGGCATTCTTG,0
ATTGGTGTCATTTACT,0
ATTGGTTACTTAGACT,0
ATTGGTTTCGATTTGT,0
ATTGTAAATAAAGTAT,0
ATTGTAACAGGAGCGC,0
ATTGTAACGTATTAAG,0
ATTGTAACTTCTCTAA,0
ATTGTAAGGATGCGGG,0
ATTGTACACACCCACC,0
ATTGTAGAACACGCTA,0
ATTGTAGAAGCCCGAC,0
ATTGTAGATGGAATAC,0
ATTGTAGCCCGTGAAA,0
ATTGTAGGCGCACTCT,0
ATTGTAGTCTTCAGAC,0
ATTGTATAATACCATG,0
ATTGTATAATCGTAGA,0
ATTGTATACTAAGACT,0
ATTGTATAGATGTCGA,0
ATTGTATATAAAAGGG,0
ATTGTATCTAGCCTCA,0
ATTGTCACATAAGTCA,0
ATTGTCATCCAATCGC,0
ATTGTCCGAGTTAGAA,0
ATTGTCCGGTCCATGC,0
ATTGTCCTAAGCAAGC,0
ATTGTCCTTGTGCGTT,0
ATTGTCCTTGTTCCTG,0
ATTGTCGATTGATACC,0
ATTGTCTAGCAATTAA,0
ATTGTCTCATAATGTT,0
ATTGTGACACGACAAA,0
ATTGTGAGGCACATGA,0
ATTGTGAGTCTTGACT,0
ATTGTGAGTTGCTCCC,0
ATTGTGATCCGCGACC,0
ATTGTGATGATAACCA,0
ATTGTGCAGTGTTACG,0
ATTGTGCCGTGTAATC,0
ATTGTGCGAGTAGTGA,0
ATTGTGGAAAGTAGAG,0
ATTGTGTTAAACTAAA,0
ATTGTTAAATGCTTTA,0
ATTGTTACTAAGTGAG,0
ATTGTTAGGTCGAAAA,0
ATTGTTATATAAAAGA,0
ATTGTTCAAACAGCTT,0
ATTGTTGAACTGATAT,0
ATTGTTGAGACTAAGG,0
ATTGTTGCAGATCTAG,0
ATTGTTGCCACCTAAA,0
ATTGTTGTCCAACCAA,0
ATTGTTGTTAGACAAT,0
ATTGTTTAGATATTCA,0
ATTGTTTATCAGATAA,0
ATTGTTTGCATAACAA,0
ATTGTTTTTCTATTAT,0
ATTTAAAACACCCGAA,0
ATTTAAACGTTGTAGA,0
ATTTAAAGAATCTTAT,0
ATTTAAAGAATTGGAT,0
ATTTAAAGATTATCAC,0
ATTTAAAGCTCGGCCC,0
ATTTAAAGGCTATGAA,0
ATTTAAAGTACGCAAA,0
ATTTAAAGTCCTACTT,0
ATTTAAATAAACAGGA,0
ATTTAAATACCTTACA,0
ATTTAAATTCAGGAGC,0
ATTTAACAATAGATGG,0
ATTTAACCATATAGAT,0
ATTTAACCCAATTACA,0
ATTTAACCCGTGAGAC,0
ATTTAACGAATTAGCA,0
ATTTAACGAGACGCAT,0
ATTTAACGAGCGCAAT,0
ATTTAACGATCTTGCG,0
ATTTAACTCAGTTGGA,0
ATTTAACTGGACCCGC,0
ATTTAACTTATCTAGC,0
ATTTAACTTCATATCC,0
ATTTAAGAACAGAAAA,0
ATTTAAGAACATAGGT,0
ATTTAAGAAGAGCATC,0
ATTTAAGAGAATAAAT,0
ATTTAAGATACAGTAA,0
ATTTAAGATCAGTTAA,0
ATTTAAGCCGGACCAG,0
ATTTAAGGCATACAAA,0
ATTTAAGGGGAAGAGT,0
ATTTAAGTTGAAACGG,0
ATTTAATAAAGCCTTT,0
ATTTAATAACCAGTAT,0
ATTTAATACAGGCCAC,0
ATTTAATAGTTCCGAC,0
ATTTAATCGATCCTAC,0
ATTTAATTAACTGTTT,0
ATTTAATTCACTTGAA,0
ATTTAATTTTAATTTT,0
ATTTACAAATTCTAAC,0
ATTTACAACTGTAATA,0
ATTTACAAGCGCACAG,0
ATTTACACTGCGCTGA,0
ATTTACAGACAACATT,0
ATTTACAGAGGAGCTG,0
ATTTACAGGTTAATCG,0
ATTTACCCACTTAATA,0
ATTTACCCTTAAACCC,0
ATTTACCTGTACACAT,0
ATTTACGCTATTTGGT,0
ATTTACGTGCAGTACA,0
ATTTACTATAAGCGAG,0
ATTTACTCAACTTACA,0
ATTTACTTAAGCTATC,0
ATTTACTTATTAACAA,0
ATTTACTTCGACAAGC,0
ATTTAGAACCCAAGCT,0
ATTTAGAAGATACAAA,0
ATTTAGAAGTATAGCC,0
ATTTAGAATTCGATAT,0
ATTTAGACATGGACAC,0
ATTTAGACCTGTTAAT,0
ATTTAGAGAATAAAAC,0
ATTTAGAGTTTTAATT,0
ATTTAGATGAGGGATA,0
ATTTAGCAAAACAGAC,0
ATTTAGCAAAATCGTA,0
ATTTAGCAAGCTATTC,0
ATTTAGCTCCCTTCAC,0
ATTTAGCTCTACCGAC,0
ATTTAGGCGTAGGATT,0
ATTTAGTAACACGATA,0
ATTTAGTCAGCCTTAC,0
ATTTAGTCTTCTGCAC,0
ATTTAGTGAACGAGGT,0
ATTTAGTGGTGCACTC,0
ATTTAGTTACTTTATT,0
ATTTAGTTCAAGCGCG,0
ATTTAGTTCAATTATT,0
ATTTATAAAATGAGGT,0
ATTTATAAGAAAGGCC,0
ATTTATAAGTTACTAA,0
ATTTATAATACAATCA,0
ATTTATAATTAAGGCT,0
ATTTATACTAAATTAT,0
ATTTATATCCGTAAAA,0
ATTTATATGGAGGGTA,0
ATTTATATTCCATTTT,0
ATTTATCAATAGAAGC,0
ATTTATCCATCTAAGA,0
ATTTATCGCCCTTACA,0
ATTTATCTCACAGAAG,0
ATTTATGACAGTACCA,0
ATTTATGAGACAGAAA,0
ATTTATGCGACTGCGA,0
ATTTATGCGCATACAA,0
ATTTATGCGGCACTGG,0
ATTTATGGAATAAATT,0
ATTTATGGCAGTAGTT,0
ATTTATGTAAAATTCC,0
ATTTATGTCACGAATC,0
ATTTATTAACGTAGCG,0
ATTTATTGAAGCGGGT,0
ATTTATTGAGAGAACA,0
ATTTATTTCGCAATAT,0
ATTTCAAACATGAAGT,0
ATTTCAAACTTAGATC,0
ATTTCAAAGCTAACCC,0
ATTTCAAAGTTACAGT,0
ATTTCAAATACGTTGG,0
ATTTCAAATTGAATAG,0
ATTTCAACACAGCCGG,0
ATTTCAAGCATGACAG,0
ATTTCAATACTGCACC,0
ATTTCAATAGACAATC,0
ATTTCAATCAAGAAAC,0
ATTTCACAACCATTTA,0
ATTTCACAATCCTAAA,0
ATTTCACAGTCCACAT,0
ATTTCAGAAATACTTC,0
ATTTCAGAAATGCGGC,0
ATTTCAGAAGCTACAT,0
ATTTCATAAGGCAGAA,0
ATTTCATACGACATTG,0
ATTTCATACTCTAGAA,0
ATTTCATATAAGATAA,0
ATTTCATGATACTACA,0
ATTTCCAAAGATAAGG,0
ATTTCCAACGGTTTAT,0
ATTTCCAAGCCGAATA,0
ATTTCCACCTAAATAC,0
ATTTCCATTACGCTTA,0
ATTTCCCATTGACTAG,0
ATTTCCCCAACATTGA,0
ATTTCCCCCGTGCCGT,0
ATTTCCGCCCACCGGA,0
ATTTCCTACTGAACTA,0
ATTTCCTCAAGTATGG,0
ATTTCCTGAACCAACA,0
ATTTCCTTACTCTAAA,0
ATTTCGAAACATATGC,0
ATTTCGAACAACCATT,0
ATTTCGAAGAAGAGGG,0
ATTTCGACACCTTAAA,0
ATTTCGCACTACCATT,0
ATTTCGTCCGTTCACC,0
ATTTCGTGAGAAACCA,0
ATTTCTCAAGAGTATA,0
ATTTCTCCAGCAGTAA,0
ATTTCTCCCAGTAATC,0
ATTTCTCCCTTAAAGG,0
ATTTCTCGTCCATATA,0
ATTTCTGCATACAGCT,0
ATTTCTTAATAATCTC,0
ATTTCTTACAATTCTA,0
ATTTCTTCTTAAAAGT,0
ATTTCTTTCCAGGATT,0
ATTTCTTTTACTGCTA,0
ATTTGAAAAATACGAA,0
ATTTGAAACAATCCCA,0
ATTTGAAACGTAGAAC,0
ATTTGAAATAATTGAG,0
ATTTGAACATACGTTA,0
ATTTGAATAAAGTTTG,0
ATTTGACAAAACACAT,0
ATTTGACAATGCAAAT,0
ATTTGACATGGAGCGC,0
ATTTGACGCAACCCTC,0
ATTTGACGTGGAGAAA,0
ATTTGACTCCAGAACA,0
ATTTGAGAGAATACAT,0
ATTTGAGAGCACTTAG,0
ATTTGAGATGAGGCCC,0
ATTTGAGCAAACCCGT,0
ATTTGAGGCCATTTGT,0
ATTTGAGGTAACTAAA,0
ATTTGATATTTTATCA,0
ATTTGATCGTCGCTCA,0
ATTTGATGAGACCGAT,0
ATTTGATGAGACCTCG,0
ATTTGCAGACTAACCT,0
ATTTGCATCTATTCGC,0
ATTTGCGGTTTTGCTC,0
ATTTGCTAAAAAAATC,0
ATTTGCTATCAAATGA,0
ATTTGCTTAAGACACT,0
ATTTGGAAGTCAGATG,0
ATTTGGAATGGCTCGC,0
ATTTGGAATTCCGTTA,0
ATTTGGAGTCGCAATA,0
ATTTGGATTTTAACAT,0
ATTTGGCTATAATTGA,0
ATTTGGCTTCACGGAA,0
ATTTGGTAAGAATTCA,0
ATTTGTAAAAATATTC,0
ATTTGTAATCGCGCCC,0
ATTTGTACTGCTCGAG,0
ATTTGTAGAATCCCAA,0
ATTTGTAGAGGAAAAA,0
ATTTGTAGGATACAAC,0
ATTTGTATCAGGATAC,0
ATTTGTCAGTCGCACA,0
ATTTGTCAGTCTCCGG,0
ATTTGTCCCCATTAAA,0
ATTTGTCGTAGAATCT,0
ATTTGTGTGAAACAGC,0
ATTTGTTAAAGACTAT,0
ATTTGTTACTATTGTA,0
ATTTGTTCCCGCTACT,0
ATTTGTTCTCGCAACC,0
ATTTGTTTAAGAACGG,0
ATTTTAAACAGAAGAG,0
ATTTTAACATTTACAA,0
ATTTTAACCACCAAAG,0
ATTTTAAGACTAACTC,0
ATTTTAATATAAACGT,0
ATTTTAATCAAGATCC,0
ATTTTAATCCATCCAT,0
ATTTTACAAAAAAATC,0
ATTTTACAACCAAGAC,0
ATTTTACACCAATAGT,0
ATTTTACATCAGTCAA,0
ATTTTACGACTAGTAC,0
ATTTTACGACTTACAT,0
ATTTTACTCTTTCGCC,0
ATTTTAGACTAAGGGG,0
ATTTTAGCAAATGTAG,0
ATTTTATACCCGCAAG,0
ATTTTATACGAAAACA,0
ATTTTATCCATAAGGA,0
ATTTTATCGTTGGTTA,0
ATTTTATTAATTCAGA,0
ATTTTCAAATCGAAAA,0
ATTTTCAATAGGTACA,0
ATTTTCACCAAAAGAC,0
ATTTTCCAGACTAGGT,0
ATTTTCCAGGGGTATA,0
ATTTTCCAGGTTATAA,0
ATTTTCCCCCCAATTT,0
ATTTTCCGACTTGATT,0
ATTTTCCTCTTGAAAG,0
ATTTTCTAATACCTGT,0
ATTTTCTGCTTCCGTC,0
ATTTTCTTACCTTAAC,0
ATTTTCTTCAAAGTGA,0
ATTTTGATATAATAAT,0
ATTTTGATCAACGGAA,0
ATTTTGATGACCACGT,0
ATTTTGCAACCCAAAT,0
ATTTTGCATACCTATG,0
ATTTTGGAACGAATCC,0
ATTTTGGAATGCTGCA,0
ATTTTGGTGTAGCTGC,0
ATTTTGGTTGCAAACA,0
ATTTTGTAGTTCTGAA,0
ATTTTGTATGACATAA,0
ATTTTGTCTCGCTTTG,0
ATTTTTAAATACACTC,0
ATTTTTAATACAAACA,0
ATTTTTAGATGGTACT,0
ATTTTTATGAAACAGC,0
ATTTTTCAAAGTTCCT,0
ATTTTTCTATATTTTA,0
ATTTTTCTATTGCAGT,0
ATTTTTGACTGACTAG,0
ATTTTTTAACTCATTT,0
ATTTTTTAAGATTCTG,0
ATTTTTTCCAAGGAGA,0
ATTTTTTGCAAACCCC,0
ATTTTTTTAATTACTT,0
CAAAAAAAAAAAATAA,0
CAAAAAAAAAACATGA,0
CAAAAAAAAACTTTAA,0
CAAAAAAAAGCCGACA,0
CAAAAAAAAGTCAGAG,0
CAAAAAAAATGATTTA,0
CAAAAAAAATTCTAAT,0
CAAAAAAACCCATCCG,0
CAAAAAAACCGAATCG,0
CAAAAAAACGATTCAC,0
CAAAAAAAGCGCCCAA,0
CAAAAAAAGTCGCGAT,0
CAAAAAAATAACAAAA,0
CAAAAAAATATTAAGG,0
CAAAAAAATCATTGCT,0
CAAAAAACAAACTTCC,0
CAAAAAACACGCTTTA,0
CAAAAAACCCCAACCG,0
CAAAAAACTCTAAATG,0
CAAAAAAGAATACCAC,0
CAAAAAAGAATTAATA,0
CAAAAAAGGAAAAAAT,0
CAAAAAAGGCCCCTCC,0
CAAAAAATAACAATCT,0
CAAAAAATAGATCTCA,0
CAAAAAATATACACGG,0
CAAAAAATGAGTTTCT,0
CAAAAAATGCTTCCAA,0
CAAAAAATGGAGTAAC,0
CAAAAAATTAGTGTGC,0
CAAAAACAAAAATTAC,0
CAAAAACAGACCCCAA,0
CAAAAACCAGCAAAGG,0
CAAAAACCAGTGTTGA,0
CAAAAACGCTAAATAC,0
CAAAAACGTATAAACC,0
CAAAAACTAAGGGTAT,0
CAAAAACTAGTATGGG,0
CAAAAACTCCCTTCGC,0
CAAAAACTGATTCTTA,0
CAAAAACTGTTCTGAA,0
CAAAAACTTACAACCT,0
CAAAAAGACAATACAA,0
CAAAAAGAGTCCAACG,0
CAAAAAGATCGAATAT,0
CAAAAAGATCTACAAC,0
CAAAAAGCATACCAAA,0
CAAAAAGGACGGCGAG,0
CAAAAAGGCTTTATTA,0
CAAAAAGTCGAAATAA,0
CAAAAAGTTAAAGCTC,0
CAAAAATACAAACTAT,0
CAAAAATACCCGCCCA,0
CAAAAATACTCATATT,0
CAAAAATACTCGGTTG,0
CAAAAATAGGGAGATT,0
CAAAAATATGATCGAA,0
CAAAAATCAAACACCG,0
CAAAAATCAAGAGACA,0
CAAAAATCACTAGGAT,0
CAAAAATCCTATTTTT,0
CAAAAATCGACTGGTG,0
CAAAAATCGTTAAAAT,0
CAAAAATGACAGCCTG,0
CAAAAATGCAATATGG,0
CAAAAATTCACGTAAT,0
CAAAAATTGGAATAAC,0
CAAAAATTTGAGTTCC,0
CAAAACAAATCGAATG,0
CAAAACAACAATAATT,0
CAAAACAACCCAATTC,0
CAAAACAATAAATTAA,0
CAAAACACAACAGTAC,0
CAAAACACAGTAACGT,0
CAAAACACAGTAATAC,0
CAAAACACCGATTCTA,0
CAAAACAGCGAAAATA,0
CAAAACAGTAGACTCA,0
CAAAACAGTCAACTTC,0
CAAAACAGTCAAGTAT,0
CAAAACATTTGCTCAT,0
CAAAACCAGCGGTCTG,0
CAAAACCAGCTGTTAG,0
CAAAACCATGCGCGTA,0
CAAAACCGAAGAAATG,0
CAAAACCTAAAAAACC,0
CAAAACGAATGCACTC,0
CAAAACGACGCCTGCT,0
CAAAACGAGTAAAAAA,0
CAAAACGGATAACTGG,0
CAAAACGGATTGTGTT,0
CAAAACGTAATACGTG,0
CAAAACGTAGAATCCA,0
CAAAACGTAGCCGACC,0
CAAAACGTATCCAACA,0
CAAAACGTTACCTTAA,0
CAAAACTAACGAGGAG,0
CAAAACTACCAGGAGA,0
CAAAACTATTACCCTC,0
CAAAACTATTCTGCAT,0
CAAAACTCAGTCCAAC,0
CAAAACTGAAAACAGG,0
CAAAACTGAGAACCTT,0
CAAAACTGAGGCTAGA,0
CAAAACTGAGTTCATT,0
CAAAACTGATGCAAGA,0
CAAAACTGATTAACTC,0
CAAAACTTAACAGGGA,0
CAAAACTTTACATGTG,0
CAAAAGAAAATGATAT,0
CAAAAGAAATAACGGT,0
CAAAAGAAATAATCAT,0
CAAAAGAACAATCTTA,0
CAAAAGACAGCCCTAT,0
CAAAAGACCAAGGCCT,0
CAAAAGACCACTAACC,0
CAAAAGACTAACATAA,0
CAAAAGACTCGTCCGA,0
CAAAAGAGCAAACAGA,0
CAAAAGAGTGACAAAC,0
CAAAAGAGTGATTTCG,0
CAAAAGATTGAGGGAC,0
CAAAAGATTGTGCAAC,0
CAAAAGATTTTAAACT,0
CAAAAGCAAGTGAATT,0
CAAAAGCCCAGAGGGA,0
CAAAAGCTAAGTGCAC,0
CAAAAGCTGAAGTGCT,0
CAAAAGGAAAATGATT,0
CAAAAGGAGAAAACCT,0
CAAAAGGATAGCCCCC,0
CAAAAGGATATCCCAT,0
CAAAAGGCAAAAAAGT,0
CAAAAGGCAAAAGAAC,0
CAAAAGGGGCATAGGC,0
CAAAAGGGTGACGAAT,0
CAAAAGTACAAAAAAT,0
CAAAAGTAGATAACCT,0
CAAAAGTATAATGCCG,0
CAAAAGTCTCTCAGAT,0
CAAAAGTTAAGACCCA,0
CAAAAGTTATAACACA,0
CAAAAGTTATCGCACT,0
CAAAAGTTCTTTATAA,0
CAAAATAACAGACACC,0
CAAAATAACGGACGTC,0
CAAAATAAGAAGATAG,0
CAAAATAAGAAGCAGC,0
CAAAATAAGTTACAAG,0
CAAAATAATACAATCA,0
CAAAATACGCAGACAG,0
CAAAATACTCTCGAAT,0
CAAAATAGATTTGACG,0
CAAAATAGGACTATCA,0
CAAAATATACACTCGG,0
CAAAATATGGTGTCAC,0
CAAAATATTTATGAAT,0
CAAAATATTTTCGGAC,0
CAAAATCAAAACCACA,0
CAAAATCAAACTTATA,0
CAAAATCAAGACCAAA,0
CAAAATCAAGATATGG,0
CAAAATCCACATCCTC,0
CAAAATCCCTAACCAA,0
CAAAATCCGTCGATGT,0
CAAAATCTTACAGGTA,0
CAAAATGAGATGACAA,0
CAAAATGAGTAAATAA,0
CAAAATGATACAAAAC,0
CAAAATGCACTGCCAC,0
CAAAATGCGAACTATA,0
CAAAATGGCATTAAGT,0
CAAAATGGGCAGAAGT,0
CAAAATGTAATATCCT,0
CAAAATTAATAGTAAG,0
CAAAATTACTACCAGG,0
CAAAATTATGGGCCAA,0
CAAAATTATGTATAAC,0
CAAAATTATTGCAAAT,0
CAAAATTCCTATATCG,0
CAAAATTGTCATAAAT,0
CAAAATTGTCTAACTG,0
CAAAATTTACTAGGAA,0
CAAAATTTTCAACTTC,0
CAAAATTTTTAAAAAT,0
CAAACAAAATTGATCC,0
CAAACAAAGCACTAAG,0
CAAACAAAGGAAATTC,0
CAAACAACAACTTCTC,0
CAAACAACACTTCAAA,0
CAAACAACATTTCAAA,0
CAAACAACGAAGAAGT,0
CAAACAACTCCCCGTT,0
CAAACAAGACATCATC,0
CAAACAAGAGTTGATA,0
CAAACAAGATCAGCAT,0
CAAACAAGCAATAGGG,0
CAAACAAGCGAGCAGT,0
CAAACAAGTTCGCTAG,0
CAAACAAGTTGTATCA,0
CAAACAATCCAATCAA,0
CAAACAATGAGATACT,0
CAAACAATTTGAGCTT,0
CAAACACAGATTACTA,0
CAAACACATATTAGAT,0
CAAACACATCTCCATT,0
CAAACACATTAATGCA,0
CAAACACCCTAAACAC,0
CAAACACCGTATTAAG,0
CAAACACGAAGCCATG,0
CAAACAGAGCTAGCAA,0
CAAACAGCCGTAGATT,0
CAAACAGCGCGTTAAA,0
CAAACAGGTCTTACGA,0
CAAACAGTACCTACTC,0
CAAACAGTATCTACCT,0
CAAACAGTATGCTGAA,0
CAAACATATAAACCAA,0
CAAACATCAACCCCAC,0
CAAACATCGAATCGGG,0
CAAACATCTAAGATAA,0
CAAACATCTTAATACC,0
CAAACATGAAGAGACT,0
CAAACATGAAGGTTAT,0
CAAACATTCGACTAAT,0
CAAACATTGGGATAAG,0
CAAACCAAACCCCCCC,0
CAAACCAAACTAAACG,0
CAAACCAAAGGTTCCC,0
CAAACCAATAGGCCCA,0
CAAACCACCGGAGTCG,0
CAAACCAGATATATAC,0
CAAACCAGCCCAATAT,0
CAAACCAGTAGCTCGG,0
CAAACCCAATCTACAG,0
CAAACCCACTGAAAAA,0
CAAACCCCTAAATCGT,0
CAAACCCTGAGCACCG,0
CAAACCGAGTGGTTGT,0
CAAACCGCAATTTGAC,0
CAAACCGGCTGCTTGC,0
CAAACCGTTAAATGTT,0
CAAACCTAAAGTTTAA,0
CAAACCTAGCGAGGTA,0
CAAACCTATCTAAAAC,0
CAAACCTCATACTTTG,0
CAAACCTCTTTGGACT,0
CAAACCTGACTAGTGC,0
CAAACCTTATGGTAAA,0
CAAACCTTGGTTATCG,0
CAAACCTTTTCAAATT,0
CAAACGAACCCTCAAC,0
CAAACGAAGAAGCCCG,0
CAAACGAAGATACGAG,0
CAAACGAATCTTGGAT,0
CAAACGAATTAGTAAG,0
CAAACGACGAAATAAG,0
CAAACGAGTACATATA,0
CAAACGAGTCTTATTA,0
CAAACGATAATAGAAC,0
CAAACGCAATGTTAAA,0
CAAACGCAGTTTAAAG,0
CAAACGCCGTCGCTTG,0
CAAACGCTAAGGCAAC,0
CAAACGCTAAGGTGCT,0
CAAACGCTACTCCGAT,0
CAAACGGATTGTTACG,0
CAAACGGGAAACAAAA,0
CAAACGTAAAGAACAG,0
CAAACGTAACACGATA,0
CAAACGTACGCGGAAT,0
CAAACGTCATTTTGCC,0
CAAACGTCGTCTGGCC,0
CAAACGTCTAGTAATC,0
CAAACGTGACTCGATC,0
CAAACGTGCCCTACCC,0
CAAACGTGCGAAAAAG,0
CAAACGTTTGGCATAC,0
CAAACTAAAAAAAGAG,0
CAAACTAACTATCTAC,0
CAAACTATAACGTGCT,0
CAAACTATCACCGGTA,0
CAAACTATGGGATCAT,0
CAAACTCATACACCAG,0
CAAACTCGATAATCAG,0
CAAACTCGATGGTCCA,0
CAAACTCGCTGATATC,0
CAAACTCTAAAACTGA,0
CAAACTCTGCCTACAG,0
CAAACTGACACCCTCG,0
CAAACTGACCCACCAC,0
CAAACTGACTTCAGAC,0
CAAACTGATATATGGG,0
CAAACTGCTATCATGA,0
CAAACTGGAACGTCCT,0
CAAACTGGATCATATT,0
CAAACTGGGCCGACCT,0
CAAACTGTGCTCACCG,0
CAAACTTAGAAAAACT,0
CAAACTTCAGAGCTCG,0
CAAACTTCATTACTAA,0
CAAACTTCCAATCGCA,0
CAAACTTGGCTGATAT,0
CAAACTTGTAGAGAAG,0
CAAACTTGTGAAACCA,0
CAAACTTGTGACAGAT,0
CAAACTTTAACAGTTG,0
CAAACTTTGAGATCTT,0
CAAACTTTTATGTATC,0
CAAAGAAAAAATCTCA,0
CAAAGAAAACAGATGG,0
CAAAGAAAACATGCTC,0
CAAAGAAAAGATCTAA,0
CAAAGAAACAATGAAG,0
CAAAGAAAGCACCGGA,0
CAAAGAACCGTACACA,0
CAAAGAATAAGAGTAT,0
CAAAGAATGCTACTAT,0
CAAAGACAAACTGATT,0
CAAAGACCCCAAAAAT,0
CAAAGACCTATACCAA,0
CAAAGACGCCATAAGA,0
CAAAGAGAAAGTAATA,0
CAAAGAGATGAAAACA,0
CAAAGAGATTCAGACT,0
CAAAGAGCGGATGCTG,0
CAAAGAGTAACGGAGA,0
CAAAGAGTAGCAATCC,0
CAAAGAGTATAAGGCC,0
CAAAGATAAATCCATA,0
CAAAGATAAGAGACCC,0
CAAAGATACCACAAAA,0
CAAAGATACCTTAAAC,0
CAAAGATACGAAATGC,0
CAAAGATCAAACAAAT,0
CAAAGATGTCAATTAA,0
CAAAGATTGTCCCAGC,0
CAAAGCAGGAACGACC,0
CAAAGCATTTTCTACC,0
CAAAGCCCCAATTAAT,0
CAAAGCCCCTAGAGCG,0
CAAAGCCTGGAATTCT,0
CAAAGCCTTTTAAACA,0
CAAAGCGAACCAGCCC,0
CAAAGCGTTATTACTG,0
CAAAGCTAAATAGATA,0
CAAAGCTTTTAAGATG,0
CAAAGGAGATTTTGAG,0
CAAAGGATAATAGTAT,0
CAAAGGATATTTAACT,0
CAAAGGATATTTATTT,0
CAAAGGATCCTGGACT,0
CAAAGGCCTTACAAAG,0
CAAAGGGCTTAGGTGG,0
CAAAGGGGCCGTTGTG,0
CAAAGGGGGACAAGCA,0
CAAAGGGGTGGAAGGT,0
CAAAGGGTATCAAAAT,0
CAAAGGGTCCATTAAT,0
CAAAGGTCCATACGAT,0
CAAAGGTTCAAGTGCC,0
CAAAGGTTGATATAGT,0
CAAAGGTTTGTTACCC,0
CAAAGGTTTGTTATCG,0
CAAAGGTTTTGTTGGG,0
CAAAGTAAAAGAGAAG,0
CAAAGTAAACTGCGCT,0
CAAAGTAAAGTAACAG,0
CAAAGTAAATAAACAG,0
CAAAGTAATTAAAGTA,0
CAAAGTACCCATTATA,0
CAAAGTACTACTAAAT,0
CAAAGTACTTAAGGAG,0
CAAAGTACTTGAAGAA,0
CAAAGTAGACAAGTCG,0
CAAAGTAGATTTAAAT,0
CAAAGTATGTAAGAAA,0
CAAAGTATTTATAACA,0
CAAAGTCCAAACTTGT,0
CAAAGTCCACTCAGTT,0
CAAAGTCCGCTCACGC,0
CAAAGTCGAGATCTTA,0
CAAAGTCGGAATATCA,0
CAAAGTCTGCGCCCCT,0
CAAAGTCTTTAATTTA,0
CAAAGTGATAACGAAG,0
CAAAGTGTTTGAGACT,0
CAAAGTTAATCAAAAC,0
CAAAGTTAGACCCCAC,0
CAAAGTTCACTATTGC,0
CAAAGTTCAGCTGTTA,0
CAAAGTTGGAAAAATG,0
CAAAGTTTTGCTTTAA,0
CAAATAAAAACAACCG,0
CAAATAAAAATAAAGG,0
CAAATAAACATGAAAC,0
CAAATAAATATATTAG,0
CAAATAAATTATTTCC,0
CAAATAAATTCAAAAA,0
CAAATAACAATATGGA,0
CAAATAACGAATATAC,0
CAAATAAGCCAATTTG,0
CAAATAATAGATTTAC,0
CAAATAATAGGACGAA,0
CAAATAATAGTTCATA,0
CAAATAATCCAGACTT,0
CAAATAATGGTTGATA,0
CAAATAATTTGAAATA,0
CAAATACAAAATGGAC,0
CAAATACAATGACGGA,0
CAAATACAATGCATCA,0
CAAATACCAACACGCA,0
CAAATACTCCGAAAGT,0
CAAATACTTCCAAGCT,0
CAAATACTTGTTTCAA,0
CAAATAGATTCTGGGT,0
CAAATAGATTGATTAT,0
CAAATAGCCACTTTAA,0
CAAATAGGACAACATC,0
CAAATAGTAAATGGGC,0
CAAATAGTGGGAGCAA,0
CAAATATAAAAGAAGG,0
CAAATATAAACACCAA,0
CAAATATAACTCGACA,0
CAAATATACAAGAAAG,0
CAAATATGGATACACC,0
CAAATATTAACATACA,0
CAAATATTAAGCATTT,0
CAAATATTCAAAACCC,0
CAAATATTCGAATATG,0
CAAATCAAACTGGATT,0
CAAATCAATAAAACGC,0
CAAATCACCCCCCTAG,0
CAAATCACTAGCTCAA,0
CAAATCATAACTGAAA,0
CAAATCATGTTCATCA,0
CAAATCCAGGCCAAGC,0
CAAATCGACATTAACC,0
CAAATCGAGCAGAATA,0
CAAATCGCTTAAACTT,0
CAAATCGTAATGAACA,0
CAAATCTAACGGGAAC,0
CAAATCTAAGCACAAT,0
CAAATCTAATACCCAA,0
CAAATCTACCCAGCAA,0
CAAATCTATCTCCGAG,0
CAAATCTCAGCCTCAA,0
CAAATCTCGAGGAAAA,0
CAAATCTGTACATCTG,0
CAAATCTTGTGAGGAA,0
CAAATGAAATTAAAGT,0
CAAATGAACGAGGCTA,0
CAAATGAATTGGTGCC,0
CAAATGACACTGAGTA,0
CAAATGAGATGTAAAA,0
CAAATGAGATTTTATG,0
CAAATGAGCCACCCCA,0
CAAATGAGTGGACTAC,0
CAAATGATAAGGGGGC,0
CAAATGATGAATACAA,0
CAAATGATGGAATAAT,0
CAAATGCAAAACGACG,0
CAAATGCAATACATAT,0
CAAATGCACATATCAT,0
CAAATGCATATATGAC,0
CAAATGCCCGTATGCA,0
CAAATGCCTCATGTTT,0
CAAATGCGTTAGGGAC,0
CAAATGCTTCAATTGC,0
CAAATGGCACCTTAAA,0
CAAATGTACAGCATGG,0
CAAATGTACGAGACAA,0
CAAATGTAGTATCAAG,0
CAAATGTATTGCACAA,0
CAAATGTCAGTGGAAT,0
CAAATGTCATTAGTTC,0
CAAATGTGAAAGCCGT,0
CAAATGTGCATAACTA,0
CAAATGTGTCGCAATG,0
CAAATGTTAAAGATGC,0
CAAATGTTACTACTCA,0
CAAATGTTGATTAAGA,0
CAAATGTTTCACAACG,0
CAAATGTTTTACGGAT,0
CAAATTAAACATCACT,0
CAAATTAAATCTAAGT,0
CAAATTAATCAATTCA,0
CAAATTAATCTCTTGT,0
CAAATTACAAGGGCCT,0
CAAATTAGCACCAAAA,0
CAAATTAGCAGCATAT,0
CAAATTAGGAAACGCA,0
CAAATTATTTATGCCA,0
CAAATTCGGACCCCTC,0
CAAATTCGGCCGTCCC,0
CAAATTCGTTTGGAAA,0
CAAATTGAACATCCCG,0
CAAATTGAGATGTGAC,0
CAAATTGATATAGATC,0
CAAATTGATCCCGCAA,0
CAAATTGATTCTTGTT,0
CAAATTGCACAAACAG,0
CAAATTGCACCTTACA,0
CAAATTGTAGAAGCAA,0
CAAATTTACAATTTAC,0
CAAATTTATATAATAA,0
CAAATTTATCATTCAA,0
CAAATTTCTTGGGTCA,0
CAAATTTTCAAAAACG,0
CAAATTTTCCCAAAAC,0
CAAATTTTTAAAGATG,0
CAACAAAAAATCAAAT,0
CAACAAAAAGCTTTGA,0
CAACAAAAGTACTCTA,0
CAACAAACACAGTATT,0
CAACAAACTGTTACAT,0
CAACAAAGACTCACAA,0
CAACAAAGGAGCGAAA,0
CAACAAATAAAGATTC,0
CAACAAATAGAAATAT,0
CAACAAATAGCCCTTA,0
CAACAAATTGCCAATG,0
CAACAACAACGTGAGG,0
CAACAACACATATTAC,0
CAACAACACGGACGTA,0
CAACAACATGCTAGAC,0
CAACAACCAAATTGTA,0
CAACAACCAGCTTTGC,0
CAACAACCATTATTGA,0
CAACAACCCACAGCAA,0
CAACAACCTCTTACGT,0
CAACAACGTTTGTCTA,0
CAACAACTACCAAATA,0
CAACAACTGCTACACC,0
CAACAACTTAGTAAGC,0
CAACAACTTTGCTTTA,0
CAACAAGAGACAACGC,0
CAACAAGCGCTCGCAT,0
CAACAAGGCCGCTAAT,0
CAACAAGGCTTAGCAC,0
CAACAAGGGATAATCA,0
CAACAAGTAAAAACAA,0
CAACAAGTTACATGAC,0
CAACAATAAAAACATG,0
CAACAATAATATTCAG,0
CAACAATACCAGGATT,0
CAACAATATTGCCACA,0
CAACAATCTTCTCTAC,0
CAACAATGCAACAAAC,0
CAACAATTCATAGAAA,0
CAACAATTTATAAAGA,0
CAACACAAAAATAATT,0
CAACACAATCCCACAA,0
CAACACACTATGCAAC,0
CAACACAGTACTGACC,0
CAACACCAGGCCACAA,0
CAACACCCCAGAAACG,0
CAACACCGCATCAAAA,0
CAACACCTTAGAAATC,0
CAACACGAAACACCAA,0
CAACACGGTATACCTA,0
CAACACGGTTATCTAA,0
CAACACTAGGGCCTTT,0
CAACACTCTTAAGATG,0
CAACACTGGACATTAT,0
CAACACTTATTACTTC,0
CAACAGAACAAACCAG,0
CAACAGAATTACACTA,0
CAACAGAGATCTTAGA,0
CAACAGAGCTAGCGAG,0
CAACAGATCATTGATA,0
CAACAGATCGCCAATG,0
CAACAGCGCACATCTC,0
CAACAGCGCCCCGAGA,0
CAACAGGCCCGGGGCA,0
CAACAGGGATAATAAA,0
CAACAGGGATTTACAG,0
CAACAGTAGTGTCCGT,0
CAACAGTATTATTGCA,0
CAACAGTCACGCCTTG,0
CAACAGTGACCCGATA,0
CAACAGTGATATTAAG,0
CAACAGTGGTTAGTAT,0
CAACATACCTAGTTTT,0
CAACATAGCTGGGGCA,0
CAACATAGTGCATTGG,0
CAACATATAACTTATT,0
CAACATATAATAGGCT,0
CAACATATACCCTCTA,0
CAACATATATACGATA,0
CAACATATGTGCATGC,0
CAACATATTACTACAC,0
CAACATCAACAAGACG,0
CAACATCAATATTAAC,0
CAACATCATCCTTTAT,0
CAACATCCCATAGGAC,0
CAACATGACCTTGTCC,0
CAACATGTAAACCATG,0
CAACATGTGATCAACA,0
CAACATTGTTGAGAAC,0
CAACATTTCATATTGA,0
CAACCAAACAAAACAC,0
CAACCAAAGCCAAACA,0
CAACCAACAAGAGTCA,0
CAACCAACTGTGGAAT,0
CAACCAAGACTGAGGT,0
CAACCAAGCTGTGATT,0
CAACCAATTCAACTAA,0
CAACCAATTCGCATAC,0
CAACCACGTTTGGATG,0
CAACCACTATCACCCG,0
CAACCAGCCGTGGCCC,0
CAACCAGGTGTACTCC,0
CAACCAGGTTATATGT,0
CAACCAGTAGCGCTCT,0
CAACCAGTCTAGTAAG,0
CAACCATAACTTAAAA,0
CAACCATACGAATTCT,0
CAACCATATATACCTT,0
CAACCATCTCGAAAAT,0
CAACCATGCATGTATT,0
CAACCATTATGTAATT,0
CAACCATTTACTGATG,0
CAACCCAAAACAGAAT,0
CAACCCAAAGACCCGA,0
CAACCCAACGGCTACA,0
CAACCCAGACCAGTTG,0
CAACCCAGTGATGCGT,0
CAACCCATCACGGTCT,0
CAACCCCAACAACCAG,0
CAACCCCATAAGATTG,0
CAACCCCTAGCTATTG,0
CAACCCCTATAAATTA,0
CAACCCCTCCCTACAG,0
CAACCCTAACTCTTAG,0
CAACCCTATTGTTAAA,0
CAACCCTCCACGAACA,0
CAACCCTCCCAAATAA,0
CAACCCTGCAAATCAA,0
CAACCCTTAAGTAAGA,0
CAACCCTTATGCGATC,0
CAACCGACGACCTTTT,0
CAACCGAGACAATCAG,0
CAACCGATAGTTGTTG,0
CAACCGCAAAATAGGC,0
CAACCGCCTTACTATC,0
CAACCGCGGGAATCCT,0
CAACCGTCCAAAAATT,0
CAACCGTGCAAGTATG,0
CAACCGTTTATTGCTA,0
CAACCTAAATCTAAAA,0
CAACCTAAGCAACAGA,0
CAACCTACTAATGATT,0
CAACCTAGACAAAAAA,0
CAACCTATAACAGGTA,0
CAACCTATATAGTAGT,0
CAACCTATTTTCATAA,0
CAACCTCAAGCAGGAA,0
CAACCTCATCCAAGCC,0
CAACCTCCTACAGGTT,0
CAACCTGAGTACCCCG,0
CAACCTGATTTTACTA,0
CAACCTTAAATAATAA,0
CAACCTTAACTAAATT,0
CAACCTTACACTTTTG,0
CAACCTTCGACAAATT,0
CAACCTTGCTACGTAT,0
CAACCTTTATTTAATT,0
CAACCTTTCAGATTCA,0
CAACGAAAAACACTTT,0
CAACGAAAAGTAAACC,0
CAACGAAAGTAGCATC,0
CAACGAAATACTTCAC,0
CAACGAACGGGAAGAA,0
CAACGAACTATGTGCG,0
CAACGAAGTAGACGAA,0
CAACGAATGTTAGTTC,0
CAACGAATTAACAGAC,0
CAACGAATTATATCTA,0
CAACGACCGAATATTA,0
CAACGACCGTGCACGC,0
CAACGACTTGCTATTT,0
CAACGAGTGCACACAT,0
CAACGATAATACAAAC,0
CAACGATTGCTGGGTT,0
CAACGATTTAACAAAT,0
CAACGCACACTTGATG,0
CAACGCACCACACTAC,0
CAACGCAGCCATGTAG,0
CAACGCCTACTTACGT,0
CAACGCGCTTGGTTAT,0
CAACGCGGGAATGACA,0
CAACGCGTCATACTTC,0
CAACGCTAGACAACAT,0
CAACGCTGATCAATCT,0
CAACGGAATCGGAGAA,0
CAACGGAATTAAGCTT,0
CAACGGACCAAATTTA,0
CAACGGACCCAAACAA,0
CAACGGACTCGATTAC,0
CAACGGCCATCTTTTA,0
CAACGGTCCAACAAGT,0
CAACGTAAAAGAAAAA,0
CAACGTAAATACCCAC,0
CAACGTAAATTGGTCC,0
CAACGTACAAGAAGCC,0
CAACGTATCTCTTTCC,0
CAACGTCCTGTAAAAA,0
CAACGTGATGGTCGGT,0
CAACGTGTACAAAGAC,0
CAACGTTAGTGAGTGA,0
CAACGTTGTATTGCCT,0
CAACTAAAAAGGTTTT,0
CAACTAAAACTTAGGT,0
CAACTAAAGTTAGATT,0
CAACTAAATAAATAAT,0
CAACTAAATAACGGTG,0
CAACTAAATAGCAAAA,0
CAACTAAATTCATCCT,0
CAACTAACAAATCGTC,0
CAACTAAGAAACCCGC,0
CAACTAAGCGCACGAA,0
CAACTAATCACATATG,0
CAACTAATCCAGTTAA,0
CAACTAATGGGTGAGA,0
CAACTAATTCTATGGT,0
CAACTACAACCTCAAC,0
CAACTACAACTTTAAT,0
CAACTACACTCCACAC,0
CAACTACAGCTCTTTG,0
CAACTACATTATATTA,0
CAACTACCAAAGAGTA,0
CAACTACCGCTCATAA,0
CAACTACCTCACTCCC,0
CAACTAGACGCTAGAT,0
CAACTAGATTAGTGAA,0
CAACTAGCATAGAAGG,0
CAACTAGCTCCGTAAT,0
CAACTAGTTAGACACA,0
CAACTATACTTACTTA,0
CAACTATCAGAAAGGG,0
CAACTATCTGAACCTA,0
CAACTATCTGTAGATA,0
CAACTATGCGGCTTCT,0
CAACTATTATGATGGC,0
CAACTCACACATAGTT,0
CAACTCAGGCTACCGC,0
CAACTCATCTGGTTCC,0
CAACTCCACATGCGGC,0
CAACTCCAGGGTGTGT,0
CAACTCCATATCTCTT,0
CAACTCCGTGAATTGC,0
CAACTCGAAAAGATTT,0
CAACTCGTCGCATTAT,0
CAACTCTGACACTACA,0
CAACTCTTACATTTGG,0
CAACTCTTCATCCAAT,0
CAACTCTTCGAGTAAG,0
CAACTCTTTTGCAAAT,0
CAACTGAAAATTTTTC,0
CAACTGAACTATATAA,0
CAACTGAGTACGAGTC,0
CAACTGCCTCGAGCAT,0
CAACTGCGACACATAG,0
CAACTGCTTACATACT,0
CAACTGGCAATGAATT,0
CAACTGGGGGCTCAGA,0
CAACTGTAGCAATGGT,0
CAACTGTTACAATACA,0
CAACTTAAATGTTGCT,0
CAACTTAACCAACAGC,0
CAACTTAATAATAATC,0
CAACTTAATACGCAGA,0
CAACTTAGATCCTCAC,0
CAACTTAGGAAAGACA,0
CAACTTAGGAGAAACA,0
CAACTTATTGGAGTCC,0
CAACTTCATGGGCTTA,0
CAACTTCGGAATTCCG,0
CAACTTCTAGAATTTT,0
CAACTTCTCTGCCGCA,0
CAACTTGCACGATCCC,0
CAACTTTAAACTGTTC,0
CAACTTTAACTGAGTC,0
CAACTTTCTCATAGCA,0
CAAGAAAAAGGCGATG,0
CAAGAAAACGTCACAA,0
CAAGAAAATCCTATAA,0
CAAGAAAATCGAATGA,0
CAAGAAAATCTACCAG,0
CAAGAAAATTCTTAGT,0
CAAGAAACCATATTTA,0
CAAGAAACTTTCAAAC,0
CAAGAAAGCGGAATTT,0
CAAGAAATCAAGACCC,0
CAAGAAATGTTACAAA,0
CAAGAAATTAAGACGT,0
CAAGAAATTATTATTC,0
CAAGAACAATAAAAAA,0
CAAGAACAATAATTCC,0
CAAGAACATAGGCCCA,0
CAAGAACTATGATTAA,0
CAAGAACTATTGCATT,0
CAAGAACTTTAAAGAT,0
CAAGAAGAATTGTAAA,0
CAAGAAGCACAAGCAA,0
CAAGAAGGTATATAAC,0
CAAGAAGTCCACAATT,0
CAAGAAGTCTTTGAAA,0
CAAGAAGTGGTCTTAG,0
CAAGAAGTTTAACTCT,0
CAAGAATAATTTGTTA,0
CAAGAATGACTCGAGG,0
CAAGACAACAAAAATC,0
CAAGACAACAACCTAC,0
CAAGACAAGTAAAATA,0
CAAGACAGAACGATAA,0
CAAGACATATAAACAA,0
CAAGACATCAGTGGTT,0
CAAGACATGATTTAAG,0
CAAGACATTCAACATC,0
CAAGACCCAAAATCAC,0
CAAGACCTTCCTGCCG,0
CAAGACGACAATAGAC,0
CAAGACGAGGAGGGTT,0
CAAGACGTTATACAGT,0
CAAGACTACCAAGAGA,0
CAAGACTCAGGACAAT,0
CAAGAGACGTATACCA,0
CAAGAGAGCTAATGTG,0
CAAGAGATCCCTTTCC,0
CAAGAGATCGTGTTAC,0
CAAGAGATGCCCGGTG,0
CAAGAGCATGATATAT,0
CAAGAGCCCAAAGCGA,0
CAAGAGCGGCAAGCGC,0
CAAGAGCTATTTTCAG,0
CAAGAGGATCTAAAAT,0
CAAGAGTAAATTGAGG,0
CAAGAGTCAAGAGTCC,0
CAAGAGTGGCTAATAA,0
CAAGAGTGTTCTGTTG,0
CAAGAGTTATAGACGG,0
CAAGAGTTCTCCTTTC,0
CAAGATAATAATCAAG,0
CAAGATACACAACCCA,0
CAAGATATAAAACAGT,0
CAAGATCGGATGGAGA,0
CAAGATGAAATAACCA,0
CAAGATGCGACAATGG,0
CAAGATGGATTCTCAT,0
CAAGATGGCTTATGAT,0
CAAGATGTGCGGACCG,0
CAAGATTAAATAGAGA,0
CAAGATTCACGTTAAA,0
CAAGATTCATGTCCTC,0
CAAGATTCTATTAGAT,0
CAAGCAAACTTTACAT,0
CAAGCAACTCAGTTGG,0
CAAGCAAGCTAAATGA,0
CAAGCAATTAACCCTA,0
CAAGCACAAGCCAGAG,0
CAAGCACACGGACCTC,0
CAAGCACATCCTGGGA,0
CAAGCACCCCAGGAAA,0
CAAGCACCTATTGTAT,0
CAAGCACCTCAAAATA,0
CAAGCACGCCTCTCTG,0
CAAGCACTATTTCTAC,0
CAAGCAGATCGATATC,0
CAAGCAGCATAAATAC,0
CAAGCAGTTAAAGTAA,0
CAAGCATAAAATTGCT,0
CAAGCATAAATATATT,0
CAAGCATAAATGCCGA,0
CAAGCATACACTCGCC,0
CAAGCATACTCACAAC,0
CAAGCATATACTCAGT,0
CAAGCATCATAGATAT,0
CAAGCATCGTATGTAC,0
CAAGCATTATTGCAAT,0
CAAGCATTCACTACGA,0
CAAGCATTTTATGGAA,0
CAAGCCAACAAAGAAC,0
CAAGCCAATGAGACAC,0
CAAGCCAGAGGGTTCT,0
CAAGCCCCACCCGAAA,0
CAAGCCCCCCCTCACC,0
CAAGCCCCTTTACTTA,0
CAAGCCCTACCAAACA,0
CAAGCCCTTCCAACTT,0
CAAGCCGGGACAGAGA,0
CAAGCCGTTTATGAGA,0
CAAGCCTACTGATTAT,0
CAAGCCTAGAGCAAAA,0
CAAGCCTGCAAACTTA,0
CAAGCCTTGTAAGCAG,0
CAAGCGACCGCTATGA,0
CAAGCGAGTGAAACCT,0
CAAGCGATTCCATGAC,0
CAAGCGCAAATAATTA,0
CAAGCGCTTTAGTTTC,0
CAAGCGGAATGCTAAC,0
CAAGCGGTAAGAGGGA,0
CAAGCGTAATTAATTA,0
CAAGCGTTCTACCTCT,0
CAAGCTCAAGCCAGCG,0
CAAGCTCCTTGAGTGG,0
CAAGCTCTGCCAAAGA,0
CAAGCTCTTGGACCTA,0
CAAGCTGTAAATAACC,0
CAAGCTTATGTTAACA,0
CAAGCTTGTACCCCTA,0
CAAGCTTTATCTACAA,0
CAAGCTTTTACATGGG,0
CAAGCTTTTCCAAATA,0
CAAGGAAATTACCTAT,0
CAAGGAACCACATTAA,0
CAAGGACATTGTAATA,0
CAAGGACTGTTATGCT,0
CAAGGAGACTTTTAAT,0
CAAGGAGCACTACAAT,0
CAAGGAGCTTCAATAG,0
CAAGGAGGACGCGTAA,0
CAAGGATAATAAGCAA,0
CAAGGATACGCCACTG,0
CAAGGATCTATAAATT,0
CAAGGCAATCGGAAGT,0
CAAGGCAGGTGACTAC,0
CAAGGCCACCACCGCC,0
CAAGGCCAGTGGAAAG,0
CAAGGCGGTATTACCA,0
CAAGGCGTTAACGATT,0
CAAGGCTTATGCATTT,0
CAAGGCTTTCGAGTCT,0
CAAGGGAAAAAAGAAT,0
CAAGGGAAAACTGCAG,0
CAAGGGACAGGTATCC,0
CAAGGGAGGACAAGAT,0
CAAGGGAGTGAACCAG,0
CAAGGGCCTAATACCA,0
CAAGGGCTACCACCTA,0
CAAGGGGAGAACCTCT,0
CAAGGGTACGGAACTA,0
CAAGGGTGTCTCGCTA,0
CAAGGTACCGTTGTGT,0
CAAGGTACGACTACTT,0
CAAGGTACTCGTGCAC,0
CAAGGTAGACTCACAC,0
CAAGGTCAAAGTATGT,0
CAAGGTCAGGCCACTA,0
CAAGGTCGACGACGCG,0
CAAGGTGAAAAGAAAG,0
CAAGGTGACATGTAGT,0
CAAGGTTAAGAAATAC,0
CAAGGTTATAGCCTAG,0
CAAGGTTATATCTTCA,0
CAAGGTTCCCGAGTAC,0
CAAGTAAACTGCAGTT,0
CAAGTAAAGAAATAAA,0
CAAGTAAAGATAAAAT,0
CAAGTAACAACTAACG,0
CAAGTAACTAAAAGTA,0
CAAGTAATAGCCCCAT,0
CAAGTAATGATACCTC,0
CAAGTAATTGCATGTA,0
CAAGTACATCCCGTAG,0
CAAGTACCAAAACTAA,0
CAAGTACTTCAGCGTA,0
CAAGTACTTGCATCCT,0
CAAGTAGAGAGTTGTA,0
CAAGTAGATCTGGGAC,0
CAAGTAGATGTTCTTA,0
CAAGTAGTCAGGGCAT,0
CAAGTATACGGCCAAA,0
CAAGTATCAATTCGGA,0
CAAGTATCACCACACC,0
CAAGTATGGGTCCACG,0
CAAGTATTCCACAACT,0
CAAGTCACCCATGTAG,0
CAAGTCCCGCGTCGAA,0
CAAGTCCTAGGATGAG,0
CAAGTCGACAGTAAGC,0
CAAGTCGATGAAAAAA,0
CAAGTCGGCGTGATGA,0
CAAGTCTAAAAGAATT,0
CAAGTCTAATACTTAT,0
CAAGTCTAATAGACAC,0
CAAGTCTGAGTGTAAA,0
CAAGTGAAAATTAAAA,0
CAAGTGAATAAGAGCT,0
CAAGTGACAAAAGTAG,0
CAAGTGATAACCCGTT,0
CAAGTGCTCAGGATAC,0
CAAGTGCTTCATAAAC,0
CAAGTGTAGCAGCATA,0
CAAGTGTTACCATAAA,0
CAAGTGTTGCTCTGTA,0
CAAGTTAAATTCAGTT,0
CAAGTTAAGAACTATT,0
CAAGTTACAAAAAGCT,0
CAAGTTAGGTAAACAC,0
CAAGTTATAACACCCG,0
CAAGTTATCTGATGTG,0
CAAGTTATGTAGTGAA,0
CAAGTTGACCGTCCTT,0
CAAGTTGCATATCAAG,0
CAAGTTGCGGTTTCGG,0
CAAGTTTAATACAAAA,0
CAAGTTTACGGTAAAC,0
CAAGTTTCAGTAGAGA,0
CAAGTTTCTCGAAATA,0
CAAGTTTGAGTTAATA,0
CAATAAAACAGATAAG,0
CAATAAAACCATAAAG,0
CAATAAAACCATTGAC,0
CAATAAAAGGCTTGCC,0
CAATAAAATGTACCGT,0
CAATAAACCGGTCGTG,0
CAATAAATTGGCCTCT,0
CAATAACAAACTAAAA,0
CAATAACAATGTAGAA,0
CAATAACACACACCAG,0
CAATAACATGTCAGAA,0
CAATAACCAAACAATT,0
CAATAACCATCCTAGA,0
CAATAACCATTCCCTT,0
CAATAACCCTACACCA,0
CAATAACCGGAAGAGG,0
CAATAACCTCTCTCTA,0
CAATAACGAAAATCCT,0
CAATAACTAACTCCAG,0
CAATAACTGCTTAGAT,0
CAATAAGATCATTACT,0
CAATAAGCATGACCTT,0
CAATAAGCCTAGTAAT,0
CAATAAGCGAAAAACC,0
CAATAAGGAACTATAG,0
CAATAAGGTGATTCGA,0
CAATAAGTACGATTAT,0
CAATAATAAAGTTGAC,0
CAATAATACGCACATT,0
CAATAATAGATATCGA,0
CAATAATAGCAAATTC,0
CAATAATAGTATAGAA,0
CAATAATCCCCCGTAA,0
CAATAATCTAATTATA,0
CAATAATCTTGTGAAC,0
CAATAATGAATTTTTA,0
CAATAATGAGATTCAA,0
CAATAATGTAAAAAAA,0
CAATAATGTCTTAACC,0
CAATAATTAGCACGTC,0
CAATAATTGAATTAGT,0
CAATAATTGATAACTA,0
CAATAATTTTGTTTGA,0
CAATACAACCCACAGT,0
CAATACAATACTAACG,0
CAATACAATAGCTCGT,0
CAATACAATTTAAAAA,0
CAATACACACCTAACT,0
CAATACACGTCCCAAT,0
CAATACACTCGAGTAG,0
CAATACATCAAATTTA,0
CAATACATCGTCGGAA,0
CAATACATGCCAAAAG,0
CAATACCAACAGTGGC,0
CAATACCACAGCTATA,0
CAATACCACCTCGCGC,0
CAATACCAGATGTTCT,0
CAATACCCCGAGACCG,0
CAATACCGCTATTAGG,0
CAATACCTAGAGAAAG,0
CAATACGACAACCTGC,0
CAATACGACCTGCACA,0
CAATACGATATTTACC,0
CAATACGATTTCTCAT,0
CAATACGCACGGCCCA,0
CAATACGTTTTAGTAT,0
CAATACTAAAGAACCT,0
CAATACTAATTACCAC,0
CAATACTGGACGGAAT,0
CAATAGAAACTATGCA,0
CAATAGAATAGCACAT,0
CAATAGAATCTACGTA,0
CAATAGAATTACGTTT,0
CAATAGACACAATCTT,0
CAATAGACTAATAAAA,0
CAATAGAGAATGTATT,0
CAATAGATCTGTCACT,0
CAATAGATGTAGTTGA,0
CAATAGCAAGTAGGAC,0
CAATAGCAATTTTCAA,0
CAATAGCATCAAAATA,0
CAATAGCCAGACTTAA,0
CAATAGCCAGCGAAAA,0
CAATAGCGAAATATAT,0
CAATAGCGTATCCGTC,0
CAATAGCTTGATCTAT,0
CAATAGGAATCTAAGT,0
CAATAGGAATCTGATT,0
CAATAGGCTAAAGTAC,0
CAATAGGCTTCGCTTA,0
CAATAGTAAAAAGATT,0
CAATAGTATGTCAAAA,0
CAATAGTCACTAAAAA,0
CAATAGTTATGCACAA,0
CAATAGTTCGTTCTAT,0
CAATAGTTGCTAAGTT,0
CAATAGTTGGTTATCC,0
CAATATAAAAACCAAG,0
CAATATAAACAGAAGG,0
CAATATAAATGTTCTA,0
CAATATAACACCCGAC,0
CAATATACATGGCATG,0
CAATATACCAAGAACT,0
CAATATACTGCAAAGG,0
CAATATAGCGCCCACC,0
CAATATATGATAAACG,0
CAATATATGCTAGGCT,0
CAATATCAAAAGAATT,0
CAATATCAATTAGATA,0
CAATATCCAATTTAAT,0
CAATATCCCCACATAT,0
CAATATCGAATTATTG,0
CAATATCTATCCACAT,0
CAATATCTTCTTTATA,0
CAATATGAACCTTCCG,0
CAATATGCCCTTGTAT,0
CAATATGTCAGATTGT,0
CAATATGTGAACTATT,0
CAATATTAAAAATGCG,0
CAATATTAACTCGTTA,0
CAATATTACGCCTCGC,0
CAATATTATAACCTAG,0
CAATATTCATCACCTT,0
CAATATTCGATCATGC,0
CAATATTGGGATCGAA,0
CAATATTGTGTTAACC,0
CAATATTTACCGAAGG,0
CAATATTTCCAGAACC,0
CAATATTTTCGGACCG,0
CAATCAAAAAACACTA,0
CAATCAACGGTTACTC,0
CAATCAAGACCGCCCC,0
CAATCAAGTACGCATA,0
CAATCAAGTTTTGATA,0
CAATCACAAATCGGGT,0
CAATCACAATCGCGCA,0
CAATCACATGACAAAA,0
CAATCACATTTGTTTA,0
CAATCACGTGAAAATA,0
CAATCACTCCAATAGG,0
CAATCACTTCGACAGA,0
CAATCAGACCATAAGC,0
CAATCAGCTATGTCTA,0
CAATCAGGACCATTCT,0
CAATCAGGCAAGAACT,0
CAATCAGGCACACCTA,0
CAATCATAATATCATC,0
CAATCATAGAAAAAAT,0
CAATCATATGATAAAG,0
CAATCATCCTAGTCAA,0
CAATCATCTAACCAAG,0
CAATCATTAAATCCTA,0
CAATCATTAACTCCTA,0
CAATCATTATGACCAA,0
CAATCATTATTCAAGC,0
CAATCATTCCCAAACA,0
CAATCATTCCGTAGAT,0
CAATCCAAATCGAGGT,0
CAATCCAAGTGACTCG,0
CAATCCAATGTCCCAC,0
CAATCCACTACTTCGT,0
CAATCCCAAAACCTAT,0
CAATCCCAAATACCGC,0
CAATCCCAGAATATAG,0
CAATCCCGTCAAAGTG,0
CAATCCCTATAAGTTA,0
CAATCCGACACAAGCT,0
CAATCCGCGTCCACGG,0
CAATCCGCTAATCTTA,0
CAATCCGGACCAAGTT,0
CAATCCTCAGCTTTCA,0
CAATCGAAAAGATAGG,0
CAATCGAATTACCAGC,0
CAATCGACTTTATGGG,0
CAATCGAGCAGATAAG,0
CAATCGATCGAACATT,0
CAATCGGACGAAGAGA,0
CAATCGGTATCCAAAG,0
CAATCGGTATTTATAG,0
CAATCGTACCAAACAG,0
CAATCGTCACAAAATG,0
CAATCGTTTTTTTAAT,0
CAATCTAACCCTCCAG,0
CAATCTAATCTCTTAC,0
CAATCTATACATAATC,0
CAATCTATATAAGTGG,0
CAATCTATCGGCAGGC,0
CAATCTATTAACATTT,0
CAATCTGAATTTAACA,0
CAATCTGCTCAGGCAA,0
CAATCTTAAACAAGAC,0
CAATCTTACAGCGATC,0
CAATCTTAGAAACTCA,0
CAATCTTATCGTTCCC,0
CAATCTTCAAAATGTA,0
CAATCTTGTAAAGAGG,0
CAATCTTGTCTTACGC,0
CAATCTTTGCGTAACC,0
CAATGAAAAGCAGTGA,0
CAATGAAACCGTCAGC,0
CAATGAAACGATACAT,0
CAATGAAATATTTGAC,0
CAATGAAGACGATCGG,0
CAATGAATAGCCACTG,0
CAATGACAATCACATG,0
CAATGACACGGAGCTT,0
CAATGACAGAATAATA,0
CAATGACAGAGAGAGC,0
CAATGAGCCACCATGA,0
CAATGAGTATCGGAAG,0
CAATGAGTATGTTAAC,0
CAATGATATAGTCTAT,0
CAATGATCCAAAACCA,0
CAATGATCGTTGTACT,0
CAATGATCTTGATAAA,0
CAATGATTTTAAACAA,0
CAATGCAAAAGAACAT,0
CAATGCAATCCTACTT,0
CAATGCACAAGTTGAG,0
CAATGCACTATATCTG,0
CAATGCATAACTGTCT,0
CAATGCATGATTAGTT,0
CAATGCATGTATAGTA,0
CAATGCATTAATGACT,0
CAATGCCAATTCAGTT,0
CAATGCCGAAGGTCGA,0
CAATGCCTACATCTGC,0
CAATGCGAAAACTATT,0
CAATGCGAAAATACGA,0
CAATGCGCCCTTACTT,0
CAATGCTAGAACCTAG,0
CAATGCTGAAAAAAAA,0
CAATGCTTAATGCATT,0
CAATGGACGAATAAAA,0
CAATGGCCAGAACAGG,0
CAATGGCGAACCATCA,0
CAATGGCGCTAATGCG,0
CAATGGCTAAAGTGAA,0
CAATGGGTCCTATAAC,0
CAATGGTAGACAGATA,0
CAATGGTAGCGATATC,0
CAATGGTATAAATATG,0
CAATGGTGAGCGACAA,0
CAATGTAACGCCGGTA,0
CAATGTACGAAAAATT,0
CAATGTACGAGCGTAC,0
CAATGTACTCGCTCAA,0
CAATGTACTGAAGCAC,0
CAATGTATACCTTATA,0
CAATGTATAGAGACAA,0
CAATGTATGATTGCAT,0
CAATGTCAAACGACAC,0
CAATGTCATAAGTTGG,0
CAATGTCCTATAAAAA,0
CAATGTGATGAGTGCT,0
CAATGTGTCGGGGGCC,0
CAATGTGTGATAATAC,0
CAATGTTAATGAAGAC,0
CAATGTTACAAGTTCA,0
CAATGTTACTACGTCA,0
CAATGTTAGCTAGAAT,0
CAATGTTATCAGTTTA,0
CAATGTTATCTGCACC,0
CAATTAAAAAGCGATT,0
CAATTAAAAATCGTAT,0
CAATTAAAATAGATTA,0
CAATTAAAATATAAAA,0
CAATTAAACCCAGAAC,0
CAATTAAACCCGTATT,0
CAATTAAACCTAACAA,0
CAATTAAATCATGCGT,0
CAATTAAATTTCTCTG,0
CAATTAACAACGTAAT,0
CAATTAACTAAAATTC,0
CAATTAAGAATGTACA,0
CAATTAAGATGTTTAT,0
CAATTAAGCTTCAAAC,0
CAATTAATAAACATCA,0
CAATTAATAACAATTA,0
CAATTAATGAAATGAT,0
CAATTAATGAGCAAGC,0
CAATTACATCGAGCAA,0
CAATTACCAACCGAAC,0
CAATTACCCCACCGCG,0
CAATTACCGAATGCTT,0
CAATTACGCTAGGATA,0
CAATTACTCAAACGTA,0
CAATTAGACACACTAT,0
CAATTAGACCAGTGAG,0
CAATTAGAGAGTACGT,0
CAATTAGCTAAATAAC,0
CAATTAGCTCTGTGTA,0
CAATTAGGTATTCGTA,0
CAATTATAAATATATG,0
CAATTATCAAAAGCCC,0
CAATTATCGAGTGGTG,0
CAATTATCTTAAAAAA,0
CAATTATGATCTGATG,0
CAATTATTAAGATGAG,0
CAATTATTAGGTACAA,0
CAATTCACATAACCTC,0
CAATTCAGGATCATAT,0
CAATTCATAAACTAAT,0
CAATTCCCAAGAAGGT,0
CAATTCCTAACAAGCT,0
CAATTCCTTAATGATA,0
CAATTCGATTAACTGC,0
CAATTCGTTTCTTAGC,0
CAATTCTACATAACAA,0
CAATTCTAGCCTAGAG,0
CAATTCTAGGGCATAC,0
CAATTCTATCAATACA,0
CAATTCTTCAAATAGA,0
CAATTCTTTAGAACAG,0
CAATTGATGAAGTATC,0
CAATTGATGTACGATA,0
CAATTGATTCTTCACC,0
CAATTGCATCCTCTAT,0
CAATTGCGGTCCCATT,0
CAATTGGACAACTTAA,0
CAATTGGTTTTATGAG,0
CAATTGTACCTATAAT,0
CAATTGTGTTAGTTTT,0
CAATTGTTTCATTACC,0
CAATTTAAAGTCTAAA,0
CAATTTAAAGTGTATG,0
CAATTTACATATTTAT,0
CAATTTAGAAGCAATT,0
CAATTTATATATATAC,0
CAATTTATTTACACTG,0
CAATTTCACGCAACTA,0
CAATTTCCATAATAAA,0
CAATTTCGATCATTCA,0
CAATTTCGTACAGATA,0
CAATTTCTTCTGCCAA,0
CAATTTGCGGACGTGC,0
CAATTTGGTCGCTTTT,0
CAATTTGTTTTATCTT,0
CAATTTTATCGAAATA,0
CAATTTTATTAGCGGT,0
CAATTTTATTTCATGA,0
CAATTTTGAAAGGTAC,0
CACAAAAAAACATACT,0
CACAAAAAAACTTAAT,0
CACAAAAAACCAGAGA,0
CACAAAAACAACAAAT,0
CACAAAAACACGGGTG,0
CACAAAAACGTACCAA,0
CACAAAAAGATATGTA,0
CACAAAAATCCCATAA,0
CACAAAAATGTTCAAA,0
CACAAAACAAAGATCG,0
CACAAAACATACCATC,0
CACAAAACCCATGTAC,0
CACAAAACCTACAAAT,0
CACAAAAGAGAATCTG,0
CACAAAAGATATGAAT,0
CACAAAAGATGTTAAG,0
CACAAAATGCACACGA,0
CACAAAATTTGCACCC,0
CACAAACAACATCATT,0
CACAAACATCCATCAT,0
CACAAACCAAGGCGTA,0
CACAAACCCCAAGCCT,0
CACAAACCCGAATTTA,0
CACAAACCTGTAAACA,0
CACAAAGAAACAAGAA,0
CACAAAGAACTTGTGA,0
CACAAAGAGTCTTATC,0
CACAAAGATACCTAAT,0
CACAAAGGACGCCTAA,0
CACAAAGGGTAGTATG,0
CACAAAGGTGCATTAG,0
CACAAAGTTCTAATAC,0
CACAAATAATTCATAC,0
CACAAATAGACAAACG,0
CACAAATAGTTGCATG,0
CACAAATGGGACCTAA,0
CACAAATTTGCTTCTA,0
CACAACAAAACTGTTC,0
CACAACAAGCTAGGTA,0
CACAACACAAGTTCCA,0
CACAACAGCAGGGTCC,0
CACAACAGTTTCGAAT,0
CACAACATGTCTAACA,0
CACAACATGTTTTACA,0
CACAACCAAACTTCAA,0
CACAACCATCAGTAAT,0
CACAACCCAACTATCG,0
CACAACCCCGTGAAGA,0
CACAACCTAAGTAGTT,0
CACAACCTGTAGATGA,0
CACAACCTTATCCCAA,0
CACAACGCCCATACAA,0
CACAACGGCCTTCAGG,0
CACAACTACACAGGCT,0
CACAACTCATTCGAAA,0
CACAACTCGTATATCA,0
CACAACTGAGAGCAAG,0
CACAACTGAGCCATAT,0
CACAACTGATAATGTG,0
CACAACTTATACGAAC,0
CACAAGAAACTACCAA,0
CACAAGACTACGTCAT,0
CACAAGATCCGTAACT,0
CACAAGCAAAGAATGC,0
CACAAGCGACTGGATC,0
CACAAGCTTGCACGAA,0
CACAAGGAAAAGTCGA,0
CACAAGGTGTAAATTC,0
CACAAGTAAAGTCCCT,0
CACAAGTATATGTTTA,0
CACAAGTGACGATCTA,0
CACAAGTGGTTGCAGT,0
CACAAGTTAAACCCTA,0
CACAAGTTGTTATCTT,0
CACAAGTTTAATCAAC,0
CACAATAACGAAGAGC,0
CACAATAAGAAGTTAC,0
CACAATAATAGGGAGG,0
CACAATACTGCTGTTT,0
CACAATAGCACGAGGT,0
CACAATAGCGCTATAA,0
CACAATATTGACGGAA,0
CACAATCAGTACCTTT,0
CACAATCTGATATTGC,0
CACAATCTGGACAAGA,0
CACAATCTTACATACA,0
CACAATCTTTCTGTCA,0
CACAATGAAGTTACAT,0
CACAATGACACTTTTA,0
CACAATGATACATTTT,0
CACAATTAATTTATAA,0
CACAATTACCAAAACA,0
CACAATTAGACGCGTG,0
CACAATTAGTAAGGAC,0
CACAATTCACTAACTA,0
CACAATTTTACGACAC,0
CACACAAAAACACCAC,0
CACACAAAACACCATG,0
CACACAAAGACGAAAC,0
CACACAAGCGATCACT,0
CACACAAGGATATAAG,0
CACACAATTAGACCAG,0
CACACACACCAGACAC,0
CACACACCCGGGATCC,0
CACACACGCTACGAAA,0
CACACAGAAAACACTG,0
CACACAGAAGCAGTAT,0
CACACAGAATTTAATC,0
CACACAGGTTCCAGAA,0
CACACAGTGATAGTTC,0
CACACAGTTGAAATAG,0
CACACATAATGTTTTA,0
CACACATACTCATTAC,0
CACACATAGAAGCAAA,0
CACACATTCTCAAACC,0
CACACCAACCGTACGA,0
CACACCAATTTATTTT,0
CACACCATGGCTGACA,0
CACACCCAAAGTTAGC,0
CACACCCCAACATGAC,0
CACACCCGAATAGTTT,0
CACACCCGCCAATTCA,0
CACACCGTACAACGCT,0
CACACCTACAGATTAG,0
CACACCTACTGTCATC,0
CACACCTCAATCATCC,0
CACACCTCCAAGACAC,0
CACACGAAATGATCAA,0
CACACGACCAACCTGT,0
CACACGAGCGAACCGA,0
CACACGGGCTGTGCAT,0
CACACGGTGTGCAAGA,0
CACACGTAGACAAACC,0
CACACTAAACGCGGTG,0
CACACTAACACTACAA,0
CACACTAATTTCTTCA,0
CACACTAGAAACTAAA,0
CACACTAGACATAAAG,0
CACACTAGCCTACGGA,0
CACACTAGCCTTCGGG,0
CACACTAGTGAGAACA,0
CACACTCACCATCAGT,0
CACACTCCTAATGGTT,0
CACACTCGATTTCTAA,0
CACACTCTCACATACC,0
CACACTCTGCCTAGTC,0
CACACTGAGGTGAATC,0
CACACTGTACGAATGT,0
CACACTGTTGGATACC,0
CACACTTCTCAACTAG,0
CACACTTTGTTATCTC,0
CACAGAAACCTCTCCC,0
CACAGAAACTAACACA,0
CACAGAAACTCGCACA,0
CACAGAAATAGAACGT,0
CACAGAACACACTAAA,0
CACAGAACACACTATT,0
CACAGAACAGCTGAGA,0
CACAGAACCGCGAATG,0
CACAGAACGTTAAATT,0
CACAGAATGCACTATA,0
CACAGACTAGTCCATT,0
CACAGACTTAAGACGA,0
CACAGACTTAGTACAG,0
CACAGACTTCAAAGAC,0
CACAGAGGAACAAGGG,0
CACAGAGGTGTACTAG,0
CACAGAGTTTGTGATA,0
CACAGATATAAGAGTC,0
CACAGATATCGTACAC,0
CACAGATCATAAAGCA,0
CACAGATTGGATCCAT,0
CACAGATTTCAATCCG,0
CACAGCAAGGAGAATA,0
CACAGCAAGTGGATTA,0
CACAGCATTGTGAATA,0
CACAGCTACTATAAAC,0
CACAGCTATTCAGGAC,0
CACAGGAACCGTAACT,0
CACAGGATCTAGCAGC,0
CACAGGCAATCTGTAC,0
CACAGGCACAAATAGA,0
CACAGGCATAATAAAA,0
CACAGGCTGTAACGCT,0
CACAGGGACATCATAT,0
CACAGGTCCAACGGTT,0
CACAGGTTTTGACCCG,0
CACAGTAAACCAAAGA,0
CACAGTACAAATACGC,0
CACAGTACCGGAGGGA,0
CACAGTACTTTGACTA,0
CACAGTATGCAAAAAG,0
CACAGTCAACGCCACG,0
CACAGTCACAAGTTCC,0
CACAGTCCACTAGTGC,0
CACAGTCCCCCCCTTT,0
CACAGTCTTGAGACAT,0
CACAGTGAAGCTAACT,0
CACAGTGATACTCATT,0
CACAGTTACTCCATAT,0
CACAGTTCATCGAGAT,0
CACAGTTCGCTAACCT,0
CACAGTTTAGTCCATA,0
CACAGTTTTTAACCGA,0
CACATAAAAACTACAC,0
CACATAAAAATCCCGT,0
CACATAAACATTATAC,0
CACATAAAGGTCAAAA,0
CACATAAATCCATATA,0
CACATAAATTAAAACA,0
CACATAACAAGGTAAC,0
CACATAACATTATTTT,0
CACATAATCCATCTAC,0
CACATAATGTCGGTTT,0
CACATAATTAAGTGTT,0
CACATAATTTACATAC,0
CACATACAACAAAAAG,0
CACATACCTGTAATCC,0
CACATACGCGAAAAAA,0
CACATACGGGTTGACA,0
CACATACTAATGCAGG,0
CACATAGAAAATTGTC,0
CACATAGCCACCACCG,0
CACATAGGCCACATTG,0
CACATAGTTTCACAAG,0
CACATAGTTTGACTGA,0
CACATATAACATCAAA,0
CACATATATATAAAAG,0
CACATATCACCTTAAA,0
CACATATCATTTAATC,0
CACATATCCCAGTATC,0
CACATATCTTACAAGA,0
CACATATGAAGAAAAT,0
CACATCAAGGGCTAAT,0
CACATCACGAAACGAA,0
CACATCACGCCAAGGC,0
CACATCATATGATAAA,0
CACATCATGGCCAGTA,0
CACATCCCAGTCCCCC,0
CACATCCCATCTGTTC,0
CACATCCCGAGAGAGA,0
CACATCCCTGAAGTGA,0
CACATCCGTAGTGATA,0
CACATCGAAAATATCC,0
CACATCGAATAAATCA,0
CACATCGATTTGTTAT,0
CACATCGTAAACCACC,0
CACATCGTAAAGCATC,0
CACATCTAAGACCAAT,0
CACATCTTAGAGTGAA,0
CACATGAATTAAACAA,0
CACATGACAAACACCG,0
CACATGACCACTCAGC,0
CACATGACTAAAAAAG,0
CACATGAGAATACATG,0
CACATGAGTAATGCAA,0
CACATGCGAGTGCAGC,0
CACATGCTTAGCTTAG,0
CACATGGAACCACAAC,0
CACATTAACAATTCTT,0
CACATTAACGACGCCA,0
CACATTAACGGTCCCC,0
CACATTAACGTACCAC,0
CACATTAACTTTCGAG,0
CACATTACGCCACGCA,0
CACATTACTCTCCCTC,0
CACATTAGAACATAGA,0
CACATTAGACAAAAAG,0
CACATTCAACTCAGTC,0
CACATTCAAGATATAA,0
CACATTCCAGTAATAA,0
CACATTCCTTCGCAAT,0
CACATTCGTATTACAA,0
CACATTGAAAACCGCA,0
CACATTGAATTATTCA,0
CACATTGGATGGGGAG,0
CACATTTAACACGAAA,0
CACATTTACAATAGGC,0
CACATTTACATTCTGT,0
CACATTTAGAGAATAA,0
CACATTTAGCAGTGCA,0
CACATTTATCATTTAG,0
CACATTTCAGTACAAC,0
CACATTTCTCACCAAT,0
CACATTTGCTAGAAAC,0
CACATTTGTGATTTCT,0
CACCAAAAACCAAAGT,0
CACCAAAATCTAACAA,0
CACCAAAGCATAACCA,0
CACCAAAGGCCGCTAG,0
CACCAAATAACATTAT,0
CACCAAATAAGGTTTA,0
CACCAAATAGTAGTAA,0
CACCAAATGATTGGTA,0
CACCAAATTAACGAGG,0
CACCAACATGAAACGA,0
CACCAACCCATTGTAC,0
CACCAACGCAATTCAG,0
CACCAACTCCAAAAAG,0
CACCAAGTAATGTAAA,0
CACCAAGTATTGACCA,0
CACCAAGTCACTTAGT,0
CACCAATAACTGACCA,0
CACCAATATACTAACT,0
CACCAATATGAACTTA,0
CACCAATCGTAAGGTT,0
CACCAATTCCGACCTG,0
CACCACAATAGAACAG,0
CACCACAATGGATTGC,0
CACCACACTCCCCAGT,0
CACCACATCATGTCAA,0
CACCACATGACGAAAA,0
CACCACCCACTTAAAC,0
CACCACCCATTAAAAC,0
CACCACCCTACCCGAC,0
CACCACGACTAGAACG,0
CACCACGCAAGGATTA,0
CACCACGTAAATCTAA,0
CACCACGTATGAACGA,0
CACCACGTTACCATCA,0
CACCACTAATAAGCAC,0
CACCACTATTCAACGG,0
CACCACTGTAGCAAAT,0
CACCACTTTGCAATCT,0
CACCACTTTGCATGAA,0
CACCAGAAAATTCCTG,0
CACCAGATCGGATGGA,0
CACCAGATTCATACGC,0
CACCAGCTAAAATAGG,0
CACCAGCTATTTAGCT,0
CACCAGGAGCATGCCA,0
CACCAGGTATGCACTG,0
CACCAGGTGAAATACC,0
CACCAGGTGAAGATCA,0
CACCAGTAGCCAATGA,0
CACCAGTCCTTTCCTT,0
CACCAGTGCCCGCAGT,0
CACCATAACAATACTT,0
CACCATACAAAAACGA,0
CACCATAGTATCACTA,0
CACCATCGAGGAAGAA,0
CACCATCGGACGTTAA,0
CACCATGAACAAACAA,0
CACCATGACTAATTGC,0
CACCATGATAGATAAA,0
CACCATGCCCCTGCCA,0
CACCATGCCCTTCAAT,0
CACCATGCTGTAAGGT,0
CACCATTAAACCTGTG,0
CACCATTCGTGACTGA,0
CACCATTGATATATGG,0
CACCCAAACGGGAATA,0
CACCCAAGAAAAATTT,0
CACCCAATTTACTAAT,0
CACCCACACGCCGACC,0
CACCCACTATTGAATT,0
CACCCACTTCATATAC,0
CACCCAGATACAGAAT,0
CACCCAGCACATATTA,0
CACCCAGGTTCAGAAA,0
CACCCAGTCCCCCTAT,0
CACCCAGTGATGAAAA,0
CACCCAGTTATAATAA,0
CACCCATCACTTACCC,0
CACCCATGGCCGAATA,0
CACCCATTGTTTAGAA,0
CACCCCAAAAATATGT,0
CACCCCAACTGAAACG,0
CACCCCAAGTCAAGAT,0
CACCCCACGCGCAACA,0
CACCCCACGCTCCTTT,0
CACCCCATTTCTATAT,0
CACCCCCACCTTCACT,0
CACCCCCATCAAAGAA,0
CACCCCCGATAGCTCA,0
CACCCCCTAAGAACAA,0
CACCCCCTTCTATCAA,0
CACCCCCTTTCAAACC,0
CACCCCGATACCATAC,0
CACCCCGTACTTACTA,0
CACCCCTCGAAAATCA,0
CACCCGAATGTAAGAG,0
CACCCGACCCGTAAAC,0
CACCCGACCGTGTTTA,0
CACCCGCAAGCCGTAC,0
CACCCGCAGGGAGCAT,0
CACCCGCTCTTACGTT,0
CACCCGGACTCTATTT,0
CACCCTAGAAACTGAA,0
CACCCTATATGCCAAT,0
CACCCTATCCATGAGG,0
CACCCTATTAATATAA,0
CACCCTGAGCAATTCT,0
CACCCTGGAACCCTAG,0
CACCCTGGAGAAGAAT,0
CACCCTTAAGTGGACA,0
CACCCTTAGGACAGGT,0
CACCCTTAGGAGAAGA,0
CACCCTTGCCCTAAAG,0
CACCGAAAAACTTAAC,0
CACCGAAAACAAAGAT,0
CACCGAACTCGAATTT,0
CACCGACCGATATGTA,0
CACCGAGCGGAATTGT,0
CACCGAGCTTAAAGAG,0
CACCGAGTTAATCCAA,0
CACCGATCAAGATCCA,0
CACCGCACATCCGTGT,0
CACCGCACATGCACAA,0
CACCGCCACAACACGT,0
CACCGCGCAAACAAAA,0
CACCGCTAAACTTCTT,0
CACCGCTAATACCCAA,0
CACCGCTAATGTCAAA,0
CACCGCTAGTACACTA,0
CACCGCTATACTCCAT,0
CACCGCTCCATTAGGT,0
CACCGCTTACAAACAA,0
CACCGGAAAGTACCAG,0
CACCGGACATATGGAG,0
CACCGGAGGATTAGCG,0
CACCGGCTTGAAGACA,0
CACCGGTTCGTGTAAA,0
CACCGGTTTGATTAAT,0
CACCGTAAGAAACGCT,0
CACCGTAATTTAATAT,0
CACCGTACAATAAAGT,0
CACCGTAGGAAACCCC,0
CACCGTATGCTTCTCT,0
CACCGTCTCTCGGCCC,0
CACCGTCTGGGTCGTA,0
CACCGTTTGTTAACAA,0
CACCTAAAAACAGAAC,0
CACCTAAAATGTTTTA,0
CACCTAAACAATTCAG,0
CACCTAAAGACCAATT,0
CACCTAACATGTCTAA,0
CACCTAAGAACCAACA,0
CACCTAAGAGCTGCTA,0
CACCTAAGAGTGTTAA,0
CACCTAATAAAAATCG,0
CACCTAATAATCATAA,0
CACCTAATAGAGCTAG,0
CACCTAATAGTTAGCC,0
CACCTACAGTTACACT,0
CACCTACGTCCCGAGC,0
CACCTATCATTATGAA,0
CACCTATCCCCATAAC,0
CACCTCAAGCACAAAA,0
CACCTCACACTAGGCG,0
CACCTCACATCATAAA,0
CACCTCACCTGTACAA,0
CACCTCATGGCAGCTT,0
CACCTCATTAACTAAT,0
CACCTCCAATATAAAA,0
CACCTCCTAAAATCAG,0
CACCTCCTCGAATCCC,0
CACCTCGATCCGACAC,0
CACCTCGCGAACCAAC,0
CACCTCTAATTCAGAG,0
CACCTGAAAAAAAAAA,0
CACCTGACCCTATGAC,0
CACCTGACTTTTTATT,0
CACCTGAGGTCATCCC,0
CACCTGCTTAATGCAC,0
CACCTGGAAAAGAATT,0
CACCTGGAACGCGCTC,0
CACCTGGGAGAGACCC,0
CACCTGGTTTAAAAGG,0
CACCTGTAAGTTTCCG,0
CACCTGTGCTTTATTA,0
CACCTGTGTATTGACT,0
CACCTTAAACCAAACA,0
CACCTTAAGTTGTCCA,0
CACCTTCAACCTGAAA,0
CACCTTTAACTTTCCA,0
CACCTTTAGCCAACCC,0
CACCTTTTGGCGCTTC,0
CACGAAAAATATCTAG,0
CACGAAAAGTCTAATA,0
CACGAAACAGATAAAC,0
CACGAAACGACATAGA,0
CACGAAAGAATGATGA,0
CACGAAAGGGAAACGT,0
CACGAAATATCCAAAT,0
CACGAAATTAGATTGG,0
CACGAACAACGGGCTG,0
CACGAACAATGACATA,0
CACGAACGATCTAAAT,0
CACGAAGATCTACCAG,0
CACGAAGCACGTAGGA,0
CACGAAGGCTAAAAAC,0
CACGAAGGGCGATCGT,0
CACGAAGTAGTAAAAT,0
CACGAATCGTTTATAA,0
CACGAATCTGATACGA,0
CACGAATTTCGATTTA,0
CACGACAACTACAAAG,0
CACGACAAGACGAACC,0
CACGACAATCCGAACC,0
CACGACAGCTCACTAT,0
CACGACCAAAAAAACG,0
CACGACCAAATGACAA,0
CACGACCAATATCAGA,0
CACGACCCGGGGTTGG,0
CACGACCGATCTAAAA,0
CACGACCTCGAACAAA,0
CACGACGAATGAGGAC,0
CACGACTATATACGAA,0
CACGACTTATCTCGGA,0
CACGACTTCCGGACCC,0
CACGAGAAAGTGCTTA,0
CACGAGAACCAGCGAT,0
CACGAGAGACTCCCGA,0
CACGAGATTAAATCCA,0
CACGAGCACAAAGACT,0
CACGAGCACGAATCCA,0
CACGAGGCATCATTTG,0
CACGAGTCAGAACCCC,0
CACGAGTTGGTGAAGA,0
CACGATAAAATACGCG,0
CACGATAATGACCAAG,0
CACGATACTAAAGAGG,0
CACGATATAACCTTCG,0
CACGATATACCCAACA,0
CACGATATAGCCAAAT,0
CACGATATTTTACAGG,0
CACGATCGCCAAGAAC,0
CACGATCTTTCTACTC,0
CACGATGATCAGAACA,0
CACGATGATTTGAAGA,0
CACGATGCCGCATGAT,0
CACGCAAACATAGTTA,0
CACGCAAGAAGATAGT,0
CACGCAATATCCTAAA,0
CACGCAATGGAAGCCC,0
CACGCAATTAACTACG,0
CACGCACATTTAGTGT,0
CACGCACTTAAAGGGG,0
CACGCAGTTTCGCATC,0
CACGCATCTCCGAAAC,0
CACGCATGAATTGATT,0
CACGCCAACGAACTAC,0
CACGCCAATCCCAACA,0
CACGCCCTAGCAATAT,0
CACGCCGCTATCCACG,0
CACGCCTCAACTACAA,0
CACGCCTGCTCTTACT,0
CACGCCTTAATAACGA,0
CACGCGAGATATCAAA,0
CACGCGATATGTGCCT,0
CACGCGATCTAACATT,0
CACGCGCTAACAAAAG,0
CACGCGGACTGTCGTA,0
CACGCTAAATTACGTT,0
CACGCTAACGGACAAC,0
CACGCTATACAATGAT,0
CACGCTCTGTACTCAT,0
CACGCTTCGCAAGGAT,0
CACGCTTGTTAAAGTC,0
CACGGAAGCCAGGCCC,0
CACGGAATACGTTAAA,0
CACGGACGCAGCCCCA,0
CACGGACGGATATTAC,0
CACGGAGAATTGTATC,0
CACGGAGACAATACAA,0
CACGGAGCCAAGTAGA,0
CACGGAGCTATGGCAA,0
CACGGAGGACACGCAC,0
CACGGCAAATAAACTG,0
CACGGCCAAACTACTT,0
CACGGCCCGCCTCGGA,0
CACGGCTACTGTTCAA,0
CACGGGAGTTACAAAT,0
CACGGGATCATCACCA,0
CACGGGCCACATGCCA,0
CACGGGCCACCAAAAG,0
CACGGGTTAACAAATC,0
CACGGTTCAAAGCTTG,0
CACGTAAAAGACTACT,0
CACGTAAAAGTGTTGC,0
CACGTAATTCCATAAC,0
CACGTAGAAATAGACA,0
CACGTATACAATCTGC,0
CACGTATCATATCTGA,0
CACGTATCGAGACAGA,0
CACGTATTAAATGCAC,0
CACGTATTTCTTACCC,0
CACGTCAATACTAAAT,0
CACGTCACAGAACTAA,0
CACGTCAGATCTTGTC,0
CACGTCAGGCAATACA,0
CACGTCATTCTTGACC,0
CACGTCCACGTATTTC,0
CACGTCCATTAAACGC,0
CACGTCGAGACAACTG,0
CACGTCTAATACGATA,0
CACGTCTAATGCCACA,0
CACGTCTACACTTCAG,0
CACGTGATGAACCGGC,0
CACGTGCGAAGGGCCC,0
CACGTGGCTATCGCAC,0
CACGTGGTAGGCACCT,0
CACGTGTAAGTTAACA,0
CACGTGTTGCTACCGA,0
CACGTTAAGGTGCAAG,0
CACGTTAATAAATTTT,0
CACGTTACGAGGACAG,0
CACGTTAGACAATAAA,0
CACGTTAGACACTGTA,0
CACGTTATAATCGAAT,0
CACGTTCAGCTCTAAC,0
CACGTTGAGCTTGCGC,0
CACGTTGAGTTATAAA,0
CACGTTGTAGCCCTAT,0
CACGTTTGCTCTTCAG,0
CACGTTTTACCCATCC,0
CACTAAAAATAGGTAC,0
CACTAAAATTAATCTG,0
CACTAAACTTAGAATA,0
CACTAAACTTCTACTT,0
CACTAAATAGGAAGTT,0
CACTAACAAAGTAATC,0
CACTAACATTAAACTC,0
CACTAACCTAAGAACG,0
CACTAACGCCTAGATA,0
CACTAACGCTGTACAA,0
CACTAAGAAATCGGCA,0
CACTAAGACAATTGAC,0
CACTAAGCGAGTCAAC,0
CACTAATAAACGGGTA,0
CACTAATAGGGAGTAC,0
CACTAATATGCATAAT,0
CACTAATCTCACATAT,0
CACTAATCTTAAAGGA,0
CACTAATCTTTTATCC,0
CACTAATTGATTAGGT,0
CACTAATTTGATACAT,0
CACTAATTTGCACACA,0
CACTACAAATGCCTAA,0
CACTACAGTAGAACAA,0
CACTACATTCATGGAC,0
CACTACCCCGTATACT,0
CACTACGAACACTGTA,0
CACTACGAGAACGGGG,0
CACTACGCACACCGTA,0
CACTACTAAGGAAGAT,0
CACTACTATAATTTTT,0
CACTACTTAAAAATAT,0
CACTACTTAGAATAGC,0
CACTAGAAATGCAACA,0
CACTAGAACGAGTCGG,0
CACTAGAAGCTAGGTT,0
CACTAGACAAAACTCA,0
CACTAGAGCACGACCG,0
CACTAGAGTTCTTTGG,0
CACTAGATATTAGACA,0
CACTAGATCTGAATGA,0
CACTAGCAAGACCAAT,0
CACTAGCCATCCATAG,0
CACTAGCGATAACGTT,0
CACTAGCTCGCAAAGC,0
CACTAGGCAGAAAGGA,0
CACTAGGGGATCTGAA,0
CACTAGGGTGGGGATA,0
CACTAGGTACAGTCGT,0
CACTAGTACCAAAACA,0
CACTAGTACCCCCCCA,0
CACTAGTATACGATTA,0
CACTAGTATTCCCAGA,0
CACTATAAAAAAAAAC,0
CACTATAAAGCGTGAA,0
CACTATAAATATGGCT,0
CACTATAACATGATTT,0
CACTATAAGAGCTCAG,0
CACTATAAGTAACAAA,0
CACTATAATCAGTCAA,0
CACTATAATTTCATAT,0
CACTATACAGAAATAC,0
CACTATACATTGCTCT,0
CACTATATCAGGCCAC,0
CACTATATGAAACCAT,0
CACTATCAACACACTT,0
CACTATCACTCTTACC,0
CACTATCAGCTCACTC,0
CACTATCCGTCATTAT,0
CACTATCGAGTTGATC,0
CACTATCGCATCTATG,0
CACTATCTTTTGCAGA,0
CACTATGAGCGCGAAG,0
CACTATGATAGCTCGT,0
CACTATGCACCGGTAT,0
CACTATGGTGTATGAC,0
CACTATGTACAACCCG,0
CACTATTAATATACAT,0
CACTATTATCAACGAG,0
CACTATTGGCATCACG,0
CACTATTGGTAACGAT,0
CACTATTTTCAAAAAC,0
CACTCAAACAGATAGT,0
CACTCACAATAGCAGC,0
CACTCAGAACTAGATC,0
CACTCAGAGTTCGTGT,0
CACTCAGCTAAGTATA,0
CACTCAGTGAGACGAA,0
CACTCATAATAATATA,0
CACTCATAATTGATGA,0
CACTCATAGGAGTATG,0
CACTCATTAGGCAGAA,0
CACTCCAAAAGGCACG,0
CACTCCATTGGTGATA,0
CACTCCCCACCAAGTG,0
CACTCCCCGATCGTAA,0
CACTCCCTGATAAAGA,0
CACTCCGTTTAGTAAG,0
CACTCCTAGGAGTGAT,0
CACTCCTTCTTCTGGT,0
CACTCGAACCACTAAA,0
CACTCGAAGCGCATAT,0
CACTCGAGAGAACATT,0
CACTCGAGATCAAAGT,0
CACTCGGAGAACATAC,0
CACTCGGATTTCTATT,0
CACTCGTAAAGTTCGT,0
CACTCGTATTGGTAGT,0
CACTCGTGACATTAAA,0
CACTCGTGCATACAGC,0
CACTCGTGTTTAGAGC,0
CACTCGTTGCGCTGCA,0
CACTCTAAACAATCTA,0
CACTCTAATTTAATTT,0
CACTCTACGCTACGAC,0
CACTCTATCTAAAATT,0
CACTCTATTTGTACCA,0
CACTCTCAAGCTGAGC,0
CACTCTCGATTGATTA,0
CACTCTCGTCTATCCC,0
CACTCTCTCAACCGGT,0
CACTCTGACTGACGCG,0
CACTCTGATTACTTGA,0
CACTCTGCTGTGTTAC,0
CACTCTGTCAGTAACA,0
CACTCTGTCCCATGAA,0
CACTCTTATCTCTCTA,0
CACTCTTTAAAAGCTC,0
CACTGAAATGCCTCCG,0
CACTGAACACTAAAGA,0
CACTGAACCGTAAACA,0
CACTGAATAAATGGAG,0
CACTGAATACTAGAAA,0
CACTGAATGAATAACG,0
CACTGACAAAATTATT,0
CACTGACGATAAATCT,0
CACTGACTAGCTCTTA,0
CACTGACTATGACCTT,0
CACTGAGAGAAGTGCT,0
CACTGAGCCGTGATTA,0
CACTGAGGATTCCATG,0
CACTGAGGCTGAATTG,0
CACTGAGTAGGTAATC,0
CACTGATAAGCTCGGA,0
CACTGATTTAAAACGG,0
CACTGCAAATATAAAA,0
CACTGCACGACTCTAA,0
CACTGCTCGACGCCGT,0
CACTGGACAACACATT,0
CACTGGATCTTAATAT,0
CACTGGCCCCGCGTGT,0
CACTGGTGATAGGTTA,0
CACTGTAACATGATAA,0
CACTGTAATAATGAAA,0
CACTGTACCTCCTTGT,0
CACTGTAGTCGAAATC,0
CACTGTCTCACAATGT,0
CACTGTGCTTAGCGAA,0
CACTGTGGCATCGCTA,0
CACTGTTGAGAAAATC,0
CACTGTTGCAACATAG,0
CACTGTTTGCGGAGGT,0
CACTGTTTTCAAAAGA,0
CACTTAAACCCTACGA,0
CACTTAAACCTGCACT,0
CACTTAAAGACGAGAA,0
CACTTAAATACTATCA,0
CACTTAACAACCCGAT,0
CACTTAACACTTGAAC,0
CACTTAAGGGAAATTG,0
CACTTAAGGTTTCCGA,0
CACTTAATAACTTTTT,0
CACTTACCAATACCAA,0
CACTTACCCCCTAGAA,0
CACTTACGCTCGTGTA,0
CACTTAGATAGCGTCC,0
CACTTAGGATGTGATA,0
CACTTAGTAAGCACGA,0
CACTTAGTCAGTGACT,0
CACTTATAACAGACGA,0
CACTTATACAGCTTTA,0
CACTTATCATTCTCCA,0
CACTTATCTCAGTGTG,0
CACTTATTACCACTCA,0
CACTTCAAATCTGGCA,0
CACTTCAATCAAATTA,0
CACTTCACGAAAGTAC,0
CACTTCAGCAATAGAC,0
CACTTCCAACCCACAC,0
CACTTCCAACCTGGGA,0
CACTTCCCACACCCGA,0
CACTTCCTTGTTTACC,0
CACTTCGATACTCACT,0
CACTTCTAACCTTAAT,0
CACTTCTACCTTTAAC,0
CACTTCTATACAAACA,0
CACTTCTGTGTGAGAT,0
CACTTGACAGAATTTA,0
CACTTGACCGGTTTAC,0
CACTTGATGAAGTGTC,0
CACTTGATGACGCGAC,0
CACTTGCCACAATCCA,0
CACTTGCTCTTGGACG,0
CACTTGGTTTTCTGCA,0
CACTTGTTCGAATTTT,0
CACTTGTTGCCAAAAG,0
CACTTTAAACTATAAG,0
CACTTTATAGCCGCAA,0
CACTTTCAAGTTACCA,0
CACTTTCCTATGCTGA,0
CACTTTCTAAAAAACA,0
CACTTTCTTCAATTAA,0
CACTTTGACGATTGTC,0
CACTTTGCAAAGGGAC,0
CACTTTGCTACATAGA,0
CACTTTTATTCCTGTT,0
CACTTTTGAAAACTAT,0
CACTTTTTAATGCGAC,0
CACTTTTTAGGGATAC,0
CAGAAAAAACTTCGGC,0
CAGAAAAATCGAAAAC,0
CAGAAAACAAAGTTCA,0
CAGAAAACCAAGAATG,0
CAGAAAACCATTACTA,0
CAGAAAACCTGCATAT,0
CAGAAAACGGTGAAAG,0
CAGAAAACGTTAACAA,0
CAGAAAACTGACTAGA,0
CAGAAAAGTAAGAGGA,0
CAGAAAAGTTTGACTA,0
CAGAAAATAATATAAT,0
CAGAAAATACAGGCAT,0
CAGAAAATAGTAAACA,0
CAGAAAATGATTAAGA,0
CAGAAACAAATATGAT,0
CAGAAACAACACTCGC,0
CAGAAACAACCAGACC,0
CAGAAACAAGGCAAAC,0
CAGAAACCCTTTAGAC,0
CAGAAACGATGATTGG,0
CAGAAACGGCTAATTA,0
CAGAAAGACAAGTGAC,0
CAGAAAGAGGTGACCT,0
CAGAAAGCAATTGTAA,0
CAGAAAGCATTACAGA,0
CAGAAAGTACCTAAAG,0
CAGAAAGTGAAATCAG,0
CAGAAATAAGCTAGAC,0
CAGAAATAAGGGGTTA,0
CAGAAATAGACCCTTG,0
CAGAAATCGAACTAAA,0
CAGAAATCGTATTGCG,0
CAGAAATCTTCAGTAC,0
CAGAAATTATTATCAT,0
CAGAAATTCAAAGATA,0
CAGAAATTCGACGTTC,0
CAGAACAATAATGAAA,0
CAGAACACAATTTGCT,0
CAGAACACACCCCAGT,0
CAGAACACCAGTTTCC,0
CAGAACATCAGGAAAG,0
CAGAACCAAAGATGGG,0
CAGAACCAAGAACAGA,0
CAGAACCACAAATAAT,0
CAGAACCACCAATTTA,0
CAGAACCACGATTACT,0
CAGAACCTAAACTCAA,0
CAGAACGATACGCTAT,0
CAGAACGTACTAAGTC,0
CAGAACGTGAGACTAA,0
CAGAACTAACTTAACT,0
CAGAACTACAATCGTA,0
CAGAACTATCTGCAGA,0
CAGAACTATTCAACAA,0
CAGAACTCATGGAGTT,0
CAGAACTGGCAGAAAA,0
CAGAACTTACGGGATT,0
CAGAACTTGATGTAGA,0
CAGAAGAACTACTACT,0
CAGAAGAAGGGCATCA,0
CAGAAGACCCTGAGGG,0
CAGAAGATACAACCTA,0
CAGAAGCCGCAGAATG,0
CAGAAGCGCTTACCTA,0
CAGAAGCGGTTCTCTG,0
CAGAAGCTTGTGTTTA,0
CAGAAGGATAGCCGCA,0
CAGAAGGCTATTTTAT,0
CAGAAGGTGTTATGCT,0
CAGAAGTAAAGCTACA,0
CAGAAGTACAACAGTC,0
CAGAAGTATCAAGTTT,0
CAGAAGTCCCAGGAGT,0
CAGAAGTGACGTGGAA,0
CAGAAGTGGACGTGTT,0
CAGAAGTTAAAGGAAA,0
CAGAAGTTCCTTCTAA,0
CAGAATAACTCTAAAG,0
CAGAATACCAACAAGA,0
CAGAATACGCTCAGCC,0
CAGAATAGAGAGGCCA,0
CAGAATAGTTAAAATC,0
CAGAATATACAAACAA,0
CAGAATATGAAGAACC,0
CAGAATCACCTACAAA,0
CAGAATCATAAAAACA,0
CAGAATCCGTCTTGTG,0
CAGAATGAAATCTGGT,0
CAGAATGAGTTTGTTA,0
CAGAATGATAAGGAGA,0
CAGAATGATAGAACAT,0
CAGAATGCGGTTCACA,0
CAGAATGTCGCTTAAA,0
CAGAATTAGATCCCAA,0
CAGAATTGACCAAACC,0
CAGAATTTACCCAAGC,0
CAGACAAAAGGCCCAA,0
CAGACAAAGTCCCATT,0
CAGACAAATCACGTGG,0
CAGACAACCATCAGAA,0
CAGACAACTAGGCCGT,0
CAGACAAGCTTAACCA,0
CAGACAAGTAAGCTAA,0
CAGACAATAACCTAAT,0
CAGACAATACATTTAC,0
CAGACACCCCAACCAT,0
CAGACACTCCCACTTA,0
CAGACAGGAGACAACC,0
CAGACAGGTCTTATGG,0
CAGACAGTTCCAAGTT,0
CAGACATACGGTTCAG,0
CAGACATAGACTCAAC,0
CAGACATATTGAATAA,0
CAGACATCGCAAATCA,0
CAGACATCTAACCGCC,0
CAGACATTGTGATATT,0
CAGACATTTTCAAAGA,0
CAGACCAAAATAACGA,0
CAGACCAACACAACTA,0
CAGACCACCAATATGC,0
CAGACCACGAACGCAG,0
CAGACCCACGACAATA,0
CAGACCGCGTTACCGC,0
CAGACCTTTAAATGCT,0
CAGACCTTTACCTTCC,0
CAGACGCAATGTGCGA,0
CAGACGCAATTACCTG,0
CAGACGCCTATCCTTT,0
CAGACGCGGAGCCGGG,0
CAGACGGGGCGTATAA,0
CAGACGTCTCTTGGTC,0
CAGACGTCTGCTAAAC,0
CAGACGTTGTTTCACA,0
CAGACGTTTTAACGCC,0
CAGACTAAACACTAGT,0
CAGACTAAGATTGTTG,0
CAGACTAATAACTGGT,0
CAGACTAATAATTGAA,0
CAGACTAATATAAATC,0
CAGACTACACCTGACA,0
CAGACTACACTAAATT,0
CAGACTACATTATCGT,0
CAGACTCAGATAAATA,0
CAGACTCATTACGACA,0
CAGACTCCAATTAAAG,0
CAGACTCCTAGTGGAA,0
CAGACTCCTTTTGAAA,0
CAGACTCGAGAACATA,0
CAGACTCGTTGATGAA,0
CAGACTCTGGACTCTA,0
CAGACTCTTATTATGC,0
CAGACTGAAAAAAATA,0
CAGACTGTCTCTTAAC,0
CAGACTTAAGAGGCCG,0
CAGACTTGGTTCAGAA,0
CAGACTTGTAATACCA,0
CAGACTTTGGTAACAT,0
CAGAGAAAAAAGCCCC,0
CAGAGAAAAATTCTAC,0
CAGAGAAAGTAGGCTA,0
CAGAGAATACGGCTGT,0
CAGAGACAGATAAACA,0
CAGAGACCCCGGGTCA,0
CAGAGACTCTATAGAG,0
CAGAGAGAAACGGATG,0
CAGAGATCTGGATTAA,0
CAGAGATGGCCTCCGG,0
CAGAGATTCCTAAAGC,0
CAGAGATTCGTCCACA,0
CAGAGATTCTAGCTTC,0
CAGAGATTTTAACTAT,0
CAGAGCAAAAACCCAA,0
CAGAGCAACAAGGTTG,0
CAGAGCAACACGGCTG,0
CAGAGCATAATAAGTA,0
CAGAGCCAATCACCAT,0
CAGAGCGAAACTCAAA,0
CAGAGCTCGCCAGACT,0
CAGAGGATATTTTCTC,0
CAGAGGCACTATATCT,0
CAGAGGGCAGAATGTA,0
CAGAGGGTTCAGAATA,0
CAGAGGTATTTCTTAC,0
CAGAGTACCACCATTC,0
CAGAGTCTCTAACGCA,0
CAGAGTGAAGACAGCA,0
CAGAGTGAAGTAACGA,0
CAGAGTGAGACTATGG,0
CAGAGTGTCTCGAAAA,0
CAGATAAAAAATGCAT,0
CAGATAAAACATAGGA,0
CAGATAAACATACGTC,0
CAGATAAACCTCACAA,0
CAGATAAAGAGGATAA,0
CAGATAACCATGTTAT,0
CAGATAACCCAGTGCT,0
CAGATAAGACTGAGTT,0
CAGATAAGGAACCAGC,0
CAGATACACCGAAATA,0
CAGATACATCCACAAA,0
CAGATACATCTGCTTT,0
CAGATACGTTAGCCTA,0
CAGATACTAGCAAATG,0
CAGATAGAATACAGGA,0
CAGATAGCATAAGGTA,0
CAGATATCACTATTCA,0
CAGATATTGTGGGTTA,0
CAGATCAACAATACGG,0
CAGATCACCTGTAACC,0
CAGATCCAGTAATACC,0
CAGATCCATGTCTGAG,0
CAGATCCCAACCACAA,0
CAGATCCTGCGACCGA,0
CAGATCCTTCATATGA,0
CAGATCGAAAAATGTG,0
CAGATCGAATAGGACT,0
CAGATCGACACCCATC,0
CAGATCTAACAGAGAT,0
CAGATGAACGATTTAC,0
CAGATGACAAGCTACT,0
CAGATGACATAGGTGT,0
CAGATGACGCCTCATA,0
CAGATGACTTCGGCTT,0
CAGATGATAATGAATC,0
CAGATGCTCCTGAGAA,0
CAGATGGATCAAAATA,0
CAGATGGTGCTACACT,0
CAGATTAAACATCACT,0
CAGATTAACACAAGTG,0
CAGATTACTAAATGAG,0
CAGATTAGAAACATAT,0
CAGATTAGACTGCTAT,0
CAGATTAGCCTCCTGA,0
CAGATTCCTAGAAACG,0
CAGATTCCTATATAGT,0
CAGATTCCTCAAAGCG,0
CAGATTCGCTGAAAAC,0
CAGATTGAGCTTAGAG,0
CAGATTGTACAACCAG,0
CAGATTTTTCTTAGTG,0
CAGATTTTTGAGTCTA,0
CAGCAAAAAAAAGGCA,0
CAGCAAAATGAATAAT,0
CAGCAAACAGATAAAA,0
CAGCAAACCAGCAGCT,0
CAGCAAAGGCAATAGG,0
CAGCAAATACGACTCC,0
CAGCAACAGTATGTAC,0
CAGCAAGAACGTGACC,0
CAGCAAGATAGACCCG,0
CAGCAAGGAAAAACAT,0
CAGCAAGTGTACATAA,0
CAGCAATACAGACCTC,0
CAGCAATATCTAGTTC,0
CAGCAATCTACCGACA,0
CAGCAATGCACAGAAA,0
CAGCAATTACCATCCA,0
CAGCAATTTCCTTTAT,0
CAGCAATTTGCCCCGG,0
CAGCACAAAAAAATTA,0
CAGCACAATCCATACT,0
CAGCACACAAGTCTTC,0
CAGCACGCATGAAACT,0
CAGCACTATCATTACA,0
CAGCACTCCGTAAAAA,0
CAGCACTTACCTACGG,0
CAGCAGAAGGAGCGAT,0
CAGCAGAATCTGGGAG,0
CAGCAGATAAGCTCTA,0
CAGCAGGAAACCCTCA,0
CAGCAGGAGATTAACG,0
CAGCAGGAGTGTGACG,0
CAGCAGGGAACAGGTT,0
CAGCAGTCCCAACATT,0
CAGCAGTGGGAGACCG,0
CAGCATACAAATACCG,0
CAGCATGATAACACAC,0
CAGCATGATATTCCCA,0
CAGCATGGTAGAAATA,0
CAGCATGTAACACCTG,0
CAGCATGTACTTCTAG,0
CAGCATTAATCGCGTA,0
CAGCCAAAGATGTGCG,0
CAGCCAATACATGACA,0
CAGCCAATCTGAATTG,0
CAGCCACAAACCGCAT,0
CAGCCACACGAGCGAT,0
CAGCCACCACCTTATG,0
CAGCCACGAAACTAAT,0
CAGCCACTCCACGAAA,0
CAGCCAGTACTAATCA,0
CAGCCATAATTACACT,0
CAGCCATACACAGAAG,0
CAGCCATCGATAAATG,0
CAGCCATGCAGCCCTA,0
CAGCCATTGATTATTC,0
CAGCCATTGGACAGAT,0
CAGCCCACATCTACAC,0
CAGCCCATTGTTAGAA,0
CAGCCCGACTAACGTT,0
CAGCCCGTGTACTGTT,0
CAGCCGAAAAAGGAAC,0
CAGCCGACTGCAAAAT,0
CAGCCGCCTACCTTAG,0
CAGCCGTTATGGCGGG,0
CAGCCTAGAACCCATT,0
CAGCCTCACTATAAAA,0
CAGCCTGAACCTCACT,0
CAGCCTGACATGAAAA,0
CAGCCTTACAAAAAAC,0
CAGCCTTAGTATCAAA,0
CAGCCTTCCATTCCTG,0
CAGCCTTGAAAAGACT,0
CAGCCTTTAGACAAAT,0
CAGCGAAACTGCTTGG,0
CAGCGAAATCAAACAG,0
CAGCGAAGCAAAAACA,0
CAGCGACAATCAAAGC,0
CAGCGAGAAAAAAAGT,0
CAGCGAGGTTTGTCTA,0
CAGCGATCCAACGCTA,0
CAGCGATCCCCAATAG,0
CAGCGATTCTCTGCAA,0
CAGCGCCTCAGCGATT,0
CAGCGCCTTGTGGCTG,0
CAGCGGGATTATTCCT,0
CAGCGGTACGATCCTG,0
CAGCGTAAACAAAGAT,0
CAGCGTAGACATTACC,0
CAGCGTCAAAAGGCGT,0
CAGCGTCTGTCCTGCC,0
CAGCTAAACTAATGAA,0
CAGCTAATGTTCTTGC,0
CAGCTACAGCTTACAT,0
CAGCTACATACAAATT,0
CAGCTACGTACTATAC,0
CAGCTAGAAGTCTTAT,0
CAGCTAGACGGAAAGA,0
CAGCTAGGAAATTGAA,0
CAGCTATACCTGGCCT,0
CAGCTATCGAAATTCA,0
CAGCTATCGGCATATT,0
CAGCTATGAACTTTGC,0
CAGCTATGACATTTTT,0
CAGCTCAGAGTATCGC,0
CAGCTCATTTGTGATT,0
CAGCTCCCGATAAGAT,0
CAGCTCCTAGGAAAAT,0
CAGCTCGATTACTATG,0
CAGCTCTAGCGAAGTG,0
CAGCTCTATGTAAAGA,0
CAGCTGAAGCAGAACG,0
CAGCTGACTTCAACTC,0
CAGCTGCAAGCGGATG,0
CAGCTGCTTAGTAAGT,0
CAGCTGGAAATATGCA,0
CAGCTGGAGTGCAACC,0
CAGCTGTTACCTAACC,0
CAGCTTAAACGTTAGT,0
CAGCTTAGCGATAATT,0
CAGCTTCCTTGTTGGT,0
CAGCTTGCAAGATATC,0
CAGCTTGGAACGAACG,0
CAGCTTTACATATGAA,0
CAGCTTTGCTGCCCCG,0
CAGCTTTTGACCATAC,0
CAGGAAAACCACAAAA,0
CAGGAAAACGTTAATT,0
CAGGAAATCTGATTTT,0
CAGGAACACTATTCCA,0
CAGGAACCTGCTCGTT,0
CAGGAAGATTTTAAAA,0
CAGGAAGCCAAGACAA,0
CAGGAAGCCGAGCGTA,0
CAGGAAGGTTATAAGT,0
CAGGAATAATATATAT,0
CAGGAATAATTTTTTT,0
CAGGAATATGCTTATG,0
CAGGAATATGGACTCA,0
CAGGAATATGTCAAAT,0
CAGGACAGCCTGCGAA,0
CAGGACATATTAATAT,0
CAGGACCAAAGGTCTC,0
CAGGACCTGTCATGAA,0
CAGGACCTTTTCATAA,0
CAGGACTGTATTATCT,0
CAGGAGACACACTTGT,0
CAGGAGATGTTCATAT,0
CAGGAGCAACTTGCAT,0
CAGGAGCATATTAAAA,0
CAGGAGGTATATTGAT,0
CAGGAGTACATTTCTA,0
CAGGAGTATCCTCATA,0
CAGGAGTGTCGTTTGT,0
CAGGATATTAAAACTC,0
CAGGATATTAAAGAAA,0
CAGGATCGTAAGCATA,0
CAGGATCTCGATATGA,0
CAGGATCTTTATCCCA,0
CAGGATGAAAAAAATT,0
CAGGATTACAGGTGTG,0
CAGGATTTCCTCATAA,0
CAGGCAAAATTTCCAG,0
CAGGCACTGTCCACAG,0
CAGGCAGAATGAATTT,0
CAGGCAGATGAATTAG,0
CAGGCAGCGCCTACCA,0
CAGGCATCTATACTAA,0
CAGGCATGCACTAATC,0
CAGGCATTAGATATCT,0
CAGGCATTTTCGTCGG,0
CAGGCCAGAAACCTCA,0
CAGGCCAGAACAAAAC,0
CAGGCCAGTATTCTCA,0
CAGGCCCAATAAATCG,0
CAGGCCCTGACGTTAT,0
CAGGCCTTGAATAATA,0
CAGGCGAATACAGACC,0
CAGGCGAATGTACACT,0
CAGGCGAGGTAAGGAA,0
CAGGCGAGTTTAGAAT,0
CAGGCGATTCTAAGAA,0
CAGGCGCCTTTCCCCA,0
CAGGCGGCCGAATAAA,0
CAGGCGTATTACGAAC,0
CAGGCGTTTAGGTTAC,0
CAGGCTAAAGAACCTA,0
CAGGCTAAGAGCCGAA,0
CAGGCTAGATCCCAAC,0
CAGGGAAACAACAGAA,0
CAGGGAAACCAGAATA,0
CAGGGACAGATTACTT,0
CAGGGACTCTATAATA,0
CAGGGAGCACGAAAGT,0
CAGGGAGTAACCATTA,0
CAGGGAGTTTCTAGGA,0
CAGGGATAGAATATTT,0
CAGGGATCTACTAAAC,0
CAGGGATGCTAGGTGG,0
CAGGGCAACCCAGTTA,0
CAGGGCATATCCACAA,0
CAGGGCCCGAGAGCGC,0
CAGGGCTAAATGTCCC,0
CAGGGCTTGAGTTACA,0
CAGGGGAATAAAACCT,0
CAGGGGACGGGGCGGT,0
CAGGGGATCACTTGAG,0
CAGGGGATTTAGCAAC,0
CAGGGGGCCCTGTGGC,0
CAGGGTATCACGCATG,0
CAGGGTTAACAATGTA,0
CAGGTAAAAATTAGAC,0
CAGGTAAAACTCCTGC,0
CAGGTAAATTACCGAC,0
CAGGTAACATAAAGAA,0
CAGGTAACCAATAATC,0
CAGGTAACCTATTGAT,0
CAGGTAACGTCAGAAT,0
CAGGTACAAAAGCATA,0
CAGGTACAACCGATAT,0
CAGGTACGCCCTAATA,0
CAGGTAGCCAACAAAA,0
CAGGTATAAATCCGTC,0
CAGGTATCACGACCGG,0
CAGGTATTCTGCTCGA,0
CAGGTCAAGACCTGAA,0
CAGGTCAATAATTCAA,0
CAGGTCCTTCATAGAG,0
CAGGTCTAGTTGATAG,0
CAGGTGAAATTGCAAA,0
CAGGTGACTAATCCAG,0
CAGGTGCGAATCTCAT,0
CAGGTGCTTGTGTGCC,0
CAGGTGGCCAAGGCAG,0
CAGGTGTATCAGCGAT,0
CAGGTGTGGTTCGCCT,0
CAGGTTATCTGCATAG,0
CAGGTTCAAAGCAATA,0
CAGGTTCTATTTGACT,0
CAGGTTGAATTCATGA,0
CAGGTTGGAGTAGGAA,0
CAGGTTGGCCACCGTG,0
CAGGTTTACATCTCCA,0
CAGTAAAAACTTTCTA,0
CAGTAAAAATAGCAGC,0
CAGTAAAACCAATGAC,0
CAGTAAACAGATGATA,0
CAGTAAAGAACTTTCC,0
CAGTAAATACGTTGAC,0
CAGTAAATCAAGTTAG,0
CAGTAAATCAGATCGC,0
CAGTAAATTTGACTAA,0
CAGTAACAAATTATAA,0
CAGTAACAAGACTGCA,0
CAGTAACCCCCGAGAA,0
CAGTAACCGCACGCAT,0
CAGTAACGAATTAGTA,0
CAGTAACGATTTTGAC,0
CAGTAACTTCGAAATT,0
CAGTAAGAGTCTCTAA,0
CAGTAAGGTTTCCAAA,0
CAGTAATAATCCCAAG,0
CAGTACAACATTTATT,0
CAGTACAACTTACATA,0
CAGTACAATTTGAAAC,0
CAGTACAGCGAGTGTT,0
CAGTACAGTAACACTG,0
CAGTACCACGGTGTCT,0
CAGTACCCAACAATTA,0
CAGTACCCATAGCCAC,0
CAGTACCTAGGGACGA,0
CAGTACCTGATATCAT,0
CAGTACGCAAGATTAT,0
CAGTACGCATACTCTT,0
CAGTACTAGCAATAAT,0
CAGTACTGACTCAACC,0
CAGTACTGGAAGCAGG,0
CAGTACTTGTGAACTT,0
CAGTAGAACGATCTAC,0
CAGTAGACGTTAGTAA,0
CAGTAGAGGAATAACA,0
CAGTAGCAATCAGAGA,0
CAGTAGCAGCTCTACT,0
CAGTAGCCACAATAGC,0
CAGTAGCGAAGTTGTA,0
CAGTAGTGAGACAAGA,0
CAGTATAATGTTACTA,0
CAGTATACATTCTAAA,0
CAGTATACCGCATGAC,0
CAGTATCACACTACAT,0
CAGTATCCAACAATGA,0
CAGTATCTTTACATTT,0
CAGTATTCCAACCCCA,0
CAGTATTGATCCCAAC,0
CAGTATTTAACACTAC,0
CAGTCAAAGAAATGTT,0
CAGTCAACAGGTCGTT,0
CAGTCAACCTTTGTGG,0
CAGTCAAGAAGATATT,0
CAGTCAAGACGGAAAG,0
CAGTCAATATAAATGG,0
CAGTCACCAAAAACCG,0
CAGTCAGATGCATTTC,0
CAGTCAGTAAAGATGA,0
CAGTCATACGTTGAAA,0
CAGTCATCCCTAATAT,0
CAGTCATTGCATGGCC,0
CAGTCATTGTAGGTAT,0
CAGTCCAATGATTTAA,0
CAGTCCACCTTATAAT,0
CAGTCCACTAGCGTTA,0
CAGTCCATAATGTATC,0
CAGTCCCATAGAATCA,0
CAGTCCCTTTCGTGTA,0
CAGTCCGATCGCTAAT,0
CAGTCCGCAAGTAGTT,0
CAGTCCGGATGATTTT,0
CAGTCCTTCGCGTCAC,0
CAGTCCTTTGGACATA,0
CAGTCGAGCGTCCTGA,0
CAGTCGCAAAGTAGAC,0
CAGTCGCAAGCACGTC,0
CAGTCGGATCGGTGGG,0
CAGTCGTAACCCGAAG,0
CAGTCGTATGCAGAGC,0
CAGTCGTTACTATAGG,0
CAGTCGTTGTGGGCTT,0
CAGTCTAGAACCACCC,0
CAGTCTAGGCATCTGA,0
CAGTCTATACTGTCAT,0
CAGTCTGAACGACCCG,0
CAGTCTGATTAAATTG,0
CAGTCTGGAGAACCCT,0
CAGTCTTAAATCGTGG,0
CAGTCTTTCTCACTCT,0
CAGTCTTTGCTTAAGG,0
CAGTGAAAAAAATATG,0
CAGTGAAATTGACAAA,0
CAGTGAATCATAACAG,0
CAGTGAGACAAGTACA,0
CAGTGAGACTCATCGT,0
CAGTGAGTGCATCGCC,0
CAGTGAGTTTAGGTTA,0
CAGTGATATAAAACAA,0
CAGTGATATAGCTAAG,0
CAGTGATTAGATCAAT,0
CAGTGCAAAAAAGGGA,0
CAGTGCAAGAAGAGAT,0
CAGTGCACTCCTAACG,0
CAGTGCGTTTGGTTTT,0
CAGTGGGCCAAGGAAG,0
CAGTGGTTACACCATA,0
CAGTGTAAAACTCTGT,0
CAGTGTACCGAGATAG,0
CAGTGTATACAACACG,0
CAGTGTCGCGCCCCAA,0
CAGTGTCGCTCCAAGA,0
CAGTGTGAGAAACTAT,0
CAGTGTGAGTCTCAAT,0
CAGTGTGCTAGCACTA,0
CAGTGTTATCAGCTGG,0
CAGTGTTGACAAACTA,0
CAGTTAAAGAACGGTG,0
CAGTTAACATATGAAC,0
CAGTTAACGCTACCAT,0
CAGTTAACGGGCGGCC,0
CAGTTAATGAAGAACC,0
CAGTTAATTGCTTAAG,0
CAGTTACACATAATAA,0
CAGTTACACTGCTCAT,0
CAGTTACGTGGGGAAC,0
CAGTTACTGTAATTCC,0
CAGTTAGCAGTTGCTC,0
CAGTTAGGCAACAATA,0
CAGTTAGGCCTAAACT,0
CAGTTATACGTCTACA,0
CAGTTATGACTCATTA,0
CAGTTATGCAGAAAAA,0
CAGTTCCCTTACCCTG,0
CAGTTCCTAACTCAAC,0
CAGTTCGAGGTTAAAT,0
CAGTTCGCCTATAGAT,0
CAGTTCGGCAATATGC,0
CAGTTCGTAGCAGTTG,0
CAGTTCTGAAGTGAGG,0
CAGTTCTGTAATGTTT,0
CAGTTCTTAAGAAAAT,0
CAGTTCTTATAACAAA,0
CAGTTCTTTGCCATAC,0
CAGTTGAAAACTAATA,0
CAGTTGAAGGAGGCCA,0
CAGTTGACTTAATGTA,0
CAGTTGAGTTCAGGAT,0
CAGTTGCGAATTACTG,0
CAGTTGCGGTAAACGA,0
CAGTTGTGACCTGTAG,0
CAGTTTAATAATGATG,0
CAGTTTCAACGAAAAA,0
CAGTTTCACTTAAAAA,0
CAGTTTCGCCAAATGA,0
CAGTTTCTTAAAAAAA,0
CAGTTTGAATACTCAA,0
CAGTTTTCATTAAGTC,0
CAGTTTTTAGAACAAT,0
CATAAAAAAACCCAAT,0
CATAAAAAAAGACTGT,0
CATAAAAAAGTTTCTG,0
CATAAAAATCGACATG,0
CATAAAAATCTTCCCA,0
CATAAAACAAAACGTT,0
CATAAAACAATTTCAT,0
CATAAAACCAAGATCC,0
CATAAAACTTTAAATT,0
CATAAAATATCTGGAA,0
CATAAAATTAAATTGG,0
CATAAAATTAAGAAAA,0
CATAAACAAGCGAGTC,0
CATAAACCCTTTGCGA,0
CATAAACCGTAGAATT,0
CATAAACCTAATATAA,0
CATAAACCTATACAGT,0
CATAAACGAACACAAA,0
CATAAACGACACTGAC,0
CATAAAGAAAACATAG,0
CATAAAGTAAACCTCT,0
CATAAAGTCCTAGAAG,0
CATAAAGTCTAAATAC,0
CATAAATAAACTAAGT,0
CATAAATAAGTGCGTC,0
CATAAATAATCGAGCT,0
CATAAATACCCATCAG,0
CATAAATACTTTCTGT,0
CATAAATATCCAAGGC,0
CATAAATCAAAAGACA,0
CATAAATCCTTTCGCA,0
CATAAATGAGAATTTT,0
CATAAATGCGCATATG,0
CATAAATTAAAACATA,0
CATAAATTAATTTACT,0
CATAAATTACGGTATT,0
CATAAATTTAACAACA,0
CATAACAAATTTCTCA,0
CATAACACCTCCAAAT,0
CATAACACTCTAACCG,0
CATAACAGAGAAAACA,0
CATAACAGATTTCCAC,0
CATAACAGCGGGGACG,0
CATAACATAATACAAA,0
CATAACATTACAGACC,0
CATAACATTAGACTTG,0
CATAACCAGAGCTCGT,0
CATAACCCAATCTCCT,0
CATAACCCGACAAGTT,0
CATAACCGAGAGGGTA,0
CATAACCGAGATAGCC,0
CATAACGATAATAATA,0
CATAACGATCCTCAGT,0
CATAACTACGAGCACT,0
CATAACTATCGTAACT,0
CATAACTCTACGTGTC,0
CATAACTGCAAACAAC,0
CATAACTGGATATTTC,0
CATAACTGGCACTCCC,0
CATAACTGTATTAGAA,0
CATAAGAAAGACTACT,0
CATAAGAACGCCTAAT,0
CATAAGAACTTAGAGT,0
CATAAGAATGCTGGCG,0
CATAAGACAAACAAAC,0
CATAAGACACTAGTCC,0
CATAAGACTACGAATA,0
CATAAGACTTGTTTTA,0
CATAAGAGTACTTAAA,0
CATAAGATTGAGCCAA,0
CATAAGCAAGTGTCAC,0
CATAAGCAGGAGCTTC,0
CATAAGCCACTACGAG,0
CATAAGCTCAGAATCA,0
CATAAGCTTAATAGAT,0
CATAAGGATTCACAAT,0
CATAAGGGTGAATCAT,0
CATAAGGTATAAAGAA,0
CATAAGTCACTACCAT,0
CATAAGTCCTCGTTAC,0
CATAAGTTGTGTAGCA,0
CATAATAAACGGTGCG,0
CATAATAAATTACACA,0
CATAATAAGAATATCT,0
CATAATAAGTCCAGCG,0
CATAATACACCCTAAC,0
CATAATACAGGCGCGT,0
CATAATACATACGTAT,0
CATAATACCTATATAG,0
CATAATATAACAACAG,0
CATAATATTATCTTAT,0
CATAATATTGTCGAGT,0
CATAATCAATTAGACA,0
CATAATGACAAAATTA,0
CATAATGACTAAATTA,0
CATAATGTACTTTAAT,0
CATAATGTAGAGAAAA,0
CATAATTACCGCTAGT,0
CATAATTAGTCTTCGA,0
CATAATTATACCGAGT,0
CATAATTATCGAAGGA,0
CATAATTATTGGAACA,0
CATAATTCCACCCAAA,0
CATAATTGCTCCAGCA,0
CATACAAAATCGAACC,0
CATACAAACACCACAC,0
CATACAAATGGATTAC,0
CATACAACCATAAGTA,0
CATACAAGCGAGTTAG,0
CATACAATAAGTTTTC,0
CATACAATAGAACCGT,0
CATACAATGCAGTATA,0
CATACAATTTGACGCG,0
CATACACAATTCAAAA,0
CATACACAGAATAATC,0
CATACACCGTATATGA,0
CATACACGAAGTCAAA,0
CATACACGCCTAGCAA,0
CATACACTTCAAAACT,0
CATACAGAGTTCATAA,0
CATACAGCATAATTAT,0
CATACAGGCCAGTCCA,0
CATACAGTCAGATTTA,0
CATACATACTTCGAAA,0
CATACATATATGATTA,0
CATACATCACATTTAT,0
CATACATGAACTCAGG,0
CATACATTAGTTCATT,0
CATACCACAAATGACT,0
CATACCACCAAGCACT,0
CATACCATATAAATGG,0
CATACCATCACATCAC,0
CATACCCCTCGCACTA,0
CATACCCGGTGCAAAC,0
CATACCCTCTGTTAAC,0
CATACCGAAAGTACTA,0
CATACCGAACTGTCAT,0
CATACCGAATATACTA,0
CATACCGAGAGTTAAG,0
CATACCGCCTAATGTC,0
CATACCGCTTTTTTGC,0
CATACCTAATACATTT,0
CATACCTATCGATCGG,0
CATACCTTTGTCAGTA,0
CATACGAAGTTCCATA,0
CATACGACAAGGCAAT,0
CATACGACCTTAAATT,0
CATACGCATCAGACTT,0
CATACGCCTGGTCTCA,0
CATACGGATGCAAACA,0
CATACGGCATATACAG,0
CATACGGGATAAACCA,0
CATACGGGCAATTGTT,0
CATACGTACAGAAATA,0
CATACGTACTTCCGCT,0
CATACGTCCCGCGACA,0
CATACGTCGAGACCAA,0
CATACGTTATTACAGG,0
CATACGTTGAGCATAC,0
CATACGTTTTTAATAC,0
CATACTAAAAGTGGAT,0
CATACTACGAAGGAAT,0
CATACTACTAAAATGT,0
CATACTAGAGACCCCT,0
CATACTCCACGTAAAG,0
CATACTCCCTGTGCTT,0
CATACTCGCAAAGCTT,0
CATACTCGGATTCAAC,0
CATACTCTAGAATAAA,0
CATACTTCATGGGATT,0
CATACTTTGCCAATCA,0
CATAGAACACTATATG,0
CATAGAACAGCTCCCA,0
CATAGAAGGATATAGA,0
CATAGAATAAAGTAAG,0
CATAGAATAACGCTTG,0
CATAGAATCACCTGCA,0
CATAGACCATGGCACA,0
CATAGAGTATATCACC,0
CATAGAGTTAGCACCA,0
CATAGATAATTCAGCA,0
CATAGATACTCAAAGC,0
CATAGATCGTATTCGA,0
CATAGATCTTGATATA,0
CATAGATGTGTACTCA,0
CATAGATTCAACTGGG,0
CATAGATTCTTGTCAA,0
CATAGATTTTCCTACG,0
CATAGCAATGTAGGCG,0
CATAGCAGAGCCTTTC,0
CATAGCCACATCTAAC,0
CATAGCCATTTTAAAA,0
CATAGCGAAGAAGTCA,0
CATAGCGCATAGCGTC,0
CATAGCTAGAATGTGA,0
CATAGCTAGCCTTCAC,0
CATAGCTCTAAAATTT,0
CATAGCTTAACATCTA,0
CATAGGAAAACCCTAA,0
CATAGGAACAAAAAGT,0
CATAGGACGCCCCACC,0
CATAGGACGCTCAACT,0
CATAGGACTACATAGT,0
CATAGGCACACATATG,0
CATAGGCAGTAGAGTT,0
CATAGGCCAATTAGCC,0
CATAGGCGTAAACCTT,0
CATAGGCTTATCAGCC,0
CATAGGCTTTGAGTCT,0
CATAGGGAGGGTCTCC,0
CATAGGGTCAATAACA,0
CATAGGTACCCGCCGA,0
CATAGGTAGGACCGCA,0
CATAGGTATCCGACCG,0
CATAGGTATTACAAAT,0
CATAGGTCGAAAGGAA,0
CATAGGTGCCGAACGA,0
CATAGGTGGTACTCCT,0
CATAGTAAATCCTAGG,0
CATAGTAAATGTCACA,0
CATAGTACAACAGTTA,0
CATAGTATAGTAACAA,0
CATAGTATGCCTAACA,0
CATAGTCAAGTAGCAA,0
CATAGTCGTCAAAAAC,0
CATAGTCTAGATCTTA,0
CATAGTGCTCGACCGG,0
CATAGTTACACACTCC,0
CATAGTTGGCAAAATA,0
CATAGTTGGCAACATA,0
CATAGTTTCGTTACAT,0
CATATAAAAAGATACC,0
CATATAAAATGAACTG,0
CATATAAACAAATCAG,0
CATATAAACCCAAGAC,0
CATATAAACCTATACT,0
CATATAAATTGGGAAA,0
CATATAACCGCTAAAA,0
CATATAACGAGGCACG,0
CATATAACTGCATAAC,0
CATATAATACTACATC,0
CATATAATATGGTATC,0
CATATAATGAGCCGGA,0
CATATAATTCAAGCAG,0
CATATACAAGGACATT,0
CATATACAATCTAGCA,0
CATATACGATCCCAAT,0
CATATACGGCATGTGC,0
CATATACGTAAAAACC,0
CATATACTCCAAGAGT,0
CATATACTGAATTCAA,0
CATATAGACACCATGG,0
CATATAGGTCCCAGAC,0
CATATATAACTGAATA,0
CATATATACAACCACT,0
CATATATACTAAAACG,0
CATATATATACAGACT,0
CATATATCATTGTCTA,0
CATATATGACACTATT,0
CATATATTCAACTATC,0
CATATATTGCAACCTA,0
CATATCAAAACACGGT,0
CATATCAATAATTCAT,0
CATATCAATCTACCAA,0
CATATCACTTGCAACC,0
CATATCATCCGTCATG,0
CATATCATGCCTACGA,0
CATATCATGGACAGTT,0
CATATCATTACTATAA,0
CATATCCCATTTTCTA,0
CATATCCCGTCCATAG,0
CATATCCTCACTAACG,0
CATATCCTTAGTTGAG,0
CATATCGCCCATAATA,0
CATATCGCGAATTAGG,0
CATATCGGAAAAAAAG,0
CATATCGTACTTGAAA,0
CATATCTACGCAATTT,0
CATATCTATACCAGTG,0
CATATCTCGATGATAA,0
CATATCTTTCACCCCG,0
CATATGAAAGCATTGT,0
CATATGAGTCGAGGCG,0
CATATGATAAAACCGA,0
CATATGATACACGTAA,0
CATATGCAGGATAGTA,0
CATATGCCCAAATCAT,0
CATATGCCTATTGCAA,0
CATATGGATTTAAAAA,0
CATATGGGATGTGACT,0
CATATGTACCTAGAAA,0
CATATGTATACCCATA,0
CATATGTCTAATCCAC,0
CATATGTGCAAATATC,0
CATATGTTTAAAGGTA,0
CATATTAACTATATCA,0
CATATTAATAACCATG,0
CATATTACACAAACCA,0
CATATTACTCGGCAAT,0
CATATTAGCAAGAGCG,0
CATATTAGGATGGGCG,0
CATATTATACTAATAA,0
CATATTCCAGGAAAAT,0
CATATTCCTTTCCCAC,0
CATATTCGCTTTCCCC,0
CATATTTAAAGGATAA,0
CATATTTAGTAAACAT,0
CATATTTAGTTCAGGA,0
CATATTTCACGCGAAC,0
CATATTTGGATTACAG,0
CATATTTGTAAACAAA,0
CATATTTTGTAAGCAA,0
CATCAAAAAGGCCTTC,0
CATCAAACCACAATAA,0
CATCAAACCATCTGAA,0
CATCAAACCTTCACTG,0
CATCAAACGTAGATAC,0
CATCAAATATCCAAAG,0
CATCAAATCACCCTCC,0
CATCAACGGAAGCTCT,0
CATCAACTAGATGACA,0
CATCAAGATAACAAAA,0
CATCAAGCATTTAGTA,0
CATCAAGCTTACTAGC,0
CATCAAGCTTATCACA,0
CATCAAGGCTGTAACA,0
CATCAATAATCAAGGA,0
CATCAATAATTGGTAG,0
CATCAATATATTGAAC,0
CATCAATATCATAAAA,0
CATCAATATGACCATA,0
CATCAATATTAAAGTG,0
CATCAATCGATATACC,0
CATCACAAAATCTCAA,0
CATCACAAAGGCTGTA,0
CATCACACCTGTGCCG,0
CATCACATAATAGAGG,0
CATCACATGGTTTTCC,0
CATCACCACCACAGTG,0
CATCACCCACAGTAAC,0
CATCACCCGCCTATAC,0
CATCACCTTAGTAACA,0
CATCACGAACATGCTC,0
CATCACGAGATCGATT,0
CATCACTCCTTGAATA,0
CATCACTCGCTGTGAT,0
CATCACTCGGACGCGA,0
CATCAGAACAAACCCA,0
CATCAGAAGGTAACTT,0
CATCAGAATAAATCTG,0
CATCAGAATTTAAATG,0
CATCAGCAATAACGAA,0
CATCAGCAATCCCATC,0
CATCAGGAAGTCCCCA,0
CATCAGGATGGTGGGG,0
CATCAGGTTTTAGAGA,0
CATCAGTAAATCTCTT,0
CATCAGTATAAATATG,0
CATCATAAACGGGCCC,0
CATCATAAGCTAATCC,0
CATCATACCTCAGAGT,0
CATCATAGTTCACTAA,0
CATCATCCCGAGTAAT,0
CATCATCGCAGTAGTA,0
CATCATCTCAGAGCGC,0
CATCATCTTATTCGCG,0
CATCATGAGCTATCAT,0
CATCATGTTGGAATAT,0
CATCATTGGTGACATT,0
CATCCAAAGCCTACAT,0
CATCCAAGTAATGAAG,0
CATCCAATCAACGTTG,0
CATCCAATCCAATTAT,0
CATCCAATGTATGCTT,0
CATCCAATTCACGTTT,0
CATCCACATCACACGC,0
CATCCACATTGTCTAA,0
CATCCACGATTCCTTA,0
CATCCAGGTTGAATAC,0
CATCCAGTAAAACAAT,0
CATCCATCTCCATTGA,0
CATCCATGCAACACTC,0
CATCCATTTCACTAAC,0
CATCCCAAAGCACTCG,0
CATCCCAACCGTCAAT,0
CATCCCACACCCGACT,0
CATCCCACGATGCAAT,0
CATCCCACGCAATAGA,0
CATCCCACTGCGCTTA,0
CATCCCACTTAAAGTC,0
CATCCCCAAGCAAATG,0
CATCCCCATGACATAC,0
CATCCCCGACTGATGA,0
CATCCCGTAATGTTGA,0
CATCCCTCCAACTTGA,0
CATCCGAAGGCGCAAT,0
CATCCGATACTGATCC,0
CATCCGCAGACTGACT,0
CATCCGGCAACAAGTC,0
CATCCGTAAAAAATGC,0
CATCCGTCTATAAGGT,0
CATCCTAACAAGCGAA,0
CATCCTAACATCATAC,0
CATCCTAACCGCGTTT,0
CATCCTAGTAAGAAGT,0
CATCCTATGTATTCGT,0
CATCCTCACGAGTACT,0
CATCCTCATATAAACC,0
CATCCTCGAAAACTCC,0
CATCCTCTCTCTAACC,0
CATCCTGAGAGACAGT,0
CATCCTGATCTCTACT,0
CATCCTGCTCAAGCTT,0
CATCCTTTCACCTAAA,0
CATCGAAAAAACGGCG,0
CATCGAAAAACGTTAA,0
CATCGAAGTGTTGAAT,0
CATCGAATTGCACAAA,0
CATCGACAGTTACTGT,0
CATCGACCACCCCAAG,0
CATCGACCCCTCCTGT,0
CATCGACGAAAACTAG,0
CATCGACGATCGTAAG,0
CATCGACTAAAATTGC,0
CATCGAGACTAATCCA,0
CATCGAGATACAAAAG,0
CATCGAGTAAGTTCCA,0
CATCGAGTGGCTTGCC,0
CATCGAGTGGGTTCTG,0
CATCGATTATATAATT,0
CATCGCAACAAAAGCG,0
CATCGCAATTAACATG,0
CATCGCACGATAAAAA,0
CATCGCCGTTGTTTTC,0
CATCGCTAATTATACT,0
CATCGGAAAAGGCAAC,0
CATCGGCCGGACAGGT,0
CATCGGGGTCACAGGC,0
CATCGGTAACAACTAT,0
CATCGGTGTAGTTAGG,0
CATCGGTTTTCTCGCA,0
CATCGTAAGCGGCTGG,0
CATCGTCGAACCTTAC,0
CATCGTGAGATCAAGG,0
CATCGTGGTACTCAAA,0
CATCGTTAACCTGTGC,0
CATCTAAAACACATTT,0
CATCTAAAATAACTGG,0
CATCTAAGCAGTCAGT,0
CATCTAATTTGATATA,0
CATCTACCACTTTCCA,0
CATCTACCATATAAGG,0
CATCTACCTGTCGAGT,0
CATCTACGCAAATAGC,0
CATCTAGAGCCCATAG,0
CATCTAGCTTAAACAA,0
CATCTAGTAGTTCCGA,0
CATCTAGTATAATGCA,0
CATCTATAAGTACCAT,0
CATCTATACCCTTAAA,0
CATCTATAGCACGTTT,0
CATCTATATTTGTCAA,0
CATCTATGACAAACAC,0
CATCTATTCATAATAC,0
CATCTCACCGACATAA,0
CATCTCAGCTGCATGA,0
CATCTCCATACAAAGT,0
CATCTCCCAAACTTGA,0
CATCTCCCGGTCTCGA,0
CATCTCGACATTGCAA,0
CATCTCGCATTCCGGA,0
CATCTCGCCCAGCACG,0
CATCTCGCGTCACACG,0
CATCTCGTAGAGCTTG,0
CATCTCTCGATGAACT,0
CATCTCTTAGGGTTTT,0
CATCTGAACAGACTTG,0
CATCTGAATCCCTCTA,0
CATCTGACGACACCTG,0
CATCTGAGTAAAGCTC,0
CATCTGATAGCCAAAA,0
CATCTGGAAAATTGTG,0
CATCTGGCCGTAAACC,0
CATCTGTATTCCGCTG,0
CATCTGTTGATCCTAT,0
CATCTTACTAAAAAAT,0
CATCTTAGCGTACGTA,0
CATCTTAGTTATCCGT,0
CATCTTATTGTGTCCA,0
CATCTTCAAAACTGCA,0
CATCTTGTTCCGATAA,0
CATCTTTACACACTTA,0
CATCTTTCATACACGA,0
CATCTTTCTGGATATA,0
CATGAAAAGGTATAAC,0
CATGAAAAGTAATTAT,0
CATGAAAATATTTAAG,0
CATGAAAATCGTCTCA,0
CATGAAACCGCACAAA,0
CATGAAAGACAAACTT,0
CATGAAAGCCTGTGCA,0
CATGAAATAGTGTCTA,0
CATGAAATCTACTCCT,0
CATGAAATTAACAGCC,0
CATGAAATTTAAGTTT,0
CATGAACAAAGTATTT,0
CATGAACACTTCCGAG,0
CATGAACATATGGATT,0
CATGAACGGTGAAAAA,0
CATGAAGAGAAAAACT,0
CATGAAGATCGGATAC,0
CATGAAGCGTTAATAG,0
CATGAATAAAAGGATG,0
CATGAATAACCAAAGA,0
CATGAATACGCCTTAC,0
CATGAATCCAACGTTG,0
CATGAATCGCAAAAAC,0
CATGAATCGTGCTGGT,0
CATGAATCTGTACCAG,0
CATGAATTATCGATAC,0
CATGACAACGGGCATA,0
CATGACAAGTAATCCA,0
CATGACATACTAATGG,0
CATGACATTAATAATG,0
CATGACCCATTTTGGT,0
CATGACCCCTACTAAT,0
CATGACCTACAACAAA,0
CATGACGAATCTCCAA,0
CATGACTGAAGCCCAC,0
CATGAGAAATGACACG,0
CATGAGATACCATGCT,0
CATGAGGAACCGAAAA,0
CATGAGGGGTGTACCC,0
CATGAGTCACACACCA,0
CATGAGTTAAAGTCCG,0
CATGAGTTACGACATA,0
CATGATAAACAGTTAA,0
CATGATAAAGCAACCC,0
CATGATAACCTTCGAT,0
CATGATAAGGACCAAA,0
CATGATAGTCATCAAA,0
CATGATATAATATCTA,0
CATGATCATATCAAAC,0
CATGATCCCTTTACTT,0
CATGATCCGGCCCGAG,0
CATGATCCTGCTAAGA,0
CATGATCTAATCAAAT,0
CATGATGTTGTCAAAT,0
CATGATTAACGCAGAG,0
CATGATTACATGTAAC,0
CATGATTACCACTAAC,0
CATGATTCCATATCGT,0
CATGATTTATACTAAC,0
CATGCAACACGTCAAC,0
CATGCAACTCCTTTCG,0
CATGCAACTTATCGAA,0
CATGCAATAGGTAAAA,0
CATGCAATTGGAAACA,0
CATGCACATTCCTTTT,0
CATGCACCGTTCTAAG,0
CATGCACGACACGAAA,0
CATGCACTGTTGGGAT,0
CATGCACTTGAGGTTC,0
CATGCATAATTTGCAT,0
CATGCATCTCGGAACC,0
CATGCATGGCGTACAG,0
CATGCATGTCACACTA,0
CATGCCAGTAATAGGC,0
CATGCCCACAAATTAA,0
CATGCCCACGGCTTGC,0
CATGCCCACTTCGCTA,0
CATGCCCCCCATCCAG,0
CATGCCCGAACTATCA,0
CATGCGAACGAAACTT,0
CATGCGAAGTAAGCGG,0
CATGCGATCCGATAGC,0
CATGCGGGCCACAAAT,0
CATGCGGTAGAGGGTA,0
CATGCGTAGACCCTAC,0
CATGCTAAGACCTTGC,0
CATGCTAATAGAGACT,0
CATGCTACAGCTTTAT,0
CATGCTAGTCTTCTTT,0
CATGCTATATGCTGGT,0
CATGCTATTAACTCAT,0
CATGCTCAAACCCCCC,0
CATGCTCGACCACAAA,0
CATGCTCTCATTTCAT,0
CATGCTGTAAGTCAAC,0
CATGCTTTAGAGCACT,0
CATGGACAAAGGCAAA,0
CATGGACACTTTTTTT,0
CATGGACCAGACGCAT,0
CATGGACCCTAACATA,0
CATGGACCTGATCAAT,0
CATGGAGAACAATAGT,0
CATGGAGGCAAGCTAC,0
CATGGATTAATACTGT,0
CATGGATTTTCCCTGA,0
CATGGCAGTCAGACAA,0
CATGGCGAAAGCCCTC,0
CATGGCGTTGCGCCTC,0
CATGGCTTAAGTAGAA,0
CATGGGAATGCCGAGT,0
CATGGGACATGTTGGC,0
CATGGGTTTTAAGGAA,0
CATGGTACCTTTAAAT,0
CATGGTATAATTTAAC,0
CATGGTCACATACCAA,0
CATGGTCTCCAATGAA,0
CATGGTGAAACCTTAT,0
CATGGTGGCGTTACAT,0
CATGGTGGTAAAACGA,0
CATGGTGTAATAAACT,0
CATGGTTATTTTGAGT,0
CATGGTTTCACAAACG,0
CATGTAAAGAAAATTG,0
CATGTACAAACGAACT,0
CATGTACAAACGCAGG,0
CATGTACAACAAGAGC,0
CATGTACAACAGTGCG,0
CATGTACATAGAGGAT,0
CATGTACATCTTTGTT,0
CATGTACGCTCACAGT,0
CATGTACGGCCAATTA,0
CATGTACTAGGTAGTA,0
CATGTACTCTTACAAA,0
CATGTAGATCCCTCTA,0
CATGTAGTAGATCACT,0
CATGTATGAACCGCGA,0
CATGTATGGAAGTAAT,0
CATGTATTGTAATCTC,0
CATGTCAACAATTAGA,0
CATGTCACACATCAGT,0
CATGTCAGCTACAACT,0
CATGTCCTATTAATAA,0
CATGTCTAAATGTGCT,0
CATGTGATTCTACACC,0
CATGTGCCTGCGAAAT,0
CATGTGCGCGCTACGC,0
CATGTGTGTCAGCATA,0
CATGTGTTACACCAAT,0
CATGTTACTACAGATA,0
CATGTTAGCAATACAG,0
CATGTTAGGGTAGTTA,0
CATGTTGCCTTAAATA,0
CATGTTGTCATGGCTT,0
CATGTTTACGATACGC,0
CATGTTTTAAAAGGTA,0
CATTAAAAACCTAATG,0
CATTAAAAAGCTGTTT,0
CATTAAAACACATGGC,0
CATTAAAACACGTATA,0
CATTAAAATTACCCTG,0
CATTAAAGTAAGATAA,0
CATTAAATATTTCGAT,0
CATTAAATGGAAGGAG,0
CATTAAATTACAGCTA,0
CATTAACATATGAACC,0
CATTAACATTATCTAA,0
CATTAACGCTCTTGAT,0
CATTAACTTCATGATA,0
CATTAACTTTGTGAGT,0
CATTAAGAAGAACCCT,0
CATTAAGACCATGTTC,0
CATTAAGAGAGATCTA,0
CATTAAGCCTAACCCA,0
CATTAAGCCTGTCTTA,0
CATTAAGCGCTTCATG,0
CATTAAGTCTAACTGT,0
CATTAATATTAACATT,0
CATTAATCCCTTAAAC,0
CATTAATCCGCCATCG,0
CATTAATCTGAATGCT,0
CATTAATGAAGTACCG,0
CATTAATGAATAGTTG,0
CATTAATGTCACACAG,0
CATTAATTAGCAGTTA,0
CATTACAACCTATCAT,0
CATTACAATGACGCTA,0
CATTACACTAACATTA,0
CATTACAGAAGTCGCT,0
CATTACAGCGATCCAG,0
CATTACAGGCGTGGAT,0
CATTACAGTCCCGCTT,0
CATTACATTCACTGCT,0
CATTACCGAATATTCG,0
CATTACCGATCGAGAC,0
CATTACCTAATGACTG,0
CATTACCTGCCGAACA,0
CATTACGCGATTACCT,0
CATTACTATGGTCCTT,0
CATTACTCAATAAAAT,0
CATTACTTTAGCACAA,0
CATTAGAACGTGCTAA,0
CATTAGACTTAACAAA,0
CATTAGATTTTGTAAG,0
CATTAGCAACAAAATT,0
CATTAGCACATTTGAA,0
CATTAGCCGTAGATTT,0
CATTAGCTTGTTCTGA,0
CATTAGGATAAGTCAT,0
CATTAGGTAAAAACTG,0
CATTAGTAGCTTCGTA,0
CATTATAAAAACGCAA,0
CATTATAATAAAAAAC,0
CATTATAATTGTGACA,0
CATTATACGATTATAC,0
CATTATAGTGATGAGA,0
CATTATATTTGAACTA,0
CATTATCAAAAATAAA,0
CATTATCAAGGCACTC,0
CATTATCACCAATGAG,0
CATTATCCTCCTTAGG,0
CATTATCGCACAACAG,0
CATTATCTCGGCTGGA,0
CATTATGGAATAGGCT,0
CATTATTAAAAAAGAA,0
CATTATTAACCAATTA,0
CATTATTAAGCCTAAT,0
CATTATTAGCTCAACA,0
CATTATTATCACAATT,0
CATTATTCTATAAACA,0
CATTATTGTAATTTAA,0
CATTCAAAACAGGTAT,0
CATTCAACCCAAGCTT,0
CATTCAACCGCAGGCC,0
CATTCAACGCCTAAGA,0
CATTCAACTTAAATGT,0
CATTCAAGAAAACTAT,0
CATTCAAGAGTGTACA,0
CATTCAATCTGTACAT,0
CATTCACAAAATCTCA,0
CATTCACCCACGTTCC,0
CATTCACCTATTAAAG,0
CATTCACCTTATACGA,0
CATTCAGAAGATACTA,0
CATTCAGAGCACTTTA,0
CATTCAGGATTGATGA,0
CATTCATACAGTCCCC,0
CATTCATACCACCCAA,0
CATTCATACGAAATAT,0
CATTCATATCCATTAT,0
CATTCATCAGAGCTAG,0
CATTCATGGAAGAGCA,0
CATTCCAAAGTAGAAA,0
CATTCCACATCAAAAC,0
CATTCCATATAAAAGT,0
CATTCCATATTGCAAC,0
CATTCCATCATTGTGT,0
CATTCCCAACGCAATG,0
CATTCCCCATATCAAT,0
CATTCCCTCATTTGCG,0
CATTCCCTTTGATAAC,0
CATTCCGAAGAATTAG,0
CATTCCTCATATCTAA,0
CATTCCTTACATAAAC,0
CATTCGAAAAAACAGA,0
CATTCGAACCTAATAT,0
CATTCGGACGAATTAT,0
CATTCGTCCTGAGCAA,0
CATTCGTTAACCGACA,0
CATTCGTTAGCAAAAC,0
CATTCTAAACCAAACG,0
CATTCTAATATTCTAT,0
CATTCTACCAAATCAC,0
CATTCTAGATTACGAC,0
CATTCTAGTTGAGTCT,0
CATTCTATATGTAAAG,0
CATTCTATTCGACAGT,0
CATTCTGGTCGACAAG,0
CATTCTTAAATCCGCA,0
CATTCTTATCACTGGA,0
CATTCTTGAAGGCAAT,0
CATTGAAAGCACCTAA,0
CATTGAAAGTGGTATA,0
CATTGAACGCATATTT,0
CATTGAACGTTCACGT,0
CATTGAAGATATATAT,0
CATTGAATCCAAAACA,0
CATTGACCAGCCGAGA,0
CATTGACCGAAAGCAA,0
CATTGACCTCCAAAAA,0
CATTGACTCGACAAGA,0
CATTGACTTAGCTTCC,0
CATTGAGAATTCTCGA,0
CATTGAGGAGTTATAA,0
CATTGATCAAAGGAAT,0
CATTGATGCTAGCTAA,0
CATTGCAGTGTCATGT,0
CATTGCATAACTTGCG,0
CATTGCATGTACCCTA,0
CATTGCCGAAATTATA,0
CATTGCGCGGGTGTAT,0
CATTGCTCTCAATAGA,0
CATTGCTCTCACGAAG,0
CATTGGAATAAAATAG,0
CATTGGAGACAAATTA,0
CATTGGAGATAAAGAA,0
CATTGGATAACAACTA,0
CATTGGATCCATCCTG,0
CATTGGCAATGAAAGA,0
CATTGGCATACTTATA,0
CATTGGCATCAACGAC,0
CATTGGGAACATTGTC,0
CATTGGGACTATAACC,0
CATTGGTATCAACCAC,0
CATTGGTATTGTGCTC,0
CATTGGTGAATGCAAG,0
CATTGGTGCTCGAGAA,0
CATTGGTTCCTAAAAT,0
CATTGTAAATAGGAAA,0
CATTGTAAGCAAAATT,0
CATTGTACCATGGTTC,0
CATTGTCACCGATTAA,0
CATTGTCCCAAATATG,0
CATTGTCTATACTTAG,0
CATTGTGACATCTCAG,0
CATTGTGTTATACGCA,0
CATTGTTCTCACCTGA,0
CATTGTTTTAACTTTA,0
CATTTAAAAAGATATA,0
CATTTAAAACCGCTCT,0
CATTTAAACGCGTCCT,0
CATTTAAACTTCAGTA,0
CATTTAACACTACAAA,0
CATTTAACATAAAAAG,0
CATTTAATGGCAGAAT,0
CATTTACAAGACACAA,0
CATTTACCCAAACCGT,0
CATTTACGAAAATACA,0
CATTTACGGATAGGTC,0
CATTTACTAACCAACA,0
CATTTACTAGAATACT,0
CATTTAGATTAGACGA,0
CATTTAGTAATATCAA,0
CATTTATAAAGACATA,0
CATTTATATAGAAGGC,0
CATTTATATGGATGAG,0
CATTTATCAGGTGTTC,0
CATTTATGTACACAAG,0
CATTTATTGGCCGGGA,0
CATTTCACAATAAGAG,0
CATTTCAGCACTCTGG,0
CATTTCATATTAGTTT,0
CATTTCATCAAAGCCA,0
CATTTCATTCAACATA,0
CATTTCCAGTAGCTCT,0
CATTTCCTAATAAACT,0
CATTTCGCCATAAACT,0
CATTTCTAGCAGATCT,0
CATTTCTATGGTAAAT,0
CATTTGAATATAGGAT,0
CATTTGACAGTCTCGT,0
CATTTGACGACTACAC,0
CATTTGACTCACTTAA,0
CATTTGAGCAGGAAAC,0
CATTTGAGTCCTTAGT,0
CATTTGAGTGAGACAT,0
CATTTGATAAACATAT,0
CATTTGATAACCAGAA,0
CATTTGCAACGTCTGT,0
CATTTGGTATCTGATA,0
CATTTGTTTTCAGCGC,0
CATTTTACAACACTAT,0
CATTTTACAGCACAAG,0
CATTTTACCCGTTGAC,0
CATTTTAGAGTATCAA,0
CATTTTATGTTCCTGG,0
CATTTTCAGCACGAAC,0
CATTTTCCACGTGCAC,0
CATTTTCCCACAATTC,0
CATTTTCCCAGGCATA,0
CATTTTCGATAAGCGT,0
CATTTTCGGTATACAA,0
CATTTTGAAGAGATAA,0
CATTTTGCATGGCCAT,0
CATTTTGCTGTATTCA,0
CCAAAAAAAAAATTTT,0
CCAAAAAAACAATTCA,0
CCAAAAAACGCTAGGC,0
CCAAAAAACTAACGGA,0
CCAAAAAAGAAAAATA,0
CCAAAAAATTACGAAG,0
CCAAAAACAACCCCAA,0
CCAAAAACACATCTGG,0
CCAAAAACCAAACAAG,0
CCAAAAACTACCCCTT,0
CCAAAAACTCACCCAA,0
CCAAAAAGACTGACAT,0
CCAAAAATAAAATAAC,0
CCAAAAATATAAATCC,0
CCAAAAATATACAAAC,0
CCAAAAATCGAGATTA,0
CCAAAAATGAACTGTG,0
CCAAAAATTAGTCTAA,0
CCAAAAATTCAGGGAT,0
CCAAAACAACCTGAAC,0
CCAAAACACAGTGGCC,0
CCAAAACAGAACTTAG,0
CCAAAACATCCCATCT,0
CCAAAACCATTAACCC,0
CCAAAACCTGAAAATG,0
CCAAAACGCGACCTAG,0
CCAAAACGGAGTCATG,0
CCAAAACGTATAACAT,0
CCAAAACTAGACATCA,0
CCAAAACTTAATAATG,0
CCAAAAGATCATGGAC,0
CCAAAAGCCTGGGTCC,0
CCAAAAGTATGTTGAT,0
CCAAAAGTATTAATTT,0
CCAAAAGTTAAAGGCA,0
CCAAAATAAAATGCTT,0
CCAAAATAACGTACAA,0
CCAAAATACTCTATTT,0
CCAAAATAGATATTTT,0
CCAAAATAGATTCAGG,0
CCAAAATATACATATT,0
CCAAAATCAGCCACTA,0
CCAAAATCATAGCGTT,0
CCAAAATCCAGCAGAG,0
CCAAAATCCTATGAAT,0
CCAAAATCGTCACTTC,0
CCAAAATGACTATAAA,0
CCAAAATGTCCTTCTT,0
CCAAAATTCAGGTGTA,0
CCAAACAAACAATCAT,0
CCAAACAACAAATCAC,0
CCAAACAACTTTACAC,0
CCAAACAATAGATTAC,0
CCAAACACAATTACAA,0
CCAAACACATAGAAAA,0
CCAAACACCACTTCGA,0
CCAAACAGACTTATAA,0
CCAAACAGATTATCTC,0
CCAAACAGGTTGGGCT,0
CCAAACATAACAGAAA,0
CCAAACATTACAACCG,0
CCAAACATTCATCTAT,0
CCAAACCATTGATTGC,0
CCAAACCCATATATCA,0
CCAAACCCCTGCATGA,0
CCAAACCCTAGATACC,0
CCAAACCCTCTAGCGC,0
CCAAACGCAGCCATTC,0
CCAAACGTGCTAACCT,0
CCAAACGTGGAGAACT,0
CCAAACTAAATTGACA,0
CCAAACTACTCCTAAC,0
CCAAACTAGAACATAA,0
CCAAACTATGACCCCG,0
CCAAACTCCAATTAAC,0
CCAAACTCGACAGTTT,0
CCAAACTGAAACTTTT,0
CCAAACTGACACCACG,0
CCAAACTGGATCGTGC,0
CCAAAGAGAATGTCCC,0
CCAAAGAGCTTAAATT,0
CCAAAGAGGTATGCTT,0
CCAAAGATTACTATTT,0
CCAAAGCAAACCTTAG,0
CCAAAGCATAGTCTAA,0
CCAAAGCCTTGCCATA,0
CCAAAGCTATCCTTGA,0
CCAAAGGCATGAGCGG,0
CCAAAGGTCGCAATCG,0
CCAAAGGTGGTGTTTG,0
CCAAAGGTGTTAACAA,0
CCAAAGGTTCCATTGC,0
CCAAAGGTTTCAAACG,0
CCAAAGTTAAACTTCT,0
CCAAAGTTTGATTTGA,0
CCAAATAAAAATCAAC,0
CCAAATAAAGACTTAG,0
CCAAATATACATAACC,0
CCAAATATACCGCTCA,0
CCAAATATACCTAATA,0
CCAAATCAAACGAAAA,0
CCAAATCCCGTCTTCC,0
CCAAATCCGAAAGTTC,0
CCAAATCGCTGAATAA,0
CCAAATCTAGGCATCC,0
CCAAATGGAGTTAAGG,0
CCAAATTAAACCTAAA,0
CCAAATTCCGCTTTGA,0
CCAAATTCTTAATTAA,0
CCAAATTGCGTGACCA,0
CCAACAAAACCATCGG,0
CCAACAAACGGAAACA,0
CCAACAAATGAACCGC,0
CCAACAAATTCCAGTC,0
CCAACAACTACGTGTG,0
CCAACAACTTCTCTAA,0
CCAACAATCTGTGATT,0
CCAACAATTGAAAAAG,0
CCAACACCGTAGAGTG,0
CCAACACCTCATAACT,0
CCAACACTAATGTGTT,0
CCAACACTCCACTGCC,0
CCAACAGATCTAACCA,0
CCAACAGCTATGCGTT,0
CCAACAGTGACCAATA,0
CCAACAGTTGAAGATA,0
CCAACATACCTGCGGA,0
CCAACATAGAGGTGAA,0
CCAACATATCTGTGAC,0
CCAACATCACTACAGG,0
CCAACATGCTGCAAAA,0
CCAACATTGCATGTTT,0
CCAACATTGTTAAAGG,0
CCAACATTTTCATGTC,0
CCAACCACCTGGAGTC,0
CCAACCACTCCGAGGC,0
CCAACCAGTAGACCAC,0
CCAACCCGGCGGGTAA,0
CCAACCGCGAAAAGAC,0
CCAACCGTTATAATAG,0
CCAACGACAGCAAACA,0
CCAACGAGCCATGCCT,0
CCAACGCAACAAGATA,0
CCAACGCGCCCCCTGC,0
CCAACTAAAAAAAAAC,0
CCAACTAAGATTCAGG,0
CCAACTAATAGTCAGA,0
CCAACTACAGAGCCAC,0
CCAACTCCAAAAAAGC,0
CCAACTCGAATCGTAT,0
CCAACTCTAAGGACTT,0
CCAACTGAACATAAAC,0
CCAACTGATCACAAGA,0
CCAACTTTAAACCTTT,0
CCAAGAAAAAAGCCCA,0
CCAAGAAACAATGAAT,0
CCAAGAAATCCCAATT,0
CCAAGAAATCTGTTAT,0
CCAAGAAGTTGAATCC,0
CCAAGAATCAAACATT,0
CCAAGAATTTCTAAGC,0
CCAAGACATAAGCCAA,0
CCAAGACTAAGTTGAA,0
CCAAGACTTAGGACCT,0
CCAAGACTTATATCTA,0
CCAAGAGACTATACAC,0
CCAAGAGTAGAAGTAA,0
CCAAGATAAAAAATTC,0
CCAAGATACGTAAATA,0
CCAAGATATTACAGAC,0
CCAAGATCCATCTCAC,0
CCAAGATTAAAAAACT,0
CCAAGATTAAGGTTTT,0
CCAAGATTAATTTCAT,0
CCAAGCACGGAAAAAT,0
CCAAGCACTCCAAATT,0
CCAAGCAGCATGATTC,0
CCAAGCATTAGGAGTA,0
CCAAGCCCAGAAAGTA,0
CCAAGCGAACGCAATT,0
CCAAGCGCCTAAACCG,0
CCAAGCTCCCCTTTAT,0
CCAAGGAGATATCTAC,0
CCAAGGAGTAAAATTC,0
CCAAGGAGTGTCGCGA,0
CCAAGGGACAAGTTAC,0
CCAAGGGCACAAGGAC,0
CCAAGGTATACAAGCA,0
CCAAGGTCAGAATATC,0
CCAAGGTGGATAAGCC,0
CCAAGTAACAGTCAGC,0
CCAAGTATCCACTAAA,0
CCAAGTCCATAGGAAG,0
CCAAGTCTGGCTAAAG,0
CCAAGTGCATCGCTTC,0
CCAAGTGCGGTGGGTT,0
CCAAGTGGTTAACCAA,0
CCAAGTGTAATTAAAT,0
CCAAGTGTCGTAAAAT,0
CCAAGTTCCGTTCATG,0
CCAAGTTCGATTTATC,0
CCAATAAAACTGAAAT,0
CCAATAAAGAGGCACG,0
CCAATAACACTATACA,0
CCAATAACTACCTTTA,0
CCAATAAGCTAGTAAG,0
CCAATAAGTCCCTAAC,0
CCAATAATAATCTGAA,0
CCAATAATCTGTAAAA,0
CCAATAATGTTTTAAT,0
CCAATACATCAACAGC,0
CCAATACATCAACTTT,0
CCAATACCCTTATAGG,0
CCAATACCTATATATT,0
CCAATACGTATCTAGA,0
CCAATAGAATGTAACA,0
CCAATAGCACTACGTA,0
CCAATAGCAGCGCACG,0
CCAATAGCTGCCAGAT,0
CCAATAGGTTCAGTAC,0
CCAATAGTAAATAACT,0
CCAATATAACGTTCTG,0
CCAATATATAAGATTG,0
CCAATATATCAATTAT,0
CCAATATCCAAACCAA,0
CCAATATCCATTAACT,0
CCAATATCTTAGAAAG,0
CCAATATGAACGCTGT,0
CCAATATGTAATAAGA,0
CCAATATGTTTTAAAC,0
CCAATATTGACACAAA,0
CCAATATTGAGTTTTA,0
CCAATCAAACAAATCC,0
CCAATCAAATAATGAG,0
CCAATCACATTTGAAA,0
CCAATCATTATGTTTT,0
CCAATCCAAACTGTTG,0
CCAATCCAGATGTAGA,0
CCAATCCATAAATACA,0
CCAATCCCATGTACAA,0
CCAATCCGCCCTCTTA,0
CCAATCCTAATATTTT,0
CCAATCGCGTGTAAAC,0
CCAATCGTTCCGTACA,0
CCAATCTACCTGAAGA,0
CCAATCTACTGCAAAA,0
CCAATCTGCTATTAAA,0
CCAATGAACAAAACAT,0
CCAATGAAGAGCTCTA,0
CCAATGAAGATAGGTT,0
CCAATGAATACTATGG,0
CCAATGAGACGTTCGG,0
CCAATGCAAATTTCTT,0
CCAATGCAAGTGATGA,0
CCAATGCATACCTGTT,0
CCAATGCATGTCTTAG,0
CCAATGCTATGGATAT,0
CCAATGGCCTTGGAAC,0
CCAATGGTCGTTTAAA,0
CCAATGGTTAAACTTA,0
CCAATGTACGGTTCCA,0
CCAATGTTGCATATAC,0
CCAATTAATCCATCAA,0
CCAATTAATGAATCAG,0
CCAATTAATGGAAAGA,0
CCAATTACAGATATTT,0
CCAATTACCATAGACC,0
CCAATTACCGTCAAAT,0
CCAATTACTCAACACA,0
CCAATTATTACATCTA,0
CCAATTATTTAGTCGG,0
CCAATTCAATAATACA,0
CCAATTCTTTGATCTT,0
CCAATTGACTAAAACG,0
CCAATTGAGTCGATAA,0
CCAATTGCACATTCGT,0
CCAATTGCCATACCGC,0
CCAATTGCCGATATGA,0
CCAATTTTGTACCACT,0
CCAATTTTTAGTTGAC,0
CCACAAAACGGGACTT,0
CCACAAAATAATCGAG,0
CCACAAAATTGATGCT,0
CCACAAACTAACCAGA,0
CCACAAAGCAAATAAA,0
CCACAAATCAAGATGA,0
CCACAAATGAAGGAAG,0
CCACAAATTAATTACG,0
CCACAACAGATCTTTT,0
CCACAACATCAGGAAT,0
CCACAACCCTATGTTG,0
CCACAACCCTCATAGA,0
CCACAACGACCCATCA,0
CCACAACGGTTTCAAA,0
CCACAAGACTTATCAC,0
CCACAAGAGAAATAAG,0
CCACAATAAGCCTGAC,0
CCACAATATAGTCAGT,0
CCACAATATATGGTAA,0
CCACAATCGGCAAAAC,0
CCACAATGACAGGGTA,0
CCACACAATAACTATC,0
CCACACAATGCGCTAA,0
CCACACACCAACAGCA,0
CCACACAGATAGATGT,0
CCACACATAACAGAAT,0
CCACACATCCACTTTA,0
CCACACCACACTGGTG,0
CCACACCATCATAAAC,0
CCACACCCCTCTTACC,0
CCACACCTCCACCTAA,0
CCACACCTTATACAGG,0
CCACACGCAATTCATT,0
CCACACGCATAACCGA,0
CCACACTGCGATATAA,0
CCACACTTAAGAGACG,0
CCACAGACCTTTGGGC,0
CCACAGACTGTGCGTA,0
CCACAGAGAGGTCTAT,0
CCACAGCCAAAGATAT,0
CCACAGCCAGATAGAG,0
CCACAGGCAGGCCCAC,0
CCACAGTAATTGGATA,0
CCACAGTATTTAATTA,0
CCACATACCGAGAGAA,0
CCACATAGATTAACAC,0
CCACATAGGATTCGAT,0
CCACATATTTTAGCCC,0
CCACATCATACACCTC,0
CCACATCCACGTTCGC,0
CCACATCGAACTATTA,0
CCACATCTCAAAGAGC,0
CCACATGCCCCTAAAC,0
CCACATGCGCTAAGCT,0
CCACATGCTCTATTTC,0
CCACATTACAACGTTG,0
CCACATTAGTATCTGA,0
CCACATTTTCCTCTAT,0
CCACCAAACAACTATT,0
CCACCAACAATAATGT,0
CCACCAACATTATAAA,0
CCACCAATCTCTCATT,0
CCACCACACGATTATG,0
CCACCACCCATACCCC,0
CCACCACGATAGAAAA,0
CCACCACTAGTAACAA,0
CCACCACTCTCGAGAT,0
CCACCACTGGTAACAA,0
CCACCAGAAGAACCAG,0
CCACCAGCCCGCACTC,0
CCACCAGTGAAAAGCA,0
CCACCAGTGGCCAAAA,0
CCACCATACACAACAC,0
CCACCATATCAATTAA,0
CCACCATCGGGAGACC,0
CCACCATTGGGTTCAT,0
CCACCCAATGCATTAC,0
CCACCCAATTAGATAA,0
CCACCCAATTCAATAA,0
CCACCCAGACCGTTAC,0
CCACCCATCCAATTTA,0
CCACCCATGTTGGACA,0
CCACCCCGGGATAAGG,0
CCACCCGACCCGACAA,0
CCACCCGCCCTAGGAT,0
CCACCCGTGCAATATC,0
CCACCCTATATGCACC,0
CCACCCTCTTACGCCC,0
CCACCGAAAGGTACGG,0
CCACCGAATAATACAA,0
CCACCGCCCAGAATAA,0
CCACCGCCTTATAGCA,0
CCACCGCTCACTTATG,0
CCACCGTAACGCACCT,0
CCACCGTGAGACCGCC,0
CCACCTAAGTCACGCC,0
CCACCTAGGACAGCAA,0
CCACCTCATGGGAATC,0
CCACCTGAAACCAAAG,0
CCACCTGCAGGAGGTA,0
CCACCTTGACAAAAGG,0
CCACGAACCTATTCTG,0
CCACGAACGCACACTA,0
CCACGAAGTGCATATT,0
CCACGACAAAAATACT,0
CCACGACCCACCCACA,0
CCACGACCCATAAGAC,0
CCACGACCTCGTACGT,0
CCACGAGCAGATTCTA,0
CCACGAGTCACGAGCC,0
CCACGATTCCTTATAT,0
CCACGATTGGGTGCCG,0
CCACGCAATATATAAC,0
CCACGCAATATTCCCT,0
CCACGCAGTAAGCCTA,0
CCACGCAGTAATAAAC,0
CCACGCCAATTACCTC,0
CCACGCCCCACTAGAA,0
CCACGCCGAGACAGCG,0
CCACGCGAGCCCTGAG,0
CCACGCTCAAACATAG,0
CCACGCTTGTACCCTT,0
CCACGGAAATGACATG,0
CCACGGACGTAGGCAA,0
CCACGGAGTTAAACTA,0
CCACGGATAGCAGTAA,0
CCACGGGAATGATAAA,0
CCACGGGCGTGAATTT,0
CCACGGGGCAAAAAAT,0
CCACGGTAAAAATAGG,0
CCACGGTATTCGTATT,0
CCACGTAAAGTGTCAA,0
CCACGTAATACCATGC,0
CCACGTACAGTTTGTA,0
CCACGTACCTACAGCC,0
CCACGTATTCAACGCT,0
CCACGTCGACATTAAG,0
CCACGTGTCATGCCCA,0
CCACTAAAACAAAATC,0
CCACTAAAATAGTCTC,0
CCACTAACATCCTGTA,0
CCACTAACTGATTACG,0
CCACTAAGAACGAGAT,0
CCACTAAGACAAAATA,0
CCACTAATAAGGGCAT,0
CCACTAATCTAATTCT,0
CCACTACAGAAAGCTA,0
CCACTACCCATAAAAA,0
CCACTAGCGAATACAA,0
CCACTAGTATACAAAC,0
CCACTATAAGCATCAA,0
CCACTATATAGCATAG,0
CCACTATCACATAAAC,0
CCACTATCTATATGTC,0
CCACTATTAGAGACAA,0
CCACTATTATCCCCCA,0
CCACTATTGTATTCGT,0
CCACTCAATATAGTAA,0
CCACTCAGAATATAGA,0
CCACTCATGATAGTTA,0
CCACTCGACGATCATA,0
CCACTCGATCAGAACC,0
CCACTCTACGGAATTA,0
CCACTCTATAGGGACT,0
CCACTCTGACGGGTAA,0
CCACTCTGTCCTGGAC,0
CCACTGAGCACATCCT,0
CCACTGCGCCACCTTA,0
CCACTGTCTGGCATGA,0
CCACTTAGAGTATAAA,0
CCACTTAGAGTTTGTG,0
CCACTTATTTGGATCC,0
CCACTTCACGCCAGAC,0
CCACTTCATAAGCCAA,0
CCACTTCGCTGACAAA,0
CCACTTCTTTATAAAA,0
CCACTTGAGCACAAAA,0
CCACTTGCAAATCATA,0
CCACTTGCAGCGAACA,0
CCACTTGTCGCCCTTA,0
CCACTTTACAGCAATC,0
CCACTTTAGACGCCGC,0
CCACTTTTTAAGGCTT,0
CCAGAAAAATAAATGA,0
CCAGAAAAGAGAAAAC,0
CCAGAAAAGATAAAGC,0
CCAGAAAATTTTGGGG,0
CCAGAAACCAGGGGCA,0
CCAGAAATAATCTGTC,0
CCAGAACAAACAAGCC,0
CCAGAACAACTAACCC,0
CCAGAACACAAAATCC,0
CCAGAACAGAATGAGA,0
CCAGAACGCTAAAAAA,0
CCAGAACGGACTAACT,0
CCAGAACTAGTCTGTC,0
CCAGAACTCATACATG,0
CCAGAAGCTTTATCTA,0
CCAGAAGTGAATTACC,0
CCAGAATAACCATATA,0
CCAGAATACTATAATC,0
CCAGAATCCTAAATGT,0
CCAGAATTGTAAACAA,0
CCAGACTAGCTAGTTA,0
CCAGACTCTACCTGAA,0
CCAGACTGTCAAAGCC,0
CCAGACTGTCATGCCA,0
CCAGACTTTACAATTA,0
CCAGACTTTCACAAGA,0
CCAGACTTTCCAATAA,0
CCAGAGATCGATAATC,0
CCAGAGCCAAAATATA,0
CCAGAGCCGATTGACG,0
CCAGAGCCTAAAATAA,0
CCAGAGCCTAAAGATT,0
CCAGAGGATGGGTTGA,0
CCAGAGGCTCAAGGCA,0
CCAGATAATATTGCGG,0
CCAGATACGAGTCAAA,0
CCAGATAGCTATTCGC,0
CCAGATATGTCAACCA,0
CCAGATATTATATGAT,0
CCAGATCAAAATCGTT,0
CCAGATCGGAGTTGCC,0
CCAGATGACGCCTCAA,0
CCAGATGTCGCGCACA,0
CCAGATTACCAAGGAC,0
CCAGATTCTCTGCGGC,0
CCAGATTGTCACCATA,0
CCAGATTTAGCGCCTC,0
CCAGCAAAAACCTGGA,0
CCAGCAAAATGGTCTC,0
CCAGCAAAGCCTAAAG,0
CCAGCAATAGGAATTG,0
CCAGCACAAATAACAA,0
CCAGCACATAATGATT,0
CCAGCACATCTATCAG,0
CCAGCAGGTGGACGGA,0
CCAGCATGACTCTGAC,0
CCAGCCAACTCGTGAT,0
CCAGCCCCACAATTGC,0
CCAGCCTAACTCCGTA,0
CCAGCCTAAGGTTCCG,0
CCAGCCTACTCAAAAA,0
CCAGCCTATTCCCACC,0
CCAGCCTCACGTGTAC,0
CCAGCCTCGATAACGA,0
CCAGCCTTAAACAAGA,0
CCAGCCTTAAATTGAA,0
CCAGCGCAGACATTCT,0
CCAGCGCGCTCCCGAT,0
CCAGCGCTTCAGTACT,0
CCAGCTAACCGGCCAA,0
CCAGCTAGTAGTAGAA,0
CCAGCTATACAATTGC,0
CCAGCTATATCCTTAT,0
CCAGCTATATTAATGC,0
CCAGCTCCTATCGCAT,0
CCAGCTCGCTCCCAAG,0
CCAGCTGACCCATTAA,0
CCAGCTGTTTCACTTG,0
CCAGCTTTTACATCAA,0
CCAGGAAGAATAGACC,0
CCAGGAATACACTTCA,0
CCAGGACCCGTAGAAC,0
CCAGGAGGACTTGTTC,0
CCAGGCCCACCGTGGA,0
CCAGGCGAACTCGATC,0
CCAGGCTCAGGCCCTA,0
CCAGGCTCTAAAATAT,0
CCAGGCTGGTTATTAC,0
CCAGGCTTTGCAGATA,0
CCAGGGCGTTTCTTGT,0
CCAGGGCTATTTACAA,0
CCAGGGGTAGAATCCG,0
CCAGGTACACAACCTC,0
CCAGGTACACCATCCT,0
CCAGGTAGAATGTACA,0
CCAGGTATACAATACC,0
CCAGGTCTAATGTAAT,0
CCAGGTCTGGGGAACA,0
CCAGGTGTTCCGGGAT,0
CCAGGTTAATTAGCAT,0
CCAGTACAATGTACTA,0
CCAGTACAGGTCAGTC,0
CCAGTAGAGTCCTACG,0
CCAGTAGTAACTCAAC,0
CCAGTATAACCTTAAT,0
CCAGTATATAAATACA,0
CCAGTATCTGGATGCG,0
CCAGTATGTGATATTT,0
CCAGTCAATCTATAGT,0
CCAGTCACCTGTATGT,0
CCAGTCATAAGAGTAA,0
CCAGTCGAATTCAAAC,0
CCAGTCGCATAGAAAA,0
CCAGTCGCTACCAATC,0
CCAGTCTAATATCACA,0
CCAGTCTGAACAAGAT,0
CCAGTGAATAATACAC,0
CCAGTGACGAATGTTA,0
CCAGTGATAAAAATTA,0
CCAGTGGGCCCATTAA,0
CCAGTGGTAGTCCACG,0
CCAGTGTACAAAACGC,0
CCAGTGTTTAGCGACA,0
CCAGTTACTATAGAGT,0
CCAGTTAGAATCATCC,0
CCAGTTATATACCCGA,0
CCAGTTATATATGGCC,0
CCAGTTCATAAGGAGG,0
CCAGTTCCACCCAGAC,0
CCAGTTCGACCCTTAG,0
CCAGTTGCTTAATTTA,0
CCAGTTTATTCCACAC,0
CCAGTTTTAGAAGTAA,0
CCATAAAAGGAGATGG,0
CCATAAACTATCAAGT,0
CCATAAAGCCAAATAT,0
CCATAAATATTGGAAG,0
CCATAAATGTCTCATA,0
CCATAACACCCATATT,0
CCATAACACTATGTAC,0
CCATAACAGTACTTAA,0
CCATAACAGTGGCAAT,0
CCATAACATATGTAAA,0
CCATAACATCCCTTGA,0
CCATAACATTCTCCTA,0
CCATAACCAGATAATC,0
CCATAACGAACTTAAC,0
CCATAACGCAAGTATC,0
CCATAACGCATGGAAT,0
CCATAACTCCGATCAA,0
CCATAACTCTCACATT,0
CCATAAGAGCTCTACT,0
CCATAAGGGGATAGGG,0
CCATAATAAATTAAGA,0
CCATAATACGGAAGAA,0
CCATAATACTATAGAA,0
CCATAATAGGCGTCAG,0
CCATAATGAGGATAAA,0
CCATAATTAACAAACT,0
CCATAATTCTGCGCAA,0
CCATAATTGCCACTGG,0
CCATAATTTTAAGTAG,0
CCATACAATCTCGCGC,0
CCATACAATTGATAGT,0
CCATACACATACTAGC,0
CCATACATAAGATTAA,0
CCATACGACTTTGCAT,0
CCATACTACCGAGTAT,0
CCATACTAGATACAAT,0
CCATACTAGGCCCCTA,0
CCATACTATATTCAGC,0
CCATACTGAGCCACAG,0
CCATACTGTACGGTCT,0
CCATAGATATATACCC,0
CCATAGATCATCATAA,0
CCATAGCAGAACCAGA,0
CCATAGGAATTAATCG,0
CCATAGGAATTCTAAA,0
CCATAGGAGCAGACCT,0
CCATAGGAGTCCACCC,0
CCATAGGGACTTGGTT,0
CCATAGTGACACATTA,0
CCATAGTGCCTAAGAT,0
CCATAGTGTAACAACA,0
CCATAGTTAGCGAGAA,0
CCATATAAACAGTACT,0
CCATATAACATAATAG,0
CCATATACCCACAAAC,0
CCATATAGAGAGGCAT,0
CCATATCAAACTAAAA,0
CCATATCAATTCTATA,0
CCATATCATTATATCG,0
CCATATCCTAGACAAC,0
CCATATCGGTACGCGT,0
CCATATGACGCTTATA,0
CCATATGCAAGCTAAA,0
CCATATGTAATAGACT,0
CCATATTCAAACCAAT,0
CCATATTCTACCGATA,0
CCATATTTCAAGACCC,0
CCATCAAACAGAAGAT,0
CCATCAACTCTACCTT,0
CCATCAAGAACCTAAC,0
CCATCAATATCTTGAG,0
CCATCAATTTAACAAG,0
CCATCACATGATCACA,0
CCATCACCACTTGTAA,0
CCATCACCCTGTTAGT,0
CCATCACGGAATAGGA,0
CCATCACGGACTATTG,0
CCATCACTACAAAGAA,0
CCATCAGACGCTATAC,0
CCATCAGCTTTTAAAA,0
CCATCAGTGCGATCCT,0
CCATCATAACTTCGAA,0
CCATCATACCAGACAT,0
CCATCATCAAACGGCC,0
CCATCCAAAGATCAGA,0
CCATCCAAATAAGACA,0
CCATCCAACTATAATG,0
CCATCCAAGTAGTGGC,0
CCATCCACGTCTGGTG,0
CCATCCACTTTCTGTT,0
CCATCCAGTGCTCTTA,0
CCATCCCAACAAGGTT,0
CCATCCCCAGGCTACA,0
CCATCCCGAAAAATTA,0
CCATCCCTCTAATCCC,0
CCATCCCTGAAAATCA,0
CCATCCGAAGAAAACC,0
CCATCCGAGTCATATT,0
CCATCCGCAGCACAGT,0
CCATCCTAGCTTAGCG,0
CCATCCTCAAGATAGG,0
CCATCCTTGGTTACTC,0
CCATCGAAGCATATAA,0
CCATCGACATAGCCAG,0
CCATCGCAACACACCA,0
CCATCGGTGGACTCAC,0
CCATCTAAATGCAAAG,0
CCATCTACAAATATTA,0
CCATCTACCACGTTGA,0
CCATCTATAACACTGG,0
CCATCTCCAAGGCCAC,0
CCATCTCCTGACTACA,0
CCATCTCGTAACACCC,0
CCATCTGGAAAACTAA,0
CCATCTTATTAACTCA,0
CCATCTTCTTCCGACA,0
CCATCTTGAAAGAAAT,0
CCATCTTGCGAGGTAG,0
CCATGAAGAAGCTGTT,0
CCATGAAGATCGAAAC,0
CCATGAATCAGACTAC,0
CCATGACCTGTCATCT,0
CCATGACGCATAATTT,0
CCATGACTAATAGTTG,0
CCATGAGACGCACGAC,0
CCATGAGAGTGCAAAT,0
CCATGAGGCTATTTGA,0
CCATGATAGACATGAC,0
CCATGATTACGTTGAG,0
CCATGCACATGATCAG,0
CCATGCACCTAAATAA,0
CCATGCACGAAGGCAC,0
CCATGCCAGATCATTT,0
CCATGCGAATATCACT,0
CCATGCGCTATAGTTA,0
CCATGCTACAAAATTT,0
CCATGCTTGGTCGATG,0
CCATGCTTTCCATATC,0
CCATGGAACACGCCCC,0
CCATGGCCATCCAAAA,0
CCATGGCGCAATTTCC,0
CCATGTAAGCACTTTT,0
CCATGTACAATAAATA,0
CCATGTACATTATCTA,0
CCATGTAGAACCTAAA,0
CCATGTATCAATCATA,0
CCATGTCAGAGAACCC,0
CCATGTCCTAAAACTT,0
CCATGTCTTTGAAAAA,0
CCATGTGTTGATGTAT,0
CCATGTTCCACAATAT,0
CCATGTTCGCATATGA,0
CCATGTTCGTTTCCGA,0
CCATTAAACACCTCCA,0
CCATTAAACCCGCAAT,0
CCATTAACCGCGCCGA,0
CCATTAAGATGCGGGT,0
CCATTAAGTCATGCAC,0
CCATTAAGTGAGATCT,0
CCATTAATAAAAGACC,0
CCATTAATACCATGAG,0
CCATTAATCAACAAAC,0
CCATTAATTCCAAATT,0
CCATTACAAGCAGATA,0
CCATTACATTACCGAG,0
CCATTACATTGACGAT,0
CCATTAGAAATTATAC,0
CCATTAGACACTACTG,0
CCATTAGGTTAATTAT,0
CCATTAGTATTTTTAC,0
CCATTAGTCAATCGAG,0
CCATTATATATTACAC,0
CCATTATGACCCTATC,0
CCATTATGGCACCGAT,0
CCATTATTTCTGTATA,0
CCATTCAAAAGACCCT,0
CCATTCAACCACTATT,0
CCATTCACCAAACTTA,0
CCATTCAGCGTGAGGC,0
CCATTCATGGTTAAAT,0
CCATTCCCAAATTCAC,0
CCATTCCTAAGTGATA,0
CCATTCGCGCCATCGA,0
CCATTCGGACATTGCC,0
CCATTCTATTTTCCTG,0
CCATTCTGGGTCCCGA,0
CCATTCTTTGAGCTGA,0
CCATTGACCAACGCCC,0
CCATTGAGCAAAAATA,0
CCATTGCGAACACGCT,0
CCATTGGAAATTAACA,0
CCATTGTCCTACGAGC,0
CCATTGTCCTGGAATG,0
CCATTGTCTCCCAGAC,0
CCATTGTGCGACGAGG,0
CCATTGTTATAGCGCA,0
CCATTGTTCAGAGCTC,0
CCATTGTTGCTTCTGC,0
CCATTTAAAGCAGTTT,0
CCATTTAACACGGATA,0
CCATTTAATTTATCCC,0
CCATTTACAGGCCCCT,0
CCATTTACTATATAAC,0
CCATTTCAAATTTACT,0
CCATTTGCAGGAGTAC,0
CCATTTGCGTGCATCC,0
CCATTTGCGTTTCCGA,0
CCATTTGCTGAGATGA,0
CCATTTGGTAACGATA,0
CCATTTTAAGTGCGAC,0
CCATTTTAGTAAGATC,0
CCATTTTATGATAAGA,0
CCATTTTCGCAGCCTT,0
CCATTTTCTATATACA,0
CCATTTTCTCGATACG,0
CCATTTTTCAATAGAT,0
CCATTTTTTTCTAATT,0
CCCAAAACATCGTTAA,0
CCCAAAAGAAATCTAT,0
CCCAAAAGGAACATTC,0
CCCAAAATTTTTTATT,0
CCCAAACAACTGAAAG,0
CCCAAACACAACTCAC,0
CCCAAAGAGCAACAAC,0
CCCAAAGCATATCTCC,0
CCCAAAGCTGTTTTTT,0
CCCAAAGCTTTATCAA,0
CCCAAAGTATAGAAAA,0
CCCAAATATCACAATA,0
CCCAAATATGGTTCAT,0
CCCAAATATGTATGCG,0
CCCAAATGAAAAAGAT,0
CCCAAATTAAATGACG,0
CCCAAATTCTCCATGA,0
CCCAACAAGCCTACCG,0
CCCAACACCTAAGGAC,0
CCCAACAGAATTACAG,0
CCCAACATATGGCAAG,0
CCCAACATGAACAACC,0
CCCAACCAAAAATATT,0
CCCAACCCGGAGTCTT,0
CCCAACCCTGTAAGGT,0
CCCAACCGATAGTATA,0
CCCAACCGGGATTTAC,0
CCCAACGGAGGCTCAT,0
CCCAACTCTAGTACAA,0
CCCAACTCTGATTAGC,0
CCCAACTGAACAATAT,0
CCCAACTGTACCAGAG,0
CCCAAGAGTATTGGAC,0
CCCAAGAGTATTGGAT,0
CCCAAGCAAAATCACA,0
CCCAAGCATAAGTCGG,0
CCCAAGCATTATTGTG,0
CCCAAGGACTACTTAC,0
CCCAAGGGTGTCCGCA,0
CCCAAGTCCCTCAGTT,0
CCCAAGTCTCCGTGGT,0
CCCAAGTGCCTGACGC,0
CCCAAGTTCGCCCTAT,0
CCCAATACTTGCCACC,0
CCCAATATTATAGCAC,0
CCCAATATTATTAGAA,0
CCCAATATTTGTATAA,0
CCCAATATTTTTCAAA,0
CCCAATCAAAATACGA,0
CCCAATCAGAACCCGA,0
CCCAATCATAATTTCA,0
CCCAATGAGATTGCCA,0
CCCAATGCAGACACGA,0
CCCAATGCCCATCAGA,0
CCCAATGCCTAGAAGC,0
CCCAATGTATTCCTGT,0
CCCAATGTTCATCTAT,0
CCCAATTCGATCGAAT,0
CCCAATTGCTTCCTAC,0
CCCAATTTCATAACAA,0
CCCAATTTGATGACAA,0
CCCACAATAAATTAAA,0
CCCACAATAACGAAAG,0
CCCACAATGAACGCCG,0
CCCACAATGTAGAGCT,0
CCCACAGACAACATAC,0
CCCACAGCTCAAGCGA,0
CCCACAGTTAAATTGA,0
CCCACATATGTGAGTA,0
CCCACATTAACCATGT,0
CCCACCACTCCCCGCC,0
CCCACCATTAACATTA,0
CCCACCATTAACCATA,0
CCCACCGCAAAATAGA,0
CCCACCGCCATAATTA,0
CCCACCGGCTGATACA,0
CCCACCGTAATACTTA,0
CCCACCTAATATGAAC,0
CCCACCTCGAGCTGTC,0
CCCACCTCGCCTTTGT,0
CCCACCTGGGTACGCG,0
CCCACCTTAAAAACAA,0
CCCACGAAAACAAACT,0
CCCACGAAACTAGACT,0
CCCACGAAAGAACAGC,0
CCCACGAATGCAACGA,0
CCCACGAATTTATTGT,0
CCCACGATATACACCC,0
CCCACTACTAGATGTT,0
CCCACTAGGGACTAGA,0
CCCACTAGTCACGAAA,0
CCCACTAGTGTCTAAA,0
CCCACTCCCAACTAAA,0
CCCACTGAAGTGATGT,0
CCCACTGAATAGCCAG,0
CCCACTTACGCCACCC,0
CCCACTTCTGCAATCC,0
CCCACTTGTTGGTCTA,0
CCCACTTTACACGATC,0
CCCACTTTGGTGCCCT,0
CCCACTTTTACGCTTT,0
CCCAGAAAACAAAGTT,0
CCCAGAAAGAACCAAA,0
CCCAGACAAAAGATCG,0
CCCAGACAATTCCATT,0
CCCAGACAGATCCTCA,0
CCCAGACATAGTGCGA,0
CCCAGACCAAGGCGCT,0
CCCAGACCATACCAAA,0
CCCAGACGCCATGACG,0
CCCAGAGCATTAATAA,0
CCCAGATAACATAGCA,0
CCCAGATCCGAACTAC,0
CCCAGATGTCTGAAAT,0
CCCAGATGTTCATTCC,0
CCCAGATTACAGTATT,0
CCCAGATTATCTAATC,0
CCCAGCAACAACCCCT,0
CCCAGCAGGCCACATA,0
CCCAGCCTGATTAGAA,0
CCCAGCTACCGAACGA,0
CCCAGCTACGTCCAAG,0
CCCAGGAATTACAGGC,0
CCCAGGCAAGTTATGC,0
CCCAGGCTTACTGCAA,0
CCCAGGGTAACATAAT,0
CCCAGGGTGACATGTA,0
CCCAGGTACTGAGATA,0
CCCAGGTCTAGGGGAC,0
CCCAGTAAAGGAAATG,0
CCCAGTAATCGTTTAA,0
CCCAGTATATGCGTAT,0
CCCAGTTCATGTATAG,0
CCCAGTTTAAAATGTT,0
CCCAGTTTCCGAATAC,0
CCCATAAAGACCCTTT,0
CCCATAAAGCGTTCAA,0
CCCATAAATTAGAAAA,0
CCCATAACCTTTAAAA,0
CCCATAACGATACCCT,0
CCCATAACTAACAGAA,0
CCCATAAGACCATCCA,0
CCCATACCGGGTCACT,0
CCCATAGAACAGGTGA,0
CCCATAGCAGACCTGC,0
CCCATAGGCTCCGCTA,0
CCCATATAAACATCAT,0
CCCATATTTGTGGCGC,0
CCCATCACAACTGGGA,0
CCCATCAGTCCAATTA,0
CCCATCAGTGTATATG,0
CCCATCCTAGACCCAT,0
CCCATCGCGGGGACCG,0
CCCATCGGAAAGTTGA,0
CCCATCGGTACTCCAT,0
CCCATCTAATTGCTTC,0
CCCATCTACGAAATCA,0
CCCATCTATAGTACAA,0
CCCATGAAATACACAC,0
CCCATGAGCTAGAATG,0
CCCATGAGTCGAAGCA,0
CCCATGCAACGACCGA,0
CCCATGCCTCGCTAAG,0
CCCATGCTCTCATAAT,0
CCCATGGATCTATATT,0
CCCATGGGTCAGACGA,0
CCCATGTAGCAGAAGC,0
CCCATGTATTAGCATT,0
CCCATGTGTATAAACA,0
CCCATGTTACAAGGAT,0
CCCATGTTATGTTTAG,0
CCCATTAACAAGAACC,0
CCCATTACTACCATGT,0
CCCATTACTCCACTAA,0
CCCATTAGTGAAGAGA,0
CCCATTATGAGAACAT,0
CCCATTATTTCATCAT,0
CCCATTCAAACCGAAA,0
CCCATTCAAATAGTTT,0
CCCATTCGTATTGTAA,0
CCCATTCGTGGGAAAA,0
CCCATTCTAAATGACA,0
CCCATTGAGGGCTTAA,0
CCCATTGCATAGAATG,0
CCCATTGTGGCGTTTG,0
CCCATTTTGTTGAAAT,0
CCCCAAAATTGTATAA,0
CCCCAAACATAACAAC,0
CCCCAAACGAGTGATT,0
CCCCAAAGCCCCTATT,0
CCCCAAAGGTACGGAT,0
CCCCAAGACCGCCCTA,0
CCCCAAGCGTCTATGG,0
CCCCAAGGGGTCCGAC,0
CCCCAATAACAAAAGC,0
CCCCAATACCTACACA,0
CCCCAATCCTTACGAC,0
CCCCAATTAAACCTAA,0
CCCCACAAACACTCTA,0
CCCCACAAGGGGATGC,0
CCCCACACGGTTAAAC,0
CCCCACAGGGTGTTAT,0
CCCCACCAAAAAGACA,0
CCCCACCCATTGACCC,0
CCCCACCGTTTGAAAC,0
CCCCACGATGACTATA,0
CCCCACGCTGGAGACA,0
CCCCACGTCAACTAAT,0
CCCCACGTGTCAAACT,0
CCCCACTACAAAGAAT,0
CCCCACTTCAATAAGT,0
CCCCACTTGATAGCCG,0
CCCCACTTGCCCCTCT,0
CCCCAGAAATTCAAAT,0
CCCCAGAATGTACTTG,0
CCCCAGACCAATAAAG,0
CCCCAGACCGAGGTGC,0
CCCCAGATAGCCGTAG,0
CCCCAGGTATGACGGA,0
CCCCAGTATATGCAGG,0
CCCCAGTCTAAACATA,0
CCCCATACACAACCGG,0
CCCCATACGTTGCAAT,0
CCCCATAGGAAGACCA,0
CCCCATATCGCTGTTC,0
CCCCATCTAAGCATAT,0
CCCCATCTTAGGCGGG,0
CCCCATGTAACCTAGA,0
CCCCATTAATATACCA,0
CCCCATTTCCGTCGCA,0
CCCCCAAAAGTTACTT,0
CCCCCAACCAACAATC,0
CCCCCAAGTTACTAAA,0
CCCCCAATAATACATA,0
CCCCCACACGCTGTTA,0
CCCCCATACCATTCCC,0
CCCCCATGAGTCCAAT,0
CCCCCATTTCTCCCTC,0
CCCCCCAAAACATACC,0
CCCCCCAAACGTATCC,0
CCCCCCAAGAAAGCCG,0
CCCCCCAATCAATTAC,0
CCCCCCACACTGGATT,0
CCCCCCATCCGCGGTC,0
CCCCCCTCTAAACCGT,0
CCCCCCTGAGAGGTGC,0
CCCCCCTGGTACTATC,0
CCCCCGAGACGAAGAA,0
CCCCCGCACCCCACAA,0
CCCCCTAGATTCTGTA,0
CCCCCTAGCAAGGATA,0
CCCCCTATATATAAAC,0
CCCCCTCACAACTAAT,0
CCCCCTGTTGAAGCTA,0
CCCCGAAAAGTTTCAG,0
CCCCGAAAATAACTTA,0
CCCCGAACATGTCTAC,0
CCCCGACAAAGGTCAA,0
CCCCGACAATCAAAGT,0
CCCCGACATATCCGGG,0
CCCCGAGAGATTACTA,0
CCCCGATCACTGTTCA,0
CCCCGCACACCCTAAA,0
CCCCGCAGTTACGCCA,0
CCCCGCATCCCGAGAT,0
CCCCGCCTTAACTCCG,0
CCCCGCGATACCAATC,0
CCCCGCTCAGTACTGG,0
CCCCGCTGTTTACGGC,0
CCCCGGAGAGGCTACA,0
CCCCGGATAGTAAGAT,0
CCCCGGATCAAGTAAC,0
CCCCGGATCTATTACA,0
CCCCGGCCAAGTACCA,0
CCCCGGCCCACGAGCC,0
CCCCGGGTTAAAGGCT,0
CCCCGTAATGGCCCCT,0
CCCCGTACTATAGTGT,0
CCCCGTCCAAACACTG,0
CCCCGTCCAACAGTCC,0
CCCCGTCCGATACAAA,0
CCCCGTGGTATACAGA,0
CCCCGTGTGTAGTTAC,0
CCCCGTTGAATGATCC,0
CCCCGTTGATTAACGA,0
CCCCTAAACAACAGCG,0
CCCCTAAAGGGACTTC,0
CCCCTAAGCAAATACG,0
CCCCTAAGGGCCCGAA,0
CCCCTAATAGTTGCCA,0
CCCCTAATATGCACTA,0
CCCCTAATCCACTGCA,0
CCCCTACGGATAGGAT,0
CCCCTACTTGTTACAT,0
CCCCTAGAATTACTTG,0
CCCCTAGCTCACTTGC,0
CCCCTATAACACACTG,0
CCCCTATGCCCCACAA,0
CCCCTCACCGCCGCAC,0
CCCCTCATAAAAAACA,0
CCCCTCCTAACATCGT,0
CCCCTCGAATATCGGA,0
CCCCTCGGTATTGTAT,0
CCCCTCTCTTGAACCT,0
CCCCTGACCTCGCCAA,0
CCCCTGATCGAACCAA,0
CCCCTGCCGTATAGGA,0
CCCCTGTCCATAGAGA,0
CCCCTTAAAGAAGCAG,0
CCCCTTACATATACAT,0
CCCCTTAGACTGCAAA,0
CCCCTTAGCATACAGA,0
CCCCTTCCTCTACGGG,0
CCCCTTCGCGGGACAT,0
CCCCTTCTCCAAAAAC,0
CCCCTTGAAGAGCATG,0
CCCCTTGTACCTAAAG,0
CCCCTTGTTCATTCCC,0
CCCCTTTCAAACCCGA,0
CCCGAAAAGAGAAGAG,0
CCCGAAACAAATTCAA,0
CCCGAAATTCACGAGA,0
CCCGAACATAGCCGAA,0
CCCGAACCATTGACAC,0
CCCGAACGAAGGGACC,0
CCCGAACGTTTTCGTG,0
CCCGAACTCGTGTGTA,0
CCCGAAGATCTCGAAG,0
CCCGAAGCTCATCCAA,0
CCCGAAGTACAATAAA,0
CCCGAATACAGACGTA,0
CCCGAATAGTTAGTAT,0
CCCGAATATAAATTTA,0
CCCGAATATACAGCCA,0
CCCGAATCGTTACTCA,0
CCCGAATTACGTGCCT,0
CCCGAATTCGACCTAG,0
CCCGACACTAACAAAG,0
CCCGACAGTGACGTCA,0
CCCGACATATTTTTAA,0
CCCGACATTGTAGTTC,0
CCCGACCGAACAACTA,0
CCCGACCGGGCAGCAA,0
CCCGACTAGCACGAAC,0
CCCGACTATATGTAAA,0
CCCGAGCATGTTTATT,0
CCCGAGCTAGGTTGTG,0
CCCGAGTGACAGAAAT,0
CCCGAGTTCCTCCGAG,0
CCCGATAAACTACACC,0
CCCGATATCAATAGAC,0
CCCGATATTCCTAGTG,0
CCCGATCAACCACTTT,0
CCCGATCCCTAGAGCA,0
CCCGATCGGAAGATGC,0
CCCGATCTGTAATGCT,0
CCCGATCTTGACGACT,0
CCCGATCTTGTAGTAA,0
CCCGATGAAAGTCCAC,0
CCCGATGAGCGCAACG,0
CCCGATGTGAACCCAA,0
CCCGATTCCAAGATGC,0
CCCGATTGGTCGTAAA,0
CCCGATTTATCATCTG,0
CCCGCAAACGTCCTTT,0
CCCGCAAATATTGCGT,0
CCCGCAAGGCACATAG,0
CCCGCAAGTAACCACT,0
CCCGCACATTTTTAAA,0
CCCGCACTCGACATCC,0
CCCGCAGCAGTGAGAA,0
CCCGCAGTAACTGAAC,0
CCCGCAGTCCATACAG,0
CCCGCAGTGATTCCGA,0
CCCGCATCACTTAGCT,0
CCCGCCATCTATTCTT,0
CCCGCCATGATATGCC,0
CCCGCCCCGGAACCCC,0
CCCGCCGTCCCGATAA,0
CCCGCGCATTTTCACA,0
CCCGCGTCATCTAAAA,0
CCCGCGTCCTAAAAAC,0
CCCGCGTCGCATAGTT,0
CCCGCTAGTATATCAT,0
CCCGCTATAGGCTGTC,0
CCCGCTATTCCGTATT,0
CCCGCTGTAGCACGTG,0
CCCGCTTAGAAAAAAA,0
CCCGGAAAAAAAAAAT,0
CCCGGAAGTCTGTCAA,0
CCCGGAATACCGGTAC,0
CCCGGACCCCAAATGT,0
CCCGGCATTAAATAGA,0
CCCGGCCGACCATATT,0
CCCGGCCTAGGCCTTT,0
CCCGGCCTCGTACCAA,0
CCCGGCGACAACGAAA,0
CCCGGGCAAATTAGTA,0
CCCGGGGAGGATGAAT,0
CCCGGGGTGCGCAAAG,0
CCCGGTATTAAATAAG,0
CCCGGTCCTATAAGCA,0
CCCGGTGGACCCACAT,0
CCCGGTTAAACCAATT,0
CCCGGTTATCTAATAA,0
CCCGGTTCAGCCCGTT,0
CCCGGTTGCATGTGTA,0
CCCGGTTTGAGGACCC,0
CCCGTAAAATACATTT,0
CCCGTAAAGGATTGGT,0
CCCGTACTAGGCTAAG,0
CCCGTAGAGACAACAT,0
CCCGTATACAAAAGAG,0
CCCGTATCCGTGGGAG,0
CCCGTATCTCGTCCAA,0
CCCGTCCACCTTCCGG,0
CCCGTCGCTACCATTA,0
CCCGTGAAAGCTTTAA,0
CCCGTGAATATCAGTA,0
CCCGTGCAAATCTAAG,0
CCCGTGCGCTAACATC,0
CCCGTGTAAGATCTTT,0
CCCGTGTAATTCATTT,0
CCCGTGTGATACAATG,0
CCCGTTAATTGGGTGG,0
CCCGTTATATACCAAA,0
CCCGTTCGAATCTTAA,0
CCCGTTGATTTGACTA,0
CCCGTTTATCTCCCCA,0
CCCTAAATACAACGGG,0
CCCTAACAACCTTAAG,0
CCCTAACACCAAACAG,0
CCCTAACACTTCATAC,0
CCCTAAGAGCCCTAAA,0
CCCTAAGATACGAATC,0
CCCTAAGCCACACGTG,0
CCCTAAGGATTATTTG,0
CCCTAAGTACGAATAG,0
CCCTAATATGGTGTAG,0
CCCTAATGAACTCTGA,0
CCCTAATGAAGATGAA,0
CCCTAATGATGAACAA,0
CCCTAATGCTAATTCA,0
CCCTAATGTCCTATAT,0
CCCTAATTTAAATGAT,0
CCCTACAAAACTTATT,0
CCCTACAATATAGTTG,0
CCCTACATCCATATAC,0
CCCTACCTATAGATTA,0
CCCTACCTTAAACAAA,0
CCCTACGATAATCACG,0
CCCTACGTCTTCATAA,0
CCCTACTAATTTCTTT,0
CCCTACTTCTGCCGGT,0
CCCTACTTTTATAGGT,0
CCCTAGAATAACTTCC,0
CCCTAGATATGGAGGC,0
CCCTAGCTCTAGAGGA,0
CCCTAGGAGTCGCCCC,0
CCCTAGGATACAATCT,0
CCCTAGGCCTGTTCAC,0
CCCTAGGCGCTAAGGA,0
CCCTAGTACTAGTGTT,0
CCCTAGTAGTTAGTTG,0
CCCTATAAACTGTCCA,0
CCCTATAGGAACGATA,0
CCCTATCAAGAACGAT,0
CCCTATCAGAAAATAA,0
CCCTATCCAGAGGGAA,0
CCCTATCGAAATTTTA,0
CCCTATCGACGAATAT,0
CCCTATGACTGTAGAC,0
CCCTATGCATGTTCAC,0
CCCTATGCTACTGCAT,0
CCCTATGGCCGACGAA,0
CCCTATTCCCCTTTCA,0
CCCTATTCGCAACTTT,0
CCCTCAAACGATTGCG,0
CCCTCAAACTCCTTGA,0
CCCTCAATATATAAAG,0
CCCTCAATGTAGATTC,0
CCCTCACAATGGCGGT,0
CCCTCACACCTTCGAA,0
CCCTCACATAGGCCAC,0
CCCTCACGGACTAATA,0
CCCTCACTCAATTGCC,0
CCCTCAGATCTTTCAT,0
CCCTCAGATTCCGGAA,0
CCCTCAGTCCAAGAGT,0
CCCTCATAACCTGAAG,0
CCCTCATATACAAAAA,0
CCCTCATCGTTAAGGA,0
CCCTCCAATTCTATCC,0
CCCTCCAGCCCACCCA,0
CCCTCCATATTCCGCA,0
CCCTCCCACCGGAAAC,0
CCCTCCCAGAGAACCA,0
CCCTCCCCATACTACT,0
CCCTCCCTAGCTTGAT,0
CCCTCCTAGTGTAAGG,0
CCCTCCTTGAGCTTGT,0
CCCTCGAAAATTCCTA,0
CCCTCGAACCTAAACG,0
CCCTCGAGGACGACGT,0
CCCTCGCGAAATATAT,0
CCCTCGCGCAATTTTG,0
CCCTCGGTAGTCATGA,0
CCCTCTCCCGTCTATA,0
CCCTCTTAGAAGAACC,0
CCCTGAGTTAGGCTTC,0
CCCTGATATATACACC,0
CCCTGATCAATTACCA,0
CCCTGATGTACAAGTG,0
CCCTGCAGATTATATT,0
CCCTGCATTATGCACC,0
CCCTGCCTACAATATT,0
CCCTGCTTGACGTTAC,0
CCCTGGCTACAAAGGA,0
CCCTGGCTTCAACAAA,0
CCCTGGTCCTACGAGT,0
CCCTGTATAATGCGAC,0
CCCTGTCGCTGGTCGC,0
CCCTGTCTAGATACCA,0
CCCTGTGGCTAAGGAG,0
CCCTGTGTAACGGTTC,0
CCCTGTTATACGAAAA,0
CCCTGTTATCACGAAT,0
CCCTGTTGTTTTAACA,0
CCCTTAAAGCCTTTAA,0
CCCTTAAATAATTGTG,0
CCCTTAACCGTCCTAC,0
CCCTTAACGACACACA,0
CCCTTAACGGGGGCAT,0
CCCTTAACTTCCGATC,0
CCCTTAAGAGCGTCAT,0
CCCTTAATGTGGTTAG,0
CCCTTACATCTGTCAC,0
CCCTTACGCGCGTCAT,0
CCCTTACGGCCACGAC,0
CCCTTAGACAAATGCT,0
CCCTTAGTAAAATATA,0
CCCTTATAAACAAAAT,0
CCCTTATAACAGGAAT,0
CCCTTATAATAGAAAG,0
CCCTTATCTTTTAGTA,0
CCCTTATGTACTATTA,0
CCCTTATTAAGAGCAA,0
CCCTTCAAAAATTCTA,0
CCCTTCATACCAATCC,0
CCCTTCCATATAGATG,0
CCCTTGAAAACCTCTA,0
CCCTTGATCATTTTGC,0
CCCTTGATGGCCTTAA,0
CCCTTGCAATTGACGG,0
CCCTTGCATATTTGGT,0
CCCTTGCCCACACGTA,0
CCCTTGCGGGAAAACA,0
CCCTTGCGTTATGGGA,0
CCCTTGGACAACGTAT,0
CCCTTGTATTAAGATA,0
CCCTTTAACCACGCCG,0
CCCTTTAATATAAACG,0
CCCTTTACCCCCCTTT,0
CCCTTTATAATAAACA,0
CCCTTTATATTTCGAT,0
CCCTTTCCAATAATGC,0
CCCTTTGAAACCTGAA,0
CCCTTTTCAAACAACA,0
CCCTTTTTACAAAGGC,0
CCCTTTTTTAAGACAC,0
CCGAAAAAAAACGACA,0
CCGAAAAAAAGACCGA,0
CCGAAAAAAATCAAGA,0
CCGAAAACAAAGAACT,0
CCGAAAACATAGGCAA,0
CCGAAAACCCCATCGA,0
CCGAAAAGATATGACA,0
CCGAAAAGCTTGCGGA,0
CCGAAAAGTGAAATAT,0
CCGAAAAGTGAGGGCC,0
CCGAAAATCAGAGTTA,0
CCGAAAATGTGCCAAA,0
CCGAAACCCGTTCAAT,0
CCGAAACTCGATAAAA,0
CCGAAAGAAATCAAAA,0
CCGAAAGAGTCAAAGA,0
CCGAAAGATCGAAACG,0
CCGAAAGCCCGGAAAA,0
CCGAAAGCCGTCCCCC,0
CCGAAAGCGATGAGCA,0
CCGAAATAAGAGGCAA,0
CCGAACAAAAAACCCA,0
CCGAACACAGGCGGTT,0
CCGAACAGCCTGCTTA,0
CCGAACAGGTACACCT,0
CCGAACCAATCGTCGT,0
CCGAACCCTTTCTTTC,0
CCGAACGCAAATTTCG,0
CCGAACGCGCGCAATA,0
CCGAACTACCTAAATA,0
CCGAACTGCCCAGGTG,0
CCGAACTGGCACGATC,0
CCGAAGACGGGAATAA,0
CCGAAGACTAACATTA,0
CCGAAGACTACCAACA,0
CCGAAGATTCAATTCC,0
CCGAAGCACACATGTT,0
CCGAAGCACGCGCTTA,0
CCGAAGGCATACCAAT,0
CCGAAGGGCATATCAC,0
CCGAAGGTAGATCCTT,0
CCGAAGGTCATTAGAA,0
CCGAAGTCGACGAATT,0
CCGAAGTGACCGCCCT,0
CCGAAGTTAAAGCCTG,0
CCGAATAAAACAATCA,0
CCGAATAACGATTTAC,0
CCGAATAATCACCTAC,0
CCGAATATACAACCAT,0
CCGAATATACGTCCTT,0
CCGAATCAGATAGAAA,0
CCGAATCATAAACTGC,0
CCGAATCCGGTAAGAT,0
CCGAATCGAACTCCAT,0
CCGAATCGTAACCCCT,0
CCGAATCTATTGCATG,0
CCGAATGAAACCCCCT,0
CCGAATTACAAGTGGG,0
CCGAATTACAGAAGAT,0
CCGAATTACGGAACAG,0
CCGAATTAGCAACAGT,0
CCGACAAAGCAATTAA,0
CCGACAACTGAGTCTC,0
CCGACACCGAAAGTGG,0
CCGACACTATCCCCAT,0
CCGACACTTGTGGATC,0
CCGACAGTGCTGCCCC,0
CCGACATATCAAAGCT,0
CCGACATCATAGTCCT,0
CCGACATCGAAAATAA,0
CCGACCATAAAATCTT,0
CCGACCATGCAGCGCA,0
CCGACCGTAACTAGCA,0
CCGACGAAGACCCAAA,0
CCGACGGCTTCTAGGA,0
CCGACGTATCTAAGTA,0
CCGACTAAAATTAGAC,0
CCGACTAATCACAGAT,0
CCGACTCGCCGGAGAA,0
CCGACTCTCGCGGTAT,0
CCGACTGAAAGCTTAA,0
CCGACTTCCGTATCCG,0
CCGACTTTCCGATGAT,0
CCGAGAAAGGCGAGTT,0
CCGAGAAATAATTAGA,0
CCGAGAACATAGAGGA,0
CCGAGACCTTAGGCAG,0
CCGAGACGCCATCAAT,0
CCGAGACTAAAATGCT,0
CCGAGAGAAAAAAGAT,0
CCGAGAGAATATAGTG,0
CCGAGATAACACTCCG,0
CCGAGATCCATGTATA,0
CCGAGCAACTTCGACA,0
CCGAGCAATGTTTACT,0
CCGAGCACGTCAAAAG,0
CCGAGCCCCCATCTTA,0
CCGAGCCCTGTAACTG,0
CCGAGCCGTAAGAAAA,0
CCGAGCGAAATTCTTC,0
CCGAGCGGCGCAATCA,0
CCGAGGAAGCCGCATC,0
CCGAGGACGAGCGAGA,0
CCGAGGAGTCCCGAGA,0
CCGAGGTGTGGCATAA,0
CCGAGGTTAGCAAGCT,0
CCGAGTAAACTGTTTT,0
CCGAGTAACAAATATA,0
CCGAGTAAGAGATATG,0
CCGAGTCTAAGAGAAG,0
CCGAGTGTTTTAGAAG,0
CCGAGTTATCGCAAAG,0
CCGATAAAGGCGAGCA,0
CCGATAAATCCATAAC,0
CCGATAACTGACTGGT,0
CCGATAAGGCAATATA,0
CCGATACAATTGGTAA,0
CCGATACACAGTTAGG,0
CCGATACGTGCTCTAC,0
CCGATAGGTGTCACAA,0
CCGATAGTACAAAATT,0
CCGATATAACAAAAAT,0
CCGATCCAGGATTGAA,0
CCGATCCGAACTTCCA,0
CCGATCTACCACAATA,0
CCGATCTCAGCAGCAG,0
CCGATCTTTTATTCGA,0
CCGATGAAAAAAAAAA,0
CCGATGAGCCTACTAC,0
CCGATGATGAGTCTCA,0
CCGATGCAGTTTTAAG,0
CCGATGCGAGCTGATA,0
CCGATGCGCAAATCTA,0
CCGATGGAAATACCTT,0
CCGATGGAGGAAAAAT,0
CCGATGTATTACAGTG,0
CCGATGTTTAATAATT,0
CCGATTAATGCTCTGT,0
CCGATTAGATAAACAA,0
CCGATTATCCTTAATA,0
CCGATTCCGGAAACCA,0
CCGATTGCAGCTACAA,0
CCGATTTACAGTTCTC,0
CCGATTTACGAATCAG,0
CCGATTTCCATGCTAC,0
CCGATTTGTGGATGAT,0
CCGATTTTGACAAACC,0
CCGCAAAACACCGACA,0
CCGCAAAACTAAGATT,0
CCGCAAACGCAAAACA,0
CCGCAAAGCTCACTCC,0
CCGCAACAGCCCTGAG,0
CCGCAAGAGCGTTAGA,0
CCGCAAGGGGGAACTC,0
CCGCAATGAAATGGAA,0
CCGCAATTAGTACGTT,0
CCGCACAACGATTGCG,0
CCGCACAATAATACGA,0
CCGCACACGATAGCGC,0
CCGCACATAAAAAGAC,0
CCGCACATCAGAGCAA,0
CCGCACATCGTCAGAA,0
CCGCACATCTACCAAT,0
CCGCACCAGTCCACTC,0
CCGCACCCGTTGTAAA,0
CCGCACCCTTAAAGAA,0
CCGCACCCTTCAAATG,0
CCGCACGGAGTGCCTG,0
CCGCACGTGGCCGTAA,0
CCGCACGTGTCACAAT,0
CCGCAGATTAGGGTCG,0
CCGCAGCCTAGTAGAA,0
CCGCAGCGAACTTTAA,0
CCGCAGCTCACCAGAC,0
CCGCAGTATATCCTAT,0
CCGCAGTTACCTAAGG,0
CCGCATAGGATCAAAC,0
CCGCATAGTTTAACCC,0
CCGCATATAGCTATGT,0
CCGCATATTGATGCCG,0
CCGCATCTAGAACCAT,0
CCGCATGCACCTTGTA,0
CCGCATTATATCTCAA,0
CCGCATTATGCACTTT,0
CCGCCAACAATAAATA,0
CCGCCAATCCAGAGAA,0
CCGCCAGCCTTGGCAG,0
CCGCCAGGAAGAGCAC,0
CCGCCAGTAGAGACTA,0
CCGCCATAAAATAGAG,0
CCGCCATCCAATATTT,0
CCGCCATGAAACCGCG,0
CCGCCCAAAACCATAC,0
CCGCCCAAAATACCTT,0
CCGCCCAACATTTACC,0
CCGCCCACAGCAAAAA,0
CCGCCCACCAATAATG,0
CCGCCCACGCTCAGAA,0
CCGCCCCCAGAAAAGT,0
CCGCCCCTATCCCAAA,0
CCGCCCCTGACACTGC,0
CCGCCCGAGAGACTTC,0
CCGCCCTAACATATAA,0
CCGCCCTGTATGGGTA,0
CCGCCGACTCCGCGCA,0
CCGCCGGATACGAAAA,0
CCGCCGTTTTAAATAC,0
CCGCCTCAATATTCTA,0
CCGCCTCGCGAAATAT,0
CCGCCTCTATGTATGG,0
CCGCCTGTAAGCGAGT,0
CCGCGAAAATCTAACG,0
CCGCGACGCGCAAAGC,0
CCGCGAGGATGAAAAA,0
CCGCGAGGTACGCGAT,0
CCGCGAGTCTGGAGAA,0
CCGCGATCCCAAAATC,0
CCGCGCCAGCAGAGCC,0
CCGCGCCTATCAAGCC,0
CCGCGCGTGCCTCAAT,0
CCGCGGAATGTAATGG,0
CCGCGGACAGCCGTTC,0
CCGCGGAGTCAGGACG,0
CCGCGGGGATAGCTAG,0
CCGCGTGATCTCGAAC,0
CCGCTAAGACAAGCAC,0
CCGCTAATTCGATATA,0
CCGCTACGTCTACATT,0
CCGCTACTCAACAATT,0
CCGCTAGATATGTAGC,0
CCGCTATGCTATTGGG,0
CCGCTATTACATGATA,0
CCGCTCAACCCAGAAT,0
CCGCTCACTGTCCAGG,0
CCGCTCATGAAGAAAC,0
CCGCTCATTAAAGGCT,0
CCGCTCCACTAAATCG,0
CCGCTCCATTGCCCTC,0
CCGCTCGACCGATCGC,0
CCGCTCTACATAACGT,0
CCGCTGACCACGCTAT,0
CCGCTGCAACTCCTTT,0
CCGCTGCTTGTAGGTC,0
CCGCTGGTCTAAATAT,0
CCGCTTAACCCCTAAT,0
CCGCTTAACTTGTCAG,0
CCGCTTACCCTAGGTA,0
CCGCTTATGGTAGAAC,0
CCGCTTCTTCTCATCA,0
CCGCTTTGATCGATGC,0
CCGGAAAAAAAAAAAT,0
CCGGAAAAACATTCGC,0
CCGGAAAATTAAGTCA,0
CCGGAAATCTAATTAC,0
CCGGAACAATCGCAGT,0
CCGGAACTCAAGCAAA,0
CCGGAACTCACCACGA,0
CCGGAAGAAGTAATTT,0
CCGGAATAGACAGCAA,0
CCGGAATTATATCGGG,0
CCGGAATTCTTGGCAT,0
CCGGACAAGAATGACA,0
CCGGACACAGGACTAA,0
CCGGACACTATTTTTC,0
CCGGACAGACAGCCAC,0
CCGGACCCTGGGCCGT,0
CCGGACCGACGTCTCG,0
CCGGACGACTTAAATT,0
CCGGACGCAAGACATA,0
CCGGAGATAATTCCAG,0
CCGGAGCAAAATGTAA,0
CCGGAGCGTAACTAAA,0
CCGGAGGAAATGACAA,0
CCGGAGTAAATGTAAG,0
CCGGAGTCGCCTAAAA,0
CCGGATAAATTTTTAA,0
CCGGATATTTGTGTTT,0
CCGGATCACCCTCTAT,0
CCGGATCCTCCTAATA,0
CCGGATCTGAGGAGTC,0
CCGGATTCTGCTGTGA,0
CCGGATTGCGCAATAC,0
CCGGATTTTATAAAAA,0
CCGGCAAATTGATGTA,0
CCGGCAACCATCAGTA,0
CCGGCACATAAATATC,0
CCGGCACCATAGAGTA,0
CCGGCACCGGGGCCAA,0
CCGGCAGAATGGGCAT,0
CCGGCATACTTATTCC,0
CCGGCCACAATTTAAA,0
CCGGCCCTGAGAACGA,0
CCGGCGTAACGATATG,0
CCGGCTCATGGAGAGG,0
CCGGCTCGTACTCTTA,0
CCGGCTCTGTTAGGCA,0
CCGGCTGGCAGAGCGT,0
CCGGCTTAAAATAGCT,0
CCGGCTTAAAGCAATA,0
CCGGGACACATAAAAA,0
CCGGGACAGCAATGCC,0
CCGGGACCTTTCTCAA,0
CCGGGATAGTACTTCT,0
CCGGGCAGTCAAGTTG,0
CCGGGCTAACAAAAGT,0
CCGGGCTTGTACTACT,0
CCGGGCTTTCCGACGA,0
CCGGGGGTGGACAAAT,0
CCGGGTAAGTAAACTC,0
CCGGGTCACGGTAACA,0
CCGGGTGCAATTTGCC,0
CCGGGTTAGTCCCCAA,0
CCGGGTTCACTAACGA,0
CCGGGTTGATATACTA,0
CCGGTAAAATAAGAGT,0
CCGGTAAAATTAGGTC,0
CCGGTAAGGTCTGAAG,0
CCGGTAAGTTTAGCTC,0
CCGGTAATATCCAACA,0
CCGGTACCAAATGGAA,0
CCGGTAGAGTAAAGAA,0
CCGGTAGTGGGCACAG,0
CCGGTATAGAATAAGG,0
CCGGTATGGTGAATAC,0
CCGGTATGTTCACTTC,0
CCGGTCACCTATGGAC,0
CCGGTCATCGAGCCGG,0
CCGGTCGAGACCGCTC,0
CCGGTCTAAATTCAAC,0
CCGGTCTCTTTACTAG,0
CCGGTGCAAAGATAAC,0
CCGGTGGACCTACTTG,0
CCGGTGGCACGGCGTC,0
CCGGTGTGCACGATAG,0
CCGGTTAATAATGCCA,0
CCGGTTAGCCACAACA,0
CCGGTTATACACATCA,0
CCGGTTGTACCCACTT,0
CCGGTTGTTGTTCCCG,0
CCGGTTTCACCAAATT,0
CCGTAAAATAATACAG,0
CCGTAAAATTCAAGCA,0
CCGTAAACCTTGAAGA,0
CCGTAAAGCTAAAAAG,0
CCGTAAAGTAATCTGA,0
CCGTAAATACGGTTTC,0
CCGTAACCGATCCCGG,0
CCGTAATACCCCCCGC,0
CCGTAATCTAAACAAG,0
CCGTAATGAATTTTCT,0
CCGTAATGATATTCGA,0
CCGTAATTAAGAGGGA,0
CCGTAATTACGCGGGT,0
CCGTACAAAAAACCCC,0
CCGTACACATGAATGT,0
CCGTACATAATATGTA,0
CCGTACCACGAACCTT,0
CCGTACCAGGTACTCG,0
CCGTACCCAAAATATT,0
CCGTACCCCTAACTCT,0
CCGTACCGAATCGGGG,0
CCGTACCTAATAATAA,0
CCGTACGATTCAATGT,0
CCGTAGAGTGAGAGGG,0
CCGTAGCTTATAGTGG,0
CCGTAGGAAATACTTC,0
CCGTAGTAATACATGA,0
CCGTATAAAAACTCAA,0
CCGTATATGAAGGCGT,0
CCGTATCATTCATAAA,0
CCGTATCCCGTCAGGG,0
CCGTATCTAACTAATC,0
CCGTATGTCTGGATAA,0
CCGTATTAACAAAAAA,0
CCGTATTAGTCTAGTC,0
CCGTATTGAAATAACC,0
CCGTATTGCTCACTTG,0
CCGTATTTTAGGCGGT,0
CCGTATTTTATACCAC,0
CCGTCAACCTACGTCA,0
CCGTCACGAGACCAAT,0
CCGTCAGAAACGCAAG,0
CCGTCAGAGCTACATC,0
CCGTCAGTAGTAACCT,0
CCGTCATTACATCCTA,0
CCGTCATTTCGAGACT,0
CCGTCCGGAACCGAGG,0
CCGTCGCATACATCGT,0
CCGTCGCGACCTGGAC,0
CCGTCGGCATAATGGC,0
CCGTCTAAATCCAAAT,0
CCGTCTATAAAAACGC,0
CCGTCTATCACCTGAG,0
CCGTCTGAATTCCCAC,0
CCGTCTTGAGTACCCG,0
CCGTGAAAATGGAATC,0
CCGTGAATATGCCCGG,0
CCGTGACAAACCTATA,0
CCGTGACAAGTCAGGT,0
CCGTGACCGGGGTAAT,0
CCGTGAGTTCTTTCTA,0
CCGTGATATGCCTATA,0
CCGTGATTAATCACGA,0
CCGTGATTCGGACCGA,0
CCGTGATTGTCGATTC,0
CCGTGATTTACCGCAG,0
CCGTGCGCACGGGCAT,0
CCGTGCTAATTGACCA,0
CCGTGGACCGAACCAG,0
CCGTGGACGAAATAAA,0
CCGTGGTACCTTAAGC,0
CCGTGGTTAAATACGC,0
CCGTGTGTGAAGAAAT,0
CCGTGTTAGCTCGTGT,0
CCGTGTTTTTGAAGTA,0
CCGTTAAACATGGAAG,0
CCGTTAAACTGAAGGG,0
CCGTTAACATAAATTG,0
CCGTTAACGACGCAGC,0
CCGTTAGACAAAAGAA,0
CCGTTATAATGAAACA,0
CCGTTATTCCTCTCCG,0
CCGTTCAAATATAACA,0
CCGTTCCTGAACTAGT,0
CCGTTCGAAAACGCTA,0
CCGTTCGGTGCAATAC,0
CCGTTCTGTCGTTGAA,0
CCGTTGCTAGCAGTAC,0
CCGTTGGTTAAGTGAC,0
CCGTTGTATATTACCA,0
CCGTTGTCTACCTTAG,0
CCGTTTAAATGGCACG,0
CCGTTTACATTGAGCA,0
CCGTTTAGATAAATAC,0
CCGTTTGACCTGATAA,0
CCGTTTGAGTAACAAA,0
CCGTTTTCTAACTGTC,0
CCTAAAAAACGTTGTA,0
CCTAAAAATTAACTTG,0
CCTAAAAATTGAGCCG,0
CCTAAAACAGTTATAA,0
CCTAAAACGGTAAAAT,0
CCTAAAAGAGTGGTTA,0
CCTAAACAAATGCCAT,0
CCTAAACAATCGAAGT,0
CCTAAACAGTGGCAGT,0
CCTAAACAGTTTAATA,0
CCTAAACATATTTCTT,0
CCTAAACCTTTACCGT,0
CCTAAACGAACACCTC,0
CCTAAACGACAAGACA,0
CCTAAACGCTCCTCTT,0
CCTAAACTAAAAAATA,0
CCTAAACTATCCCAGT,0
CCTAAACTTAAGACAT,0
CCTAAACTTTTCGAAA,0
CCTAAAGAAAAATAGC,0
CCTAAAGAAAACTGGC,0
CCTAAAGATCGAATCA,0
CCTAAATGCCCCTGTC,0
CCTAAATGTCTCTTAT,0
CCTAAATTTTAAGTCC,0
CCTAACACCAGGAACA,0
CCTAACACGATGTATC,0
CCTAACACGTTTACAT,0
CCTAACACTCAGTAGT,0
CCTAACATACAGTTTC,0
CCTAACCCAAAATACA,0
CCTAACGAACCACGAA,0
CCTAACGACCTGGAGG,0
CCTAACGGAGTGGATC,0
CCTAACGTCGATTAAA,0
CCTAACGTGAACAATA,0
CCTAACTCAATGGAAA,0
CCTAACTGACCATCCA,0
CCTAACTGTGACGGCA,0
CCTAACTTAAAATAAG,0
CCTAACTTGAAAAGTT,0
CCTAACTTTTATACTT,0
CCTAAGAAAGACTCCT,0
CCTAAGAAGAACTGGC,0
CCTAAGAAGTGTACGT,0
CCTAAGAATATGGTGA,0
CCTAAGAATATTGCCC,0
CCTAAGACAACAAATC,0
CCTAAGACTCCTTAAT,0
CCTAAGAGAGACACTG,0
CCTAAGATAATGGCAT,0
CCTAAGGCCAGCTAGC,0
CCTAAGTCCTAGATAC,0
CCTAAGTCGAAAATCG,0
CCTAAGTCTATACGCC,0
CCTAATAATGAAATAA,0
CCTAATAATTGTATGT,0
CCTAATACCGGAGAGT,0
CCTAATAGAAGAGCGT,0
CCTAATAGATAGCTCA,0
CCTAATAGCAGATAAG,0
CCTAATAGCCGAACGG,0
CCTAATATACTGCCAA,0
CCTAATATAGCCCAAG,0
CCTAATCACCTGGGCT,0
CCTAATCATATATGCT,0
CCTAATCCAAACCTAA,0
CCTAATCCATTGCACA,0
CCTAATCCGAATTGCC,0
CCTAATCCTTGTGTCT,0
CCTAATCTACTACGTC,0
CCTAATGTAGCCCCTC,0
CCTAATGTCTAGATAC,0
CCTAATTAGCGAACGA,0
CCTAATTAGGGCTTTA,0
CCTAATTCGGAAGTAA,0
CCTAATTGCCGACATA,0
CCTAATTGGACAAAAA,0
CCTAATTGTTTCTTCC,0
CCTAATTTGTTATATT,0
CCTACAACAACCTGAA,0
CCTACAAGCCCCAAAT,0
CCTACAATTCATCTTG,0
CCTACACATAAAGCAG,0
CCTACACCTACCTCAA,0
CCTACACTCTTTTAGA,0
CCTACAGCAAACCCCC,0
CCTACATATCAATGAA,0
CCTACATCCAAGAGAC,0
CCTACATTACAATCAC,0
CCTACCAAATCTGCCA,0
CCTACCAACAGACGTC,0
CCTACCAAGCAAGTAG,0
CCTACCACAAATCTGT,0
CCTACCATTTACCCAT,0
CCTACCCATAAACATA,0
CCTACCGCAAGTATAA,0
CCTACCTAAATATTAC,0
CCTACCTAATATAGAA,0
CCTACCTCCAAGCGCC,0
CCTACCTTAAAGAGAG,0
CCTACCTTAATCCAGT,0
CCTACCTTATAGGTGA,0
CCTACGACGGAGAGAA,0
CCTACGAGGCCTAAGA,0
CCTACGATTATTTTTC,0
CCTACGCCCACATAAG,0
CCTACGTACAAAAATA,0
CCTACTAACCCTCACA,0
CCTACTAAGACGAGGT,0
CCTACTAAGTCCCCAG,0
CCTACTAGCGGAGAAA,0
CCTACTAGTCAGGAGT,0
CCTACTCAAACCGGAG,0
CCTACTCACAAACCGC,0
CCTACTGATTAACCCT,0
CCTACTTAAATGTCGA,0
CCTACTTATAGGGATT,0
CCTACTTTAATCGATA,0
CCTACTTTCAACTTAT,0
CCTAGAAATCCCCCCC,0
CCTAGAACCTGTCGCC,0
CCTAGAATATTTACGG,0
CCTAGACATTATTGGC,0
CCTAGAGCGGGAGAGC,0
CCTAGATAAAACACCC,0
CCTAGATAACCCGTGG,0
CCTAGATACCTCTATC,0
CCTAGATCATTGCATA,0
CCTAGATGAGCGGCCC,0
CCTAGATTCAAAGGTT,0
CCTAGATTTCTCATTT,0
CCTAGCAAATGAAGGG,0
CCTAGCACAACCCTAT,0
CCTAGCAGAATAGATT,0
CCTAGCCCAAAGAAGT,0
CCTAGCGAAATCCCCG,0
CCTAGCGAACACTACA,0
CCTAGCGCTGACCAGT,0
CCTAGCTAAGATCCAC,0
CCTAGCTATGCATTTA,0
CCTAGCTCTACAAGCA,0
CCTAGCTGCGCCCAAT,0
CCTAGCTTTCACTGTG,0
CCTAGGAAGAACACCG,0
CCTAGGACCCACACAG,0
CCTAGGAGACTATAGG,0
CCTAGGTAAATCAAAA,0
CCTAGGTAACAGTCGC,0
CCTAGGTAGCTGTATG,0
CCTAGTAAAGACCTCA,0
CCTAGTAAGTTGATAC,0
CCTAGTATAAAACAGC,0
CCTAGTATTCCAAATC,0
CCTAGTCACCTGAAAC,0
CCTAGTGTGCCAAAGA,0
CCTAGTGTTAGTTTAC,0
CCTAGTTCGCTAACTA,0
CCTAGTTCGTCGCCCA,0
CCTAGTTGATTACGAC,0
CCTAGTTTAATCAGTG,0
CCTATAAATTGAAGCT,0
CCTATAACAAAATGAG,0
CCTATAATCCGGCAGT,0
CCTATACGTCTGTAGT,0
CCTATAGACCGATTAA,0
CCTATAGATAGGATCA,0
CCTATAGCGGTTCCCT,0
CCTATAGGTCTTGAAT,0
CCTATAGTAGTTGAGT,0
CCTATAGTGGATAGCA,0
CCTATATACCAGAGGG,0
CCTATATACGTTTTTA,0
CCTATATACTTTGAAC,0
CCTATATATCTTGCCT,0
CCTATATCTATTTTAG,0
CCTATATTAAACCCGT,0
CCTATATTGCAGCGTC,0
CCTATATTTTTTCAAG,0
CCTATCAAAACCACAA,0
CCTATCACAGGTGTTA,0
CCTATCATAACTCTAA,0
CCTATCATACAGCGCA,0
CCTATCCCCTAACACA,0
CCTATCCGAAAAGGAT,0
CCTATCCGGAACAGCT,0
CCTATCGACCTCTTTT,0
CCTATCGATATCAGTA,0
CCTATCGCAACTGACG,0
CCTATCGCCACTAAGA,0
CCTATCTCTACTAAAC,0
CCTATCTTAAGCGGGC,0
CCTATGATAGCCAGGA,0
CCTATGATTCGGAATC,0
CCTATGCAATACTATT,0
CCTATGCCTAACCCGG,0
CCTATGCGGATTCCGA,0
CCTATGCGTGAGCTAC,0
CCTATGTCAATCGCCA,0
CCTATGTTCATAATGG,0
CCTATGTTGATCGTCA,0
CCTATTAAAATATTAC,0
CCTATTACATCCAGAT,0
CCTATTAGTGATACTA,0
CCTATTATTCGCATAT,0
CCTATTCAAAGCCTAC,0
CCTATTCAATAAATAA,0
CCTATTCACTATGTTT,0
CCTATTCATCAGGTCC,0
CCTATTCGTTTTAAAA,0
CCTATTCTAAGCGAGT,0
CCTATTTATGGTGAGG,0
CCTCAAAAATTCGCCA,0
CCTCAAAATATATCAA,0
CCTCAAAATCAATAAC,0
CCTCAAACCCAATAAT,0
CCTCAAAGTAACCAAA,0
CCTCAAATCTGAACCA,0
CCTCAACATCACTGAA,0
CCTCAACCAACAGAAG,0
CCTCAACCGCAAGCTG,0
CCTCAAGATAACAAAC,0
CCTCAAGGCCGCTTGC,0
CCTCAATAACAAATTT,0
CCTCAATAGTGGGCTT,0
CCTCAATATTGATGTT,0
CCTCAATCTCTGCGAC,0
CCTCAATGTCCGTCAG,0
CCTCAATTCAAATGAG,0
CCTCACAGAGAGGTAA,0
CCTCACATTTGTACCA,0
CCTCACCATTGATCAG,0
CCTCACCTGAGCTAAA,0
CCTCACGTCCTAGAAT,0
CCTCACTAATATAAAA,0
CCTCACTTATTTGTTC,0
CCTCAGACCGATGCTC,0
CCTCAGCAATTTTTAT,0
CCTCAGGGAATATAAA,0
CCTCATAACAATATAC,0
CCTCATAACATGTAAA,0
CCTCATATTGAACAAC,0
CCTCATCGCATTTAAT,0
CCTCATGAAAAATACT,0
CCTCATTATAACTCGT,0
CCTCCAAACTACATGT,0
CCTCCAACCACTAGGC,0
CCTCCAACTCTTGGTG,0
CCTCCAATCTAAACTA,0
CCTCCACAAAATGATG,0
CCTCCACGATGATGGA,0
CCTCCACTAATACGGC,0
CCTCCACTCATGAACT,0
CCTCCAGAAGCCCATG,0
CCTCCAGCACGAGATC,0
CCTCCAGTAATTGAAG,0
CCTCCATATCGCGAAA,0
CCTCCATCACTCGGCT,0
CCTCCATGCAAAAGTG,0
CCTCCATTATGCAAGT,0
CCTCCCAATAGCCACT,0
CCTCCCGTTGCTACGT,0
CCTCCGAGATTCAAAA,0
CCTCCGCAATACTTAA,0
CCTCCGGAAACACACG,0
CCTCCGGAACGGCGCA,0
CCTCCGGAAGTCAAAT,0
CCTCCGTAGGAAGCAA,0
CCTCCGTATGCTTACT,0
CCTCCTAATGATTCTT,0
CCTCCTAGGACTGACG,0
CCTCCTATACCTGTTC,0
CCTCCTATAGAGCCAA,0
CCTCCTGAATCCCATG,0
CCTCCTGTAGAGCTAT,0
CCTCCTGTGACTCGAC,0
CCTCCTTGTTTATAAA,0
CCTCGAACAAGACCCC,0
CCTCGAACGACACGAG,0
CCTCGAACGTTATTCA,0
CCTCGAAGTGGAGTAT,0
CCTCGAATTTAAGCTT,0
CCTCGACCCTATATAA,0
CCTCGACTTATAATGT,0
CCTCGACTTTTATTAC,0
CCTCGAGGAGTAGTCT,0
CCTCGAGGTAAACCAG,0
CCTCGAGTGAATTCAG,0
CCTCGAGTTCAGTGAG,0
CCTCGATTTATGCATT,0
CCTCGCAAATGAATGC,0
CCTCGCAAGCGTGTAA,0
CCTCGCTGCGGAGAGA,0
CCTCGGACTAAGGACA,0
CCTCGGATATTCAGTT,0
CCTCGGATTAAGCTTC,0
CCTCGGCATGATTTTA,0
CCTCGGGCGTAAGGCG,0
CCTCGGTCTGTGGCTT,0
CCTCGTAAGTTGATAA,0
CCTCGTACGGCCATAG,0
CCTCGTACTATGATAC,0
CCTCGTCTATTCATTG,0
CCTCGTCTCATTAACA,0
CCTCGTGGGGGACATA,0
CCTCGTTTAACTTTTA,0
CCTCTAAAACGACCAC,0
CCTCTAAGCGCGAGTA,0
CCTCTAATCATCTGTC,0
CCTCTACCCCCTTTGT,0
CCTCTACTAATTCTGA,0
CCTCTACTAGAACCGA,0
CCTCTAGGCGATGATT,0
CCTCTAGGCTACTATA,0
CCTCTATACCACGTGA,0
CCTCTATTCTAAAGAT,0
CCTCTCAGCAGAGCTC,0
CCTCTCCTAGCATTTC,0
CCTCTCGAAAAATCAG,0
CCTCTCGAAACATCAC,0
CCTCTCGAAAGGGCTG,0
CCTCTCGATAACACGA,0
CCTCTCTTAGATTTCA,0
CCTCTGAAACGGTCCC,0
CCTCTGACGAGGAGTG,0
CCTCTGATACAACGAA,0
CCTCTGATCTAAGATA,0
CCTCTGCAAAGAGAAA,0
CCTCTGCATACAGAAA,0
CCTCTGCTCGTACCGT,0
CCTCTGGACTAGCACG,0
CCTCTGGATTCACGAG,0
CCTCTTAAATTAAATT,0
CCTCTTAACCACTAAA,0
CCTCTTACATGCGATA,0
CCTCTTAGGTTGTAAG,0
CCTCTTAGTTGTCAAA,0
CCTCTTCGATACTAAC,0
CCTGAAAACAACACCA,0
CCTGAAACCACTCTCA,0
CCTGAAACGGCTGTCA,0
CCTGAAACTAGTATAA,0
CCTGAAAGGCGAACGT,0
CCTGAACAAAGATAAC,0
CCTGAACCAATTCAAG,0
CCTGAATACGTAAGGC,0
CCTGAATAGAGACTAT,0
CCTGAATATAGGAGAC,0
CCTGAATCCCAATCAT,0
CCTGAATGACCTTTAA,0
CCTGAATGATGGAGTA,0
CCTGAATGCTTACTTA,0
CCTGAATTCGGGCTTA,0
CCTGACAAGAATCGTT,0
CCTGACCATTGCGGTA,0
CCTGACGGAATATGAC,0
CCTGACGTAAGCATGT,0
CCTGACTCCTAAATAA,0
CCTGAGAAACTAATTC,0
CCTGAGAGTTAAACAA,0
CCTGAGCACAACGAAG,0
CCTGAGCACAATTTCC,0
CCTGAGCATCAATTAA,0
CCTGAGGCACCTTACT,0
CCTGAGTACAAGCTAT,0
CCTGAGTCAAGATAAT,0
CCTGATAAAGAACTAG,0
CCTGATAAGAGCGGCG,0
CCTGATACCGCACAAA,0
CCTGATAGTCAAAAAG,0
CCTGATATAACCGAGG,0
CCTGATATTCCGTTCT,0
CCTGATATTTGGCTGT,0
CCTGATCAGTTCGTTA,0
CCTGATCCTATCAAAC,0
CCTGATGGCCTTAGAT,0
CCTGATTACCTACATG,0
CCTGCAAACGCTCTGC,0
CCTGCAATCAATAGCT,0
CCTGCACACATTCGCA,0
CCTGCACATCAGGAAC,0
CCTGCACCGCATGAAA,0
CCTGCACGGAGCCGGC,0
CCTGCAGACCAGGAGA,0
CCTGCCCCACTCCAGT,0
CCTGCCCTAAGTGATT,0
CCTGCGCAATCATAAA,0
CCTGCGGACGCCAATT,0
CCTGCGTTTGTACTCT,0
CCTGCTAACTGGAGAC,0
CCTGCTACTTAATGTA,0
CCTGCTGACCCAAGAG,0
CCTGCTGCCCATCCGA,0
CCTGGAAAGGAAAAAT,0
CCTGGAACATTACAAC,0
CCTGGAACCAGCAAAT,0
CCTGGAATATAGAAGT,0
CCTGGAGCAAAAAATA,0
CCTGGATAAAACTCAA,0
CCTGGCAGAATAGAGA,0
CCTGGCGGTTATTCTA,0
CCTGGCGTCACTACAA,0
CCTGGCTCCACACATC,0
CCTGGGATCAGATAAC,0
CCTGGGCCTACCGGAG,0
CCTGGGCGGGCGTCTA,0
CCTGTAAACACTTCCT,0
CCTGTAACATAGAAAT,0
CCTGTACAGGACCTTC,0
CCTGTAGACAGTAATA,0
CCTGTAGTCACTACAG,0
CCTGTAGTTAGAGTAA,0
CCTGTATAAATCAACT,0
CCTGTATAAATTGCTC,0
CCTGTATGTGCTCATA,0
CCTGTATTAAGGCCTT,0
CCTGTATTAATTATAC,0
CCTGTATTAGATTATA,0
CCTGTCACGAATATAT,0
CCTGTCACTGTAAATA,0
CCTGTCCTTAGGAGAT,0
CCTGTCTACCTAGCAA,0
CCTGTGAAAGACTGCA,0
CCTGTGAACACGTCCT,0
CCTGTGCATACGCTAT,0
CCTGTGGCGTAATTAA,0
CCTGTGGTCAATATCC,0
CCTGTTAAAGACGCAG,0
CCTGTTAACGAACAAT,0
CCTGTTTGACCGAATG,0
CCTGTTTGGTGAGGAC,0
CCTTAAAAACAATCTG,0
CCTTAAAACATGATCT,0
CCTTAAACGAAATCAA,0
CCTTAAAGAAATGAAA,0
CCTTAAAGAGAAACTC,0
CCTTAAATATCATATA,0
CCTTAAATTGATTCGA,0
CCTTAACCAAAACTGA,0
CCTTAACCCATTCGAT,0
CCTTAACGCTAAGACG,0
CCTTAACTCCGACATT,0
CCTTAACTGGTGTGGA,0
CCTTAAGAAAAGTCGA,0
CCTTAAGCTAAACCGG,0
CCTTAAGTCCGAGTAC,0
CCTTAAGTCGCAGTGA,0
CCTTAAGTGAAAAATC,0
CCTTAATCACCTTAAT,0
CCTTACAAGGATGTTT,0
CCTTACAATTTGAACC,0
CCTTACACAATTTGTC,0
CCTTACAGCGACCGTC,0
CCTTACAGCTTATAAG,0
CCTTACAGGGGAATAG,0
CCTTACGAAGGCGCTC,0
CCTTACGAGGGCCAAA,0
CCTTACTACCAAATAA,0
CCTTACTATTCCACCC,0
CCTTACTCGAAGCTGA,0
CCTTAGAAACGCTGAA,0
CCTTAGTAAAAAGAAT,0
CCTTAGTGAAAACCTG,0
CCTTAGTGTTAAAAAG,0
CCTTATCCTACAGCCC,0
CCTTATCGGCATGTAC,0
CCTTATGCAATCCATT,0
CCTTATTCATGATAAA,0
CCTTATTTCCAAAGCC,0
CCTTCAAAGGAGATGT,0
CCTTCAACTATCACCC,0
CCTTCAACTCTATTTA,0
CCTTCAAGAGGATTTC,0
CCTTCAATCGCGCCTA,0
CCTTCAATTTATTCAG,0
CCTTCACCCGTTTGCA,0
CCTTCACGGACAATAC,0
CCTTCAGTGAGCTACC,0
CCTTCATGCCAATGCG,0
CCTTCCAAGGTAGAAC,0
CCTTCCACATGCACAG,0
CCTTCCACGGTTTAAA,0
CCTTCCATCAGCACAA,0
CCTTCCCGTACACTTA,0
CCTTCCGGACACAAAA,0
CCTTCCGGCAGCTGAC,0
CCTTCCTGGAAGTGAG,0
CCTTCGCGGTATATAA,0
CCTTCGGAGGTCCCCT,0
CCTTCGTTGAAACTCC,0
CCTTCTAAGAGTACTA,0
CCTTCTAATAGGACTG,0
CCTTCTAGTCGAAAAA,0
CCTTCTCATTGCTACG,0
CCTTCTCCATGTTCTA,0
CCTTCTCGATTAAACA,0
CCTTCTTACTATGTAA,0
CCTTGAAACGATATCG,0
CCTTGAAATCTGTCCA,0
CCTTGAACCCAGAAAC,0
CCTTGACAATACCCAG,0
CCTTGACAGGCTCAAG,0
CCTTGACGAATCCAAA,0
CCTTGACTATTAACAC,0
CCTTGAGACATATCAT,0
CCTTGAGGTAAATGAT,0
CCTTGATAACATAAAT,0
CCTTGATAATTGAGTT,0
CCTTGATATGCTACAT,0
CCTTGATATTAAATGA,0
CCTTGATCGGTTGACT,0
CCTTGCAATCTTGTTC,0
CCTTGCACACACGGAA,0
CCTTGCATAGTGTGAT,0
CCTTGCTATACGGTTG,0
CCTTGGAATATACCTG,0
CCTTGGATTTTTAAAC,0
CCTTGGCCGCTTCAGT,0
CCTTGGCGATAAAAAT,0
CCTTGGCGATCTGATA,0
CCTTGGGCAATCTAGG,0
CCTTGGGGCATGTGGT,0
CCTTGGGGGTGTTATC,0
CCTTGTAATTGAACCG,0
CCTTGTACAACCCAGC,0
CCTTGTCCACAATATG,0
CCTTGTGGTCGATATC,0
CCTTTAAAACATATGT,0
CCTTTAAAACGCGAAT,0
CCTTTAAGAGAAGTCC,0
CCTTTAAGTCCCCTTT,0
CCTTTACTTAAAGCTG,0
CCTTTAGCCACTATAC,0
CCTTTAGTAAACACCA,0
CCTTTATGCTGCATGT,0
CCTTTCAAAACACAGC,0
CCTTTCACGCTGTACT,0
CCTTTCCCAAGTATAT,0
CCTTTCGATGCGTATG,0
CCTTTCGCGAGTCGAG,0
CCTTTCGGAGCGAAGT,0
CCTTTCTACGGTATTC,0
CCTTTCTGTTCCCCGC,0
CCTTTGAACAAGCTAT,0
CCTTTGAATGAGTGTG,0
CCTTTGGAGCGGCTTA,0
CCTTTGGAGTCCGAGA,0
CCTTTGGCCGACCGCC,0
CCTTTGGGAACAGTTA,0
CCTTTGTAAACACTGA,0
CCTTTTACAGGATTTT,0
CCTTTTACCTACTATC,0
CCTTTTATCTATGCAA,0
CCTTTTCATGATTATA,0
CCTTTTCGAAGTCTAC,0
CCTTTTGCAAGATGCT,0
CCTTTTGTCCACTAAA,0
CCTTTTTAAGAACAGA,0
CCTTTTTCCACCTCTA,0
CCTTTTTGCCCAGTAG,0
CGAAAAAAAAAAAGCC,0
CGAAAAAAAACATAGT,0
CGAAAAAAAATAAACA,0
CGAAAAAAGTCTTAAA,0
CGAAAAAGAGCGTAGC,0
CGAAAAAGATTAACCT,0
CGAAAAATCTAGACGT,0
CGAAAACAAGCGCCAC,0
CGAAAACCACAAATCC,0
CGAAAACCTCTAATAA,0
CGAAAACTATAACCAG,0
CGAAAACTATGAGATC,0
CGAAAACTCACTGTTC,0
CGAAAACTTGACCATC,0
CGAAAAGATTGGTTGT,0
CGAAAAGTACAGAAAT,0
CGAAAATCATACATTT,0
CGAAAATGAAGCCTTT,0
CGAAAATGTCTAATCG,0
CGAAAATTATAATTTA,0
CGAAAATTGTGTGCAC,0
CGAAAATTTATCAATA,0
CGAAACAAATATCATA,0
CGAAACAACGTCAAGA,0
CGAAACAAGCTGTTCG,0
CGAAACACAAATGTTC,0
CGAAACAGTGACATAG,0
CGAAACATCAGCAAGA,0
CGAAACCAAAAAATTC,0
CGAAACGAGACGATCA,0
CGAAACGCTAACTATA,0
CGAAACGTATAGAATT,0
CGAAACGTATATTTGA,0
CGAAACGTCAAAATCC,0
CGAAACTCGTTGATCA,0
CGAAACTTACCGTGTT,0
CGAAACTTTACACATG,0
CGAAACTTTCTATGGT,0
CGAAACTTTGACACTA,0
CGAAAGAAAATCTCGA,0
CGAAAGAACGACACTA,0
CGAAAGAAGTTAACGA,0
CGAAAGAGATGCCGAA,0
CGAAAGATAGAAGCAG,0
CGAAAGATGAATAACC,0
CGAAAGCAGAAAAGAC,0
CGAAAGCTGGATGTTC,0
CGAAAGGGGCAGAACG,0
CGAAAGGTTTCCGTAA,0
CGAAAGTCAGGATGTG,0
CGAAAGTTAACACATG,0
CGAAATAAGTTATCCG,0
CGAAATACACTAATTG,0
CGAAATACATAATCGA,0
CGAAATACTATCCAAA,0
CGAAATAGATACTCAG,0
CGAAATAGTCCGCCTT,0
CGAAATAGTTTCCCTG,0
CGAAATATCAATGTAA,0
CGAAATATGAGTGCTG,0
CGAAATATTCCAGAAA,0
CGAAATATTGTCCAAT,0
CGAAATCAATTCACTA,0
CGAAATCACACCAGGA,0
CGAAATCATCCCGATT,0
CGAAATCCCCCTCGGC,0
CGAAATCCTGACTTAG,0
CGAAATCGAAAGCGTT,0
CGAAATCTTTAGCTTT,0
CGAAATGCAACACCCG,0
CGAAATGGCATGCCCT,0
CGAAATGTGGGTTATA,0
CGAAATGTTGAAAAAA,0
CGAAATGTTTAAACTA,0
CGAAATTAAAGCATCT,0
CGAAATTACATTATCC,0
CGAAATTATCAACGAG,0
CGAAATTATTTCAACC,0
CGAAATTGACCGATTA,0
CGAACAAACGACACAT,0
CGAACAAAGTTTACCA,0
CGAACAACTCAAATTG,0
CGAACAAGGAAAGTGA,0
CGAACAATATTAAAAC,0
CGAACAATCATAGGTG,0
CGAACAATGAATGAGA,0
CGAACACAAGCCAAAT,0
CGAACACAGTAGAACA,0
CGAACACCGAGTACGG,0
CGAACACTACACTATC,0
CGAACACTCTTATTCC,0
CGAACAGACACAATGC,0
CGAACAGACCTATAAT,0
CGAACAGATCAGAGCG,0
CGAACAGCACAACATC,0
CGAACAGTAACAAAAA,0
CGAACATAAGCTCTAA,0
CGAACATACTCGTGGC,0
CGAACATAGTTGTCCT,0
CGAACATTGAAACACG,0
CGAACCAAGCCCAGTT,0
CGAACCAAGCGAACGT,0
CGAACCAGAATAACTA,0
CGAACCCATTGCTTCT,0
CGAACCCCTTCTTTCA,0
CGAACCCTTAACGAGT,0
CGAACCGACTAAGAAC,0
CGAACCGAGTATCCGT,0
CGAACCGATCATAAAT,0
CGAACCGCACTGGTTT,0
CGAACCGCTAAGTGTG,0
CGAACCGCTCTAAACG,0
CGAACCGTTATATGCA,0
CGAACCTATTCCCTAC,0
CGAACCTCAAAAAGTG,0
CGAACCTCGAACGATC,0
CGAACCTCTCGGATTC,0
CGAACCTTACTCGTAA,0
CGAACGAAATCATAAA,0
CGAACGATAATTTATA,0
CGAACGATCAAGGACC,0
CGAACGATTAGGGAAT,0
CGAACGCACCCACCTG,0
CGAACGCCTCTAACAG,0
CGAACGCGCTGTATCC,0
CGAACGCTGCGTTACA,0
CGAACGGTGCTTATCC,0
CGAACGTCCACCTCAA,0
CGAACGTTAGGAATTA,0
CGAACGTTTTCCTTAA,0
CGAACTAAACGGAGCC,0
CGAACTAACGAGTAAC,0
CGAACTACCAAAGCGG,0
CGAACTACTTGCTAAA,0
CGAACTAGGCTTTCAT,0
CGAACTAGGTCAACAG,0
CGAACTATCCAGGATG,0
CGAACTCAATCGCTAC,0
CGAACTCAATTATCAA,0
CGAACTCACTACATTT,0
CGAACTCATAAATTAA,0
CGAACTCATAACATTA,0
CGAACTCGCAAGCATC,0
CGAACTGATTAGATAT,0
CGAACTGTGAGAATTC,0
CGAACTGTGCGCTAAG,0
CGAACTTAAGTTGAAC,0
CGAACTTACAATAAAT,0
CGAACTTACAATTTGG,0
CGAACTTACACCGTAC,0
CGAACTTACATTTAAT,0
CGAACTTGAACCTGAT,0
CGAACTTGAATTTGGG,0
CGAACTTGGAAAATGA,0
CGAACTTTCCGATATA,0
CGAAGAAAAAATCGAA,0
CGAAGAAAATACTTAA,0
CGAAGAAACAACCATG,0
CGAAGAAATATCGGAC,0
CGAAGAACATCATTAC,0
CGAAGAACTCAGAACC,0
CGAAGAAGAGCAAAAT,0
CGAAGAAGTGCGTATT,0
CGAAGAAGTTGGACAA,0
CGAAGAATACAGGGGT,0
CGAAGAATCATTCCTG,0
CGAAGACAACCAATCT,0
CGAAGACCTGTCGAAG,0
CGAAGACGTACAAAAA,0
CGAAGACTGGGAATAA,0
CGAAGACTGTTCACAT,0
CGAAGAGCAACTCCGG,0
CGAAGAGCAAGTATGG,0
CGAAGAGTACTTAGCC,0
CGAAGATAGAACGCTT,0
CGAAGATCACTAAAAT,0
CGAAGATCTCATAAGC,0
CGAAGATGCGTCATAT,0
CGAAGATTAAGCACTT,0
CGAAGCAAATGGCGTG,0
CGAAGCACAATATGAG,0
CGAAGCAGAATCATGC,0
CGAAGCAGCGATAATA,0
CGAAGCATAGACTAGT,0
CGAAGCATCGTTTTAC,0
CGAAGCATCTTGACAT,0
CGAAGCATGATAACAT,0
CGAAGCCTGTTTGACC,0
CGAAGCTTAACTGAAT,0
CGAAGGAATCTTAAAT,0
CGAAGGACATGTAAAT,0
CGAAGGATAAATATTA,0
CGAAGGATTTGTAGCC,0
CGAAGGCCGTTAATTA,0
CGAAGGCGACTAATTC,0
CGAAGGGAATCACTAC,0
CGAAGGGATCGTTACA,0
CGAAGGTACTACACAG,0
CGAAGTAACTACAATA,0
CGAAGTATACTTCCTC,0
CGAAGTCAACGAGCAT,0
CGAAGTCTCAGTGTGT,0
CGAAGTCTCTAGAGTA,0
CGAAGTCTGCCCGTAT,0
CGAAGTCTGTATCCTC,0
CGAAGTGCAGACCTGT,0
CGAAGTGGGATGACTT,0
CGAAGTGTAATTGTCA,0
CGAATAAAAAATAAAG,0
CGAATAAAGCACCCAA,0
CGAATAACCGAAAAAA,0
CGAATAAGATACTGTG,0
CGAATAAGCCGCATTA,0
CGAATAATAAACTTAA,0
CGAATAATGAGACGAT,0
CGAATACAAGAGGTAC,0
CGAATACAAGGCCCGC,0
CGAATACAGAGATTAT,0
CGAATACATATATTGC,0
CGAATACTGAGTATAA,0
CGAATAGAACATGACG,0
CGAATAGAACTAATTT,0
CGAATAGCCACCCAAG,0
CGAATATAGGAAACCT,0
CGAATATATAGCACAC,0
CGAATATATATAATTT,0
CGAATATCAAAATCCT,0
CGAATATCACATACCA,0
CGAATATGAGATATAC,0
CGAATATGCATAAAAG,0
CGAATATGTAGGTTCC,0
CGAATATTTAGAAAAT,0
CGAATCAGAATAAGAA,0
CGAATCAGATTTCTTA,0
CGAATCAGCCTAATAT,0
CGAATCCAGAGAATTA,0
CGAATCCCACTTTAGA,0
CGAATCCCGGACTAGA,0
CGAATCCTTTTTTGCA,0
CGAATCGCTCCTAAAC,0
CGAATCTATGAGTATA,0
CGAATCTTATAAAAGG,0
CGAATGAATCCGACCC,0
CGAATGAGTTGAGTAT,0
CGAATGATTATACAAC,0
CGAATGCATAGTACTA,0
CGAATGCCGATCTCAG,0
CGAATGTACTGGTCTG,0
CGAATGTATATACCGG,0
CGAATGTCTAACACTG,0
CGAATGTTCAAGAATT,0
CGAATGTTCCAATTTA,0
CGAATTAAAGTAAAAT,0
CGAATTATAGGGACAG,0
CGAATTCATAGACAAA,0
CGAATTCTATGCTAAT,0
CGAATTCTGCTAATGC,0
CGAATTGAACTCAAAC,0
CGAATTGTAAAACGTA,0
CGAATTTAACTAGTAT,0
CGAATTTCGGAGGTTG,0
CGAATTTCTGGAATAA,0
CGAATTTGTTATACAT,0
CGAATTTTGTCTCCAT,0
CGACAAAACAAACAAC,0
CGACAAAAGATCGGCC,0
CGACAAACCTTTTACT,0
CGACAAAGCCAACGAA,0
CGACAAAGCCTCGAAC,0
CGACAAATAGAAGACA,0
CGACAAATATCGAGAA,0
CGACAAATTGTTATGA,0
CGACAACATAGCTCTC,0
CGACAACCGTTATGAC,0
CGACAAGACCCAATAT,0
CGACAAGTCACACAGG,0
CGACAATAACAACAAA,0
CGACAATGAATATCGT,0
CGACACAATCAAACAA,0
CGACACAATCGTCATA,0
CGACACACGAAGATCG,0
CGACACAGAAATAAGT,0
CGACACAGAAGCCTTT,0
CGACACATTAGTTAGG,0
CGACACCAAACTCACC,0
CGACACCCAAACAATG,0
CGACACCCCACCTCCT,0
CGACACCCGTGAAATA,0
CGACACCTCCGTAATA,0
CGACACGGTATCTGAC,0
CGACACTCCATAGAAT,0
CGACACTTAGAATTAA,0
CGACAGATCCATAATG,0
CGACAGATGCCCTGCT,0
CGACAGCAAACAAAAA,0
CGACAGCAAACCATTG,0
CGACAGCCACATCCTA,0
CGACAGCCTACTGTTT,0
CGACAGCCTATCTCTA,0
CGACAGCTACTCACGT,0
CGACAGCTTACAAAAG,0
CGACAGTTCTGGCACT,0
CGACAGTTGGAGCGCA,0
CGACATAATACCGGCA,0
CGACATAGCAACAAAA,0
CGACATATGTGTACTT,0
CGACATATTTCATATC,0
CGACATCCACACCAAT,0
CGACATCCCCTTGATC,0
CGACATCTGGACGCCC,0
CGACATGAGTCCCCAA,0
CGACATGCCGCCTGTG,0
CGACATGCCTATATGT,0
CGACATTAAATTCTTT,0
CGACATTACGGCGGGG,0
CGACATTCTGATGGTT,0
CGACCAAAATCCAGAA,0
CGACCAAACTCCTCGG,0
CGACCAAACTTCAAAT,0
CGACCAAAGCCCCTTA,0
CGACCAACATTGAAGC,0
CGACCAAGAATCACAA,0
CGACCAGTGACCACAA,0
CGACCATAATGACGTT,0
CGACCATAATTCAAAC,0
CGACCCACTCATAGGC,0
CGACCCAGAGTCAACA,0
CGACCCAGTCAAAAAA,0
CGACCCCAAAGCCACA,0
CGACCCTAAGATGCAT,0
CGACCCTATATGGCAT,0
CGACCGACTAATATTT,0
CGACCGAGAGCAGTAT,0
CGACCGAGTGGGTCGG,0
CGACCGAGTTATCTGT,0
CGACCGCAAAGGCTAT,0
CGACCGCAATTAGACG,0
CGACCGGACGACATTG,0
CGACCTAACAACGTAA,0
CGACCTAGCAGAAAGT,0
CGACCTAGGAACTACC,0
CGACCTAGGCTGAACA,0
CGACCTCAAATCCCGT,0
CGACCTCCTAAACTTC,0
CGACCTGGACCCACAA,0
CGACCTGTAACCCAAT,0
CGACCTTGTAACAAGC,0
CGACCTTTTCAACTTA,0
CGACGAAATAAAAATT,0
CGACGAAGACCGGATT,0
CGACGAAGTCGAACAA,0
CGACGAATTAGTTATT,0
CGACGACACATTACAA,0
CGACGATGAGCTTTGA,0
CGACGATGATGTTGAC,0
CGACGCAACATGTAGA,0
CGACGCACTCTTGCCA,0
CGACGCATCAAATCTA,0
CGACGCCCTTGGTATG,0
CGACGCGAACCCTAAG,0
CGACGCGATAAAATTG,0
CGACGCGGTGCGAAAC,0
CGACGCTGTTCCGTGG,0
CGACGGATAACGAAAG,0
CGACGGGTATCAATTA,0
CGACGGTATGCTAAAA,0
CGACGTAAAGTGGATG,0
CGACGTATACTAGGGG,0
CGACGTGAATAACTGC,0
CGACGTGCATCATGTG,0
CGACGTGTTCGCGACG,0
CGACGTTAATACGACT,0
CGACGTTAATTTCGCG,0
CGACTAAAATTGAAAT,0
CGACTAAACAAGATTA,0
CGACTAAATCAATAAT,0
CGACTAACAGATTAAA,0
CGACTAACAGTGCACT,0
CGACTAACGTTTGCGA,0
CGACTAATAGCTTACG,0
CGACTACGTCAATGAA,0
CGACTAGCCAAAAAAG,0
CGACTATAAACATGAT,0
CGACTATAATCGTTCA,0
CGACTATGGAGAAAAA,0
CGACTCAACAAAAGTA,0
CGACTCACAAATATCT,0
CGACTCACTAAGTAGT,0
CGACTCAGAACACAGG,0
CGACTCAGGATATACC,0
CGACTCCCCTTCGGTA,0
CGACTCCCGCCGCCCT,0
CGACTCCCTACTACAA,0
CGACTGATCCAAAAGT,0
CGACTGCAAATGTGAC,0
CGACTGCAATTTAGGT,0
CGACTGCTATCACCCG,0
CGACTGGCTAAGAATT,0
CGACTGTAAAAAAAAA,0
CGACTGTAAAATATCT,0
CGACTGTAAGTCACTC,0
CGACTTAAACATATCT,0
CGACTTAAGTACATGT,0
CGACTTAGTACTGTCA,0
CGACTTCATACTTACG,0
CGACTTCCAAATCCTA,0
CGACTTCCACTTGAGT,0
CGACTTCTACTCCTAG,0
CGACTTGTAACCTAGC,0
CGACTTTTGGTCAATT,0
CGAGAAAAGTGATTGA,0
CGAGAAACTATATAGC,0
CGAGAAACTCATACTA,0
CGAGAAATATAAGCTA,0
CGAGAAATATTAAGAT,0
CGAGAACAAAATCTTC,0
CGAGAACAACTTTTTT,0
CGAGAACAATACATGT,0
CGAGAACCATATATAC,0
CGAGAACGCTTATATT,0
CGAGAAGAAACCCACC,0
CGAGAAGAACTACAAT,0
CGAGAATACGCAGGGT,0
CGAGAATAGGAATCGC,0
CGAGAATAGGACCTCT,0
CGAGAATCCTGGTACA,0
CGAGAATCTGATGATC,0
CGAGAATTCCGGACAC,0
CGAGAATTTATATTCT,0
CGAGACATAAGTTAAG,0
CGAGACATACACAATT,0
CGAGACCACCTGCATA,0
CGAGACCAGTAAATGG,0
CGAGACCGTGGGACAA,0
CGAGACGCTGGACGTG,0
CGAGACTATGTTAATG,0
CGAGACTCACCAATAC,0
CGAGACTTATGGAAAA,0
CGAGACTTATTGATGT,0
CGAGAGAAACTAGGAT,0
CGAGAGACCTATAGTG,0
CGAGAGCAAACGACAA,0
CGAGAGCAAGCGACCT,0
CGAGAGCACAAGAAAT,0
CGAGAGCACGCCGCTT,0
CGAGAGCCCGGGGTTT,0
CGAGAGCTAAATAGGC,0
CGAGAGGAACAAAAAT,0
CGAGAGTAACTGACTA,0
CGAGAGTCATGCGAAA,0
CGAGATAAAGCAAAAG,0
CGAGATAAAGGATGTG,0
CGAGATAACGAGAAAT,0
CGAGATAACTCATCTC,0
CGAGATAATTACCTGT,0
CGAGATAGAAAACAGA,0
CGAGATAGTACGCAAT,0
CGAGATAGTCCAAAAA,0
CGAGATTTCAAAAATG,0
CGAGCAATAATGACAT,0
CGAGCACACCTTGGAG,0
CGAGCACCAACGTGTT,0
CGAGCAGAGGGTCCCA,0
CGAGCAGTTCCCTATT,0
CGAGCAGTTTTAACAG,0
CGAGCATATATAAAGC,0
CGAGCATGCTCGCCAG,0
CGAGCCAAAATGAATT,0
CGAGCCACACAAAAAA,0
CGAGCCAGCAGAGGAC,0
CGAGCCCACCGCCATT,0
CGAGCCCCCCTCACTC,0
CGAGCCGATGATTGAC,0
CGAGCCTAAATCTGGC,0
CGAGCGAACGATAAAA,0
CGAGCGGGAGACTGTC,0
CGAGCGTAGACGCTCA,0
CGAGCGTAGTAGTGGA,0
CGAGCTAAAATAACTG,0
CGAGCTAAAGTCCGCT,0
CGAGCTACAAACCCAT,0
CGAGCTATACTCGACA,0
CGAGCTCACTCAAGTA,0
CGAGCTCCGCGACTGT,0
CGAGCTCGCCTGTTCA,0
CGAGCTGGGGAAATTG,0
CGAGCTGTATATTGGG,0
CGAGCTTCACCAAAAT,0
CGAGCTTGCACGAGCC,0
CGAGCTTTACCAGTGG,0
CGAGCTTTTCCAAAAA,0
CGAGCTTTTTGTACTT,0
CGAGCTTTTTTAAAAG,0
CGAGGAAATTAAAACA,0
CGAGGAACACCGCGTT,0
CGAGGAACCAGGCGAA,0
CGAGGAATTCATGCGG,0
CGAGGACGGCCTGCAT,0
CGAGGAGCCACCTGGA,0
CGAGGATAGCGAAAAC,0
CGAGGATATAAAGAAG,0
CGAGGATCACTAAAAC,0
CGAGGCAACCTAGTTT,0
CGAGGCACAGAAGAGC,0
CGAGGCACCATAAGCA,0
CGAGGCAGAGAATATA,0
CGAGGCCCTCAGTGAC,0
CGAGGCTGCCCAAAAT,0
CGAGGGGGGCCCGAAT,0
CGAGGGTAACCCTACG,0
CGAGGTAAAAATACAC,0
CGAGGTAGAAATTTTA,0
CGAGGTCAACTCGATC,0
CGAGGTCGAGAAAAGT,0
CGAGGTTCCTAGCAAT,0
CGAGGTTCTCACGAAG,0
CGAGTAAAACGGCGTC,0
CGAGTAAATGAAGTAC,0
CGAGTAATAAGAGAAA,0
CGAGTAATATGACTTA,0
CGAGTAGAAACTCTGA,0
CGAGTAGCCACTAAAC,0
CGAGTATCAAATCCAT,0
CGAGTATCTCCCCAAA,0
CGAGTATCTGATTGTC,0
CGAGTATTACTAGGCT,0
CGAGTCAACTACAATC,0
CGAGTCAAGCAACCCT,0
CGAGTCATAGAATGTT,0
CGAGTCCAGAGATAAC,0
CGAGTCGATCGGCGAG,0
CGAGTCGCTGGTACAG,0
CGAGTCTAGTTTCGAG,0
CGAGTCTTGGAATTGT,0
CGAGTCTTTTTATAGG,0
CGAGTGCCCTCCCCTA,0
CGAGTGCGGCAGTCCG,0
CGAGTGCTACAATCCT,0
CGAGTGGAATTCTGCA,0
CGAGTGGTTTAATGTA,0
CGAGTGTAGTACACCT,0
CGAGTGTTTTCGCACA,0
CGAGTTAAATTAATTG,0
CGAGTTACACTTATAA,0
CGAGTTGGAACTTAGG,0
CGAGTTTAAGACTGCA,0
CGAGTTTAAGTAAGAC,0
CGAGTTTACCAATAAA,0
CGAGTTTCCTGTTTCC,0
CGAGTTTTTAGGGACC,0
CGATAAAAGTATGGGG,0
CGATAAAATTTATGGT,0
CGATAAACACGCCAAC,0
CGATAAACAGCTTTAT,0
CGATAAACTGTAGGTG,0
CGATAAAGTAGCTCCA,0
CGATAAATCGTACCAA,0
CGATAACCATTAATGC,0
CGATAACGTAAGATAA,0
CGATAACTCAATCCTT,0
CGATAAGAAAGAATAC,0
CGATAAGCAACGGCCA,0
CGATAAGCATACTATC,0
CGATAATAACCCAAGA,0
CGATAATAACCCTTAT,0
CGATAATAATCTAGTT,0
CGATAATACAAAGATA,0
CGATAATACCAAAATG,0
CGATAATCTATTAATA,0
CGATAATTAAGTTTAA,0
CGATAATTGAAGTCCG,0
CGATACAAAAACACCC,0
CGATACAAAACTGAAA,0
CGATACAAAAGATAAG,0
CGATACAACGAAGCGG,0
CGATACACTAGAAAAC,0
CGATACATATCAGTCC,0
CGATACATATCGTCCC,0
CGATACATTCGAGAAA,0
CGATACATTCTAAGCG,0
CGATACCAAGCCTATC,0
CGATACCAGATATTTT,0
CGATACCCCTGCTATA,0
CGATACCCGCAAGTAC,0
CGATACCTCACGCATG,0
CGATACGACGTAGTTC,0
CGATACGGTTCTAGAA,0
CGATACTAAAAATACC,0
CGATACTATAAATTGG,0
CGATACTCACTTATAT,0
CGATAGAAGGACTCTT,0
CGATAGACCAAATGAT,0
CGATAGGACGAGCGGC,0
CGATAGGGCTTCAACG,0
CGATAGGTACAGCTTC,0
CGATAGTAATATAAAA,0
CGATAGTACAAGCTCC,0
CGATATAACGCAGGAA,0
CGATATAAGCGGCCTA,0
CGATATAAGTAATACG,0
CGATATAATATGCGAG,0
CGATATAGACTATATC,0
CGATATCACAGAAAAA,0
CGATATCCAAGAACAA,0
CGATATCCAGGAATGT,0
CGATATCCCAGACCAC,0
CGATATCCTGAATAAA,0
CGATATCTTGTATTCA,0
CGATATGCAGATTGCC,0
CGATATGGCAGTGTTT,0
CGATATGTTATCCATG,0
CGATATTAAGCAACAA,0
CGATATTATGCGGGAG,0
CGATATTGATGATAAT,0
CGATATTTCTTCGTTC,0
CGATATTTTTTACGTA,0
CGATCAAGAGGAACCG,0
CGATCACAATTACATC,0
CGATCACATTGAGGAA,0
CGATCACCCACTAGAA,0
CGATCACTTACCAACC,0
CGATCAGAAATGAAAT,0
CGATCATATAGTACTT,0
CGATCATTATAGTACA,0
CGATCCATATATACAA,0
CGATCCCACAATTTTT,0
CGATCCCATACAATCT,0
CGATCCCCCATGGACA,0
CGATCCCCTTTGATGA,0
CGATCCCTAAAGCGCA,0
CGATCCCTCTAAGTCT,0
CGATCCGTAGGTAACA,0
CGATCCTTTTCGCTCC,0
CGATCGCATTTACTGG,0
CGATCGCTGCACGAGG,0
CGATCGGAAAACATAC,0
CGATCGTAACTTAACT,0
CGATCGTCAACTGAAC,0
CGATCGTGACACCTTT,0
CGATCTAAGCGTTGGA,0
CGATCTACCAGGACTA,0
CGATCTACGAACTGGA,0
CGATCTACTAACCAAT,0
CGATCTATACTATCAC,0
CGATCTATGTGTGTTA,0
CGATGAAAAAAAAAAA,0
CGATGAATCCAAAATC,0
CGATGAATTGGTCTAC,0
CGATGACAAAGATCAA,0
CGATGACATTATATGA,0
CGATGACCAGTGGGCC,0
CGATGACCCAGTTTAA,0
CGATGAGAAAGAAAGG,0
CGATGAGACAAAAGCG,0
CGATGAGACGCTAAAA,0
CGATGAGAGGACCAGT,0
CGATGATAATAGAATA,0
CGATGATACGCGTTAC,0
CGATGATCTAAATGCT,0
CGATGATGCATCTACG,0
CGATGCAAAGCGGTAA,0
CGATGCAGACACTTTA,0
CGATGCATAGTGACAA,0
CGATGCCAAAAGATCG,0
CGATGCCACTCATTAT,0
CGATGCCATTCCAAAG,0
CGATGCCCAAAACTAA,0
CGATGCCGAAGCTGTG,0
CGATGCCTACTAAAAG,0
CGATGCGAAATAAGTG,0
CGATGCGATATTGGGA,0
CGATGCGCACTGCGCT,0
CGATGCGCAGAACTGA,0
CGATGCTACCCTCTAA,0
CGATGCTTGACATAAT,0
CGATGGAGGACGGTCA,0
CGATGGCATGCGCCTA,0
CGATGGCGGAGTAAAA,0
CGATGGCTAGACACCA,0
CGATGGGAAGAGTTGC,0
CGATGGGGACAATGAA,0
CGATGTAACTAATGAA,0
CGATGTAAGCATCCAA,0
CGATGTAATGCTAGTC,0
CGATGTCTTTGGCTGA,0
CGATGTGACGAATCAT,0
CGATGTGCAGTCACCA,0
CGATTAAACGCCACAA,0
CGATTAAAGGTTCTGC,0
CGATTAACAAACCCAT,0
CGATTAAGAACTGGCG,0
CGATTAAGATGCTAAC,0
CGATTAATACAAATTC,0
CGATTACAACCTGAAT,0
CGATTACACTTTTGAG,0
CGATTACAGCTGTTAA,0
CGATTACCTAACTGAA,0
CGATTACCTTGCAATG,0
CGATTACGCGCAGAGA,0
CGATTAGAAAGGTAAC,0
CGATTAGATAAAAGCC,0
CGATTAGTGCAGCATA,0
CGATTATGTAATTAGG,0
CGATTATTATCTGATG,0
CGATTCACCACGAACC,0
CGATTCCCAACTCCTA,0
CGATTCCCCGTACCTT,0
CGATTCCCGATGACAA,0
CGATTCCGATATGGAA,0
CGATTCCGCACGATAG,0
CGATTCTGGCATCAAA,0
CGATTGAATACCAATA,0
CGATTGACCTATAAAC,0
CGATTGCCATCTTGTA,0
CGATTGCTAACGTTCC,0
CGATTGGAGTTGCGCC,0
CGATTGGCACTTTCAA,0
CGATTGTAATAAGCCG,0
CGATTGTACTCATGTG,0
CGATTTAAAATTAGAT,0
CGATTTAGGCTTTATT,0
CGATTTCCAATTATAG,0
CGATTTGAAGGTGTAA,0
CGATTTTAAGTACACG,0
CGATTTTTGAGTGAGA,0
CGCAAAAAGTATGTAA,0
CGCAAAAATAAGAACG,0
CGCAAAAATTAATTTA,0
CGCAAAACAACTAGTC,0
CGCAAAATGTGAAGAT,0
CGCAAACAAAAGAAGT,0
CGCAAACAACTCAGTA,0
CGCAAACATGATAACA,0
CGCAAACCTACAAATT,0
CGCAAAGAATCCTTTA,0
CGCAAAGACAAAATAT,0
CGCAAAGTTTCCAGGT,0
CGCAAATAAATAGGCA,0
CGCAAATACCAGGTAG,0
CGCAAATAGCAAATAA,0
CGCAAATAGTTAAGTT,0
CGCAAATCCACAGACC,0
CGCAAATGAAGTAACA,0
CGCAAATGACATATCC,0
CGCAACAAAACGACAC,0
CGCAACAGTAGAAAAT,0
CGCAACATATTACTTC,0
CGCAACATGCGCCGTA,0
CGCAACCACCACTAAA,0
CGCAACCAGGCTTACA,0
CGCAACCCTCTGAATT,0
CGCAACCGGATGACTG,0
CGCAACGCACGCGTCA,0
CGCAACGTCGAATACA,0
CGCAAGACCTCTATAT,0
CGCAAGAGCAGAATAA,0
CGCAAGATTAGCAAAA,0
CGCAAGATTCACAGAT,0
CGCAAGCACGAAAGCG,0
CGCAAGCGGATGATTC,0
CGCAAGGCGTTGTCTG,0
CGCAAGGTAATCAATT,0
CGCAAGGTCAGAAAAG,0
CGCAAGTCTATTAAAA,0
CGCAAGTTCTACACAC,0
CGCAATAAATACTACA,0
CGCAATCACTCCTGAT,0
CGCAATGAAGCGTGCC,0
CGCAATTCTCAATGCC,0
CGCACAAGATTCGGAT,0
CGCACAAGTCCACTAA,0
CGCACACTGAAAGGAT,0
CGCACAGGCAATCCTT,0
CGCACAGTCTAGCTAA,0
CGCACATACTGATACT,0
CGCACATCGCGACCAC,0
CGCACCAAAAACAAAA,0
CGCACCAACAGAGTGT,0
CGCACCATAGCTGCGG,0
CGCACCCCATACTACA,0
CGCACCCGCTACACAA,0
CGCACGAAGCGACACG,0
CGCACGACCATTGCCC,0
CGCACGTGAATGAAAT,0
CGCACTACAAGGTTAA,0
CGCACTACACGGAAAT,0
CGCACTATCCTAGTAT,0
CGCACTGATAGAATAC,0
CGCACTGGAATTTCCC,0
CGCAGAAATCAAAAAC,0
CGCAGAAATCCGAAAT,0
CGCAGAACACAAGTAA,0
CGCAGAACCCAAATAT,0
CGCAGAACGTTCAAGA,0
CGCAGAATTTTAAACA,0
CGCAGAGATCTCTGAC,0
CGCAGATATGACACTG,0
CGCAGATCAGACACCC,0
CGCAGATTAACTTATC,0
CGCAGCACGTATTTGC,0
CGCAGCATAAGTCTAT,0
CGCAGCATGTCATCAA,0
CGCAGCCAGCCTCTGT,0
CGCAGCGCCATTAGGG,0
CGCAGCGCGATCCAGA,0
CGCAGGAAACTAGACC,0
CGCAGGCCATACCAAG,0
CGCAGGCCTAGGATCT,0
CGCAGGGCACCTTGAC,0
CGCAGGTCGGATGGGT,0
CGCAGGTTTACTGCCA,0
CGCAGTACATACAAGT,0
CGCAGTACGTAATATA,0
CGCAGTGAGTGTTGCA,0
CGCAGTGCTCTACAAC,0
CGCAGTGTTGTGATAC,0
CGCATAAAGATTATTT,0
CGCATAAATAAACTAC,0
CGCATAAGAGCTCATA,0
CGCATAATGGTTAGAA,0
CGCATAATTTAATTCC,0
CGCATACACAAGTCAG,0
CGCATACCAATGGAAA,0
CGCATACGTAAAGGCA,0
CGCATACTTAGTACTA,0
CGCATACTTCTAAAAC,0
CGCATACTTTGAAGCA,0
CGCATAGTGCCACATC,0
CGCATATAATTAGTCT,0
CGCATATCTCATAACA,0
CGCATATTGAAAAGTG,0
CGCATATTTATAAACC,0
CGCATCCAAAGGAAAA,0
CGCATCCAAGTGAAAG,0
CGCATCCATACTTCCT,0
CGCATCGAATCTGTAC,0
CGCATCGATGCGCACT,0
CGCATCGTAAATCCAG,0
CGCATCGTTATCAGAC,0
CGCATCTAGCATGGGG,0
CGCATCTTTACGCGAG,0
CGCATGAAGATCGTAC,0
CGCATGAGCAAACCTA,0
CGCATGATCAATAGTT,0
CGCATGCGGGAGGACA,0
CGCATGTAAAAAACCA,0
CGCATGTGTAATTGAA,0
CGCATTAACTAATCAA,0
CGCATTAAGCTTCCCA,0
CGCATTACCAATCTCT,0
CGCATTACTCAAATGA,0
CGCATTATCTGCGGCA,0
CGCATTCCTGGTTGCA,0
CGCATTCTGAACCTAG,0
CGCATTCTTCAATTGC,0
CGCATTTCATTCAACG,0
CGCATTTTAACCATAG,0
CGCCAAACGTTCAAAC,0
CGCCAAACTCCTTAAA,0
CGCCAAATTCATAACC,0
CGCCAAATTCGTAAAC,0
CGCCAACAGAGTACTA,0
CGCCAAGCTAATGTAC,0
CGCCAAGTAATTTCAT,0
CGCCAATGTTACAACC,0
CGCCACACACTTAGTT,0
CGCCACCATCCTATCG,0
CGCCACCTAGCGAAAA,0
CGCCACGTTCCGACTA,0
CGCCAGAATCTATCTC,0
CGCCAGAGGATGCTGT,0
CGCCAGCTAAATACAG,0
CGCCAGTCTATCACTT,0
CGCCATAGAGCGCAAT,0
CGCCATATTACAACTG,0
CGCCATCATTTCGACT,0
CGCCATCGCCCGAAAA,0
CGCCATCTCTGCAGGT,0
CGCCATTTATAAAAAT,0
CGCCCAATAACCTATG,0
CGCCCAATACTGTGAA,0
CGCCCAGACCTTCGCC,0
CGCCCAGGACTGACCC,0
CGCCCATTGACAGCTT,0
CGCCCATTTAGACGGT,0
CGCCCCGTTTAAATGC,0
CGCCCCTATCACCGCA,0
CGCCCCTGGCAATCGA,0
CGCCCGACTGAAAGAG,0
CGCCCGATACAGAACA,0
CGCCCGTTAGTCACCA,0
CGCCCGTTGTTCAAAT,0
CGCCCTAAGTAACTCA,0
CGCCCTCACAAACACC,0
CGCCCTTCCCCTTATT,0
CGCCCTTCTAGAAACC,0
CGCCGAACAAGAAACC,0
CGCCGAATCCAAAATA,0
CGCCGAATGGACGGTA,0
CGCCGATATGTATAAT,0
CGCCGCTCCTTCAGGT,0
CGCCGGATCTTTATTC,0
CGCCGGTGGCCATGAA,0
CGCCGGTGTACAGACA,0
CGCCGTACAAAAAAAG,0
CGCCTAACATAGATTA,0
CGCCTAAGGTGGTTAT,0
CGCCTACACGCCAATT,0
CGCCTAGCGATTCAGC,0
CGCCTAGGAATAAGAG,0
CGCCTAGTTAACAAAT,0
CGCCTATGAAATAAAT,0
CGCCTCACAAAGCGCT,0
CGCCTCCACTCACCCC,0
CGCCTCCCTCCAAAAA,0
CGCCTCTTCGACTATA,0
CGCCTGACACCTGAAT,0
CGCCTGAGTTATAGGC,0
CGCCTGATAGAGTTAA,0
CGCCTGGGAGGGAATA,0
CGCCTTAAATATGGAT,0
CGCCTTAACAGGACGA,0
CGCCTTACAGAAAATA,0
CGCCTTATTGATATTC,0
CGCCTTCAATCAATTC,0
CGCCTTCACAAGTCAT,0
CGCCTTCACTCCCTCT,0
CGCCTTCTCATAACAT,0
CGCCTTTGGTCTGGCC,0
CGCCTTTTGTATTCTT,0
CGCGAAAAATAATATG,0
CGCGAACGCTGTACAT,0
CGCGAATACAACCATA,0
CGCGAATCTCACGAGA,0
CGCGAATGTACACTTA,0
CGCGACAATTAAGTAA,0
CGCGACACGAAAATAT,0
CGCGACCTCTAGCATG,0
CGCGACTTTTATATAA,0
CGCGAGAAGCAGCTCA,0
CGCGAGACCGGCGCAT,0
CGCGAGACCTTCATAA,0
CGCGAGATTGTTAAGT,0
CGCGAGCACACGAAAA,0
CGCGATAAATCACAAT,0
CGCGATAAGAAATGAT,0
CGCGATACCAAAAAGA,0
CGCGATCCCACTGATA,0
CGCGATTAATGAGTAC,0
CGCGATTACCATTGAT,0
CGCGCAATAGTCTGAT,0
CGCGCAATATCAATGG,0
CGCGCACCATTAAGGC,0
CGCGCAGCTGTTTAAA,0
CGCGCAGTCGGACTTC,0
CGCGCCATCAGATCCC,0
CGCGCCCACGTCGAAC,0
CGCGCCCTACCAATGA,0
CGCGCCTAACAAACAT,0
CGCGCCTCGAGATGCA,0
CGCGCGAAGCCGCAAA,0
CGCGCGAATCTGGAGT,0
CGCGCGACATAATGAA,0
CGCGCGCAAGGCTTCT,0
CGCGCGTATAGCATAA,0
CGCGCTAGCCAATCTA,0
CGCGCTAGCTGACTAG,0
CGCGCTATTGACTTAG,0
CGCGGAGAATCGTATG,0
CGCGGATCCAACGAGA,0
CGCGGCAGCCTAGTCC,0
CGCGGCATCTTGCATA,0
CGCGGGTAGCCAGTAA,0
CGCGGGTTAAATGAAC,0
CGCGGGTTTCGAACAT,0
CGCGGTCCAAACGGCA,0
CGCGTAAAAATTAGTC,0
CGCGTAAACGCAGGGT,0
CGCGTACATGTACCCT,0
CGCGTACTTTACCCCT,0
CGCGTAGTTTATACGC,0
CGCGTATAACAATGTT,0
CGCGTCAACTAATAAT,0
CGCGTCATAGCCAACG,0
CGCGTCTACAAACCGT,0
CGCGTGAAATGATTAT,0
CGCGTGTCCAAACAAG,0
CGCGTTAATCTAACCT,0
CGCGTTATGTATCAAT,0
CGCGTTCAACTAGTTC,0
CGCGTTCTTAAGAGCC,0
CGCGTTGTAATTGAAT,0
CGCGTTGTTGCTTTTG,0
CGCGTTTTAACCAGGA,0
CGCTAAAAAAGTGTAA,0
CGCTAAAAGAACCCTC,0
CGCTAAAAGAGCTAGA,0
CGCTAAAAGCACTCAC,0
CGCTAAAATAACAAAT,0
CGCTAAAATGCGCTAG,0
CGCTAACGAGTACAGA,0
CGCTAAGAATGGTAGG,0
CGCTAAGAGGATATCA,0
CGCTAAGCCGTTATTC,0
CGCTAAGTGTAGTAAC,0
CGCTAAGTTTGAAAAC,0
CGCTAATACGACACTG,0
CGCTAATATTGATTAA,0
CGCTAATCGTTGTCTA,0
CGCTAATGAATAATTA,0
CGCTAATGTATACAGG,0
CGCTACACGCCAAAAA,0
CGCTACACTTCCTCCG,0
CGCTACAGACAGACCA,0
CGCTACATTTTCCATA,0
CGCTACCAACACATGC,0
CGCTACGAAGCGTGTC,0
CGCTACGAGATTTAAT,0
CGCTAGAAAAATACAC,0
CGCTAGAAAATGCCCA,0
CGCTAGAAAGCGCGCC,0
CGCTAGACGCCGCAAT,0
CGCTAGATATGATGCA,0
CGCTAGTGGACCTTCC,0
CGCTATAACCGAAAGT,0
CGCTATACCAGAATTC,0
CGCTATAGATAAGCAA,0
CGCTATAGTAGGCCAC,0
CGCTATATGAGTCCAA,0
CGCTATCCGACATAAC,0
CGCTATGATATATCCG,0
CGCTATGCCTCAAAAA,0
CGCTATTAACAATCAT,0
CGCTATTCAATACAAG,0
CGCTCAAAGTTCACCC,0
CGCTCAAATCCCATTC,0
CGCTCAATTCCACAAT,0
CGCTCACAAAGCTCGA,0
CGCTCACACCGAGGGC,0
CGCTCACCTAATTCAC,0
CGCTCACTTCCCGAGT,0
CGCTCAGCCGGAAGCT,0
CGCTCAGTGTAACCGA,0
CGCTCATGAGATAGGA,0
CGCTCCAAATGACGAA,0
CGCTCCGAGATAAGGG,0
CGCTCCGTGTTTGTAC,0
CGCTCCTAAATTGTTT,0
CGCTCCTAAGGTGAAA,0
CGCTCCTCGGATCTTA,0
CGCTCCTTGACTGGAG,0
CGCTCGAAGCTGGATC,0
CGCTCGATAACAAAAA,0
CGCTCGATTCGCCAGT,0
CGCTCGGCCAGTGATA,0
CGCTCGGCGGCATAAT,0
CGCTCGTACGCAAGTC,0
CGCTCGTATCTTTCTA,0
CGCTCGTATTTATTTT,0
CGCTCTATTCCTACTG,0
CGCTCTCCCGAAATCA,0
CGCTCTCCTGGCTAAG,0
CGCTCTGAGCCTAAAA,0
CGCTCTGATAAAAAAA,0
CGCTCTTTTTACATAT,0
CGCTGAGACACCTTCT,0
CGCTGAGCTAGATCTG,0
CGCTGCACCCAAAAAC,0
CGCTGCATGCCCCACG,0
CGCTGCCGACACAATA,0
CGCTGGAAAAGCGGAC,0
CGCTGGATTTCTAATT,0
CGCTGGTTAGATAAGA,0
CGCTGTAAAAATGGGA,0
CGCTGTAAATGGGGAA,0
CGCTGTACCCTGCAAC,0
CGCTGTATCTAACTAT,0
CGCTGTGGCAATTATC,0
CGCTTAACTAACTGAG,0
CGCTTAATTACATTGG,0
CGCTTACCATGGAACC,0
CGCTTACGACAATTCC,0
CGCTTACTTACGGGTA,0
CGCTTATACGCAAGAA,0
CGCTTATACGTCATGG,0
CGCTTATGAATGACCG,0
CGCTTATTTACTACGC,0
CGCTTCACACACCCCC,0
CGCTTCCCAAAATGAA,0
CGCTTGGAGAGCCACA,0
CGCTTGGGGACGAAAA,0
CGCTTTACAATTAACC,0
CGCTTTATTACATGAG,0
CGCTTTGCAGCTCTAA,0
CGCTTTGCCCTCACCG,0
CGCTTTTCGTCCATCA,0
CGCTTTTGAACTCATG,0
CGGAAAAACCGCTCAT,0
CGGAAACAAATAGCCC,0
CGGAAACATATCAATA,0
CGGAAACCCCAAATAC,0
CGGAAAGACACTTGTC,0
CGGAAAGTCCAATTAG,0
CGGAAATAATTATTCC,0
CGGAAATACATATACT,0
CGGAAATACCCAGATT,0
CGGAAATCTTAGAGTA,0
CGGAAATGCGGGAATC,0
CGGAAATGTCAAACTA,0
CGGAACACAAGGATGT,0
CGGAACACTAAGTTCA,0
CGGAACATATAATATA,0
CGGAACCCATTGATAA,0
CGGAACCTCCCACTCA,0
CGGAACCTTGTAAAAC,0
CGGAACGATGAGTAAA,0
CGGAACGGCAGGACCT,0
CGGAACGTTATATTAG,0
CGGAACTATTTGAATG,0
CGGAACTTCGATTCGA,0
CGGAAGAATCAGGTAT,0
CGGAAGAATTGTGCAA,0
CGGAAGCACACTTGTA,0
CGGAAGCATGCGTCTC,0
CGGAAGCCGACTTGCT,0
CGGAAGCCTTAGTTCC,0
CGGAAGGACCACAAAA,0
CGGAAGGCGGCCTCAA,0
CGGAAGTTGTTTCTAA,0
CGGAATAAAGTTTAAT,0
CGGAATAACTCCCAAT,0
CGGAATATACAGTGTT,0
CGGAATATGTAGTGTC,0
CGGAATCATATGAATT,0
CGGAATCTTGACTTGA,0
CGGAATGACACCGTTC,0
CGGAATTAATCACGGT,0
CGGAATTATTAACGAA,0
CGGAATTTGACATACC,0
CGGAATTTTACCACTA,0
CGGACAAACAGAGTTC,0
CGGACAAACCTCCCAT,0
CGGACAAACGTACAAA,0
CGGACAAATAGCCCCG,0
CGGACAAATCAGAAAA,0
CGGACAAGAGCAATTG,0
CGGACAAGAGTTACAA,0
CGGACAATAACGCAAA,0
CGGACAATTAGAACCG,0
CGGACACATGACGACA,0
CGGACAGAATTTCGGG,0
CGGACAGGCATGACCA,0
CGGACATGGGACTCAT,0
CGGACATTCAAACTCC,0
CGGACCAAGTAGACGG,0
CGGACCATACGTGCCA,0
CGGACCCACAAAAGAA,0
CGGACCGACACCTTTT,0
CGGACCTTTTAGTATT,0
CGGACGAGCATCCTTA,0
CGGACGATATTAAACA,0
CGGACGTCTCGAGATG,0
CGGACTAATAGATATC,0
CGGACTACAACAAGAC,0
CGGACTACTGTACGCC,0
CGGACTAGACCTACGG,0
CGGACTATATATTCCA,0
CGGACTATGACCAGCA,0
CGGACTCATACAGGAA,0
CGGACTCTTGTCCAAA,0
CGGACTTGAGTCATAG,0
CGGAGAAATGCTATAT,0
CGGAGAACCCGCTTGC,0
CGGAGAAGCATTAAAA,0
CGGAGAATTATTTGCT,0
CGGAGACGAGTCAACG,0
CGGAGAGAAACCGCGA,0
CGGAGAGCTATAACCA,0
CGGAGAGGTAACCCCG,0
CGGAGAGGTAATCCCG,0
CGGAGCAGAGGAGATA,0
CGGAGCCAAAAACCAA,0
CGGAGCGTCAACTAGG,0
CGGAGCTGAGAGTATG,0
CGGAGCTGTTGCAATA,0
CGGAGCTTGGGTGAAC,0
CGGAGGAAAGTAATAC,0
CGGAGGAAGTGTCGAA,0
CGGAGGCTGTACAGTG,0
CGGAGGGCCAGTTCAC,0
CGGAGGGTGCCAGAAC,0
CGGAGGTTCACTTTCA,0
CGGAGGTTTAATGGCA,0
CGGAGTACCAACGACG,0
CGGAGTCGAGTTTTAG,0
CGGAGTGACATAGAGT,0
CGGAGTGATGGATTTA,0
CGGAGTGCGATCGAAA,0
CGGAGTTAGACATTTT,0
CGGAGTTATGACTCCA,0
CGGAGTTCCTAGGGAT,0
CGGAGTTGAGATGGTC,0
CGGAGTTTGACGTCTG,0
CGGATAAACAATCGAA,0
CGGATAAATAGGACAT,0
CGGATAAATGTCGAAA,0
CGGATAATCCCTCAAA,0
CGGATACCAGTCACAC,0
CGGATAGAACATTCGT,0
CGGATAGATACAACCA,0
CGGATAGGCCCGCTTT,0
CGGATATAAACACCGA,0
CGGATATTTAAAACAA,0
CGGATCAAAACTTAAA,0
CGGATCAAAATCAGTA,0
CGGATCACATCGTCGT,0
CGGATCAGAGATGGGG,0
CGGATCATTCAACTAA,0
CGGATCCTCTAGTACA,0
CGGATCGATTAATCTT,0
CGGATCGCAAATGAGT,0
CGGATCGGTATAGATA,0
CGGATCTACATATGTC,0
CGGATGAACACTCCGG,0
CGGATGCCATGTTCAA,0
CGGATGTAATATGTTA,0
CGGATTAATAGTTCAA,0
CGGATTAATTTAAAAT,0
CGGATTACTAGAAAGT,0
CGGATTACTCTTAAAG,0
CGGATTATAATTTGAA,0
CGGATTATTTAAATCT,0
CGGATTCATAAAATCA,0
CGGATTGTATATCGAG,0
CGGATTTGCTTAAGAT,0
CGGCAAAATGCAGGAG,0
CGGCAAAATGCATCTA,0
CGGCAAACCAGATGAG,0
CGGCAAATGAGATACA,0
CGGCAACGACTAAAAC,0
CGGCAACGTAAATAAC,0
CGGCAACTTACCAATA,0
CGGCAAGGCGTAGATA,0
CGGCAATCTTCATAAG,0
CGGCACCCAGTCTACG,0
CGGCACCCATAAAATT,0
CGGCACCTAACACACG,0
CGGCACCTTTTATGCT,0
CGGCACTCGCGCTGCC,0
CGGCAGCACTCTTACG,0
CGGCAGGTAAACTATG,0
CGGCATCTCTACACTT,0
CGGCATCTGATAAAAT,0
CGGCATTTAGCTCGTA,0
CGGCCATGATTATTTT,0
CGGCCCACAAGATGTA,0
CGGCCCCAAAATAAAG,0
CGGCCCCCCGAATTCT,0
CGGCCCGAGGCAGCCG,0
CGGCCCGCGGTCGCCA,0
CGGCCCGGCCGTTTAT,0
CGGCCCGTAGGTACAA,0
CGGCCCTAAATTAAAG,0
CGGCCCTTATGCCTTT,0
CGGCCCTTCCGCAAGG,0
CGGCCGCCGGGGTCGC,0
CGGCCGTGCCATCCAC,0
CGGCCTAGAGGTTGAG,0
CGGCCTCACGGGTTAC,0
CGGCCTGAACTTTACT,0
CGGCCTGGAATTTGGG,0
CGGCCTTTGACAATTA,0
CGGCGACAAGAGTAAA,0
CGGCGACACCGAGTAA,0
CGGCGACCCAACCCTC,0
CGGCGAGACGTGTCTG,0
CGGCGATTAGAAGTGC,0
CGGCGCCACCAATCCT,0
CGGCGCGCAACATATT,0
CGGCGCGGAACCTTAG,0
CGGCGGGATGATCAGG,0
CGGCGTAAGCTCCCAA,0
CGGCGTCCATCACAGA,0
CGGCGTGGCAACATCA,0
CGGCTAAATGAAAAAC,0
CGGCTAATTCACATAA,0
CGGCTACAAAAAAAAA,0
CGGCTACAAACTCGAC,0
CGGCTACGAACAGAAT,0
CGGCTAGGAAACGAAT,0
CGGCTAGTGAAGAAAG,0
CGGCTCATCCACCAAG,0
CGGCTCCGAATATACA,0
CGGCTCCGCTCGTGAT,0
CGGCTCTAATATGGAT,0
CGGCTCTACCCTTGTC,0
CGGCTGATCTAAATGT,0
CGGCTGGGGCTGAAGC,0
CGGCTTACGGCAACAA,0
CGGCTTCTTAAGGTAC,0
CGGCTTGTACAACGTG,0
CGGCTTTATTATGCGT,0
CGGGAAAAACAAACGC,0
CGGGAAATAGAAATAT,0
CGGGAAATATACAGAT,0
CGGGAACATTTCCATA,0
CGGGAACCGCGAAAAT,0
CGGGAACGAGGCGCCT,0
CGGGAAGTTACCGCAG,0
CGGGAATCTAAGCCAA,0
CGGGAATGAAACATAC,0
CGGGACATGAAAATGC,0
CGGGACATGTTATTGA,0
CGGGACGTAATGAGTA,0
CGGGACTCGAATGTTA,0
CGGGAGACACATTGAT,0
CGGGAGACTACTCACA,0
CGGGAGGTATCTGACA,0
CGGGATACGAACTGCA,0
CGGGATCCTAAATCTA,0
CGGGATCGTCCAAGGA,0
CGGGCGACTTAAAAAT,0
CGGGCGAGACATTGTC,0
CGGGCGCTAGTACACC,0
CGGGCTAGGTAATTAT,0
CGGGCTGAGCAGGATG,0
CGGGCTGCTCGTCCCT,0
CGGGGATCAGAGACGG,0
CGGGGGGCCCGGGAAC,0
CGGGGTGCTAGGGAAC,0
CGGGTAAAAAAAGAAT,0
CGGGTAATCTAACAAT,0
CGGGTAATTGATCTTA,0
CGGGTACGTAACTCCT,0
CGGGTAGAAGACATAT,0
CGGGTAGAAGCGTAAA,0
CGGGTATAAAAAACCG,0
CGGGTATAGTACCGAA,0
CGGGTCAATGAAACTC,0
CGGGTCACATTAATTG,0
CGGGTCAGTTTGGGCA,0
CGGGTCATTACTACCA,0
CGGGTCCAACCTCACA,0
CGGGTCCCAAACTCAC,0
CGGGTCCCTGAATGAA,0
CGGGTCCGCCTGGGAC,0
CGGGTCGACCGCACAA,0
CGGGTCGTGGCATCCC,0
CGGGTGATGAAGATAC,0
CGGGTGCACGAGTCAT,0
CGGGTGTCCCCTGTAA,0
CGGGTTAAATGCAGGC,0
CGGGTTAAGCATTAAT,0
CGGGTTAAGTTTCCAT,0
CGGGTTACGGACTACA,0
CGGGTTAGATGTACTT,0
CGGGTTGTAAAATAGA,0
CGGGTTTGGACATATA,0
CGGTAAAAACTCACAT,0
CGGTAAAACGAAGAGG,0
CGGTAAACAACATACA,0
CGGTAAACAATCTTAG,0
CGGTAAACATTAACAT,0
CGGTAAATATATTCAA,0
CGGTAAATATGCGCGA,0
CGGTAACGACGCACGC,0
CGGTAATCCTAAAAAC,0
CGGTAATGTCCACTAT,0
CGGTAATTACAAAACT,0
CGGTAATTTCAAACAA,0
CGGTACAACTCCAGCG,0
CGGTACACGGTTATCA,0
CGGTACCAACCCAATA,0
CGGTACCGTATTAACC,0
CGGTACGCCGAAAGTA,0
CGGTACGCTTACAAAC,0
CGGTACGTAACTATCA,0
CGGTACTGGCATTGAC,0
CGGTAGACCAACAAAA,0
CGGTATAACTGTAGTA,0
CGGTATAATCTAAGTT,0
CGGTATACACAAAAGC,0
CGGTATACCTACCTGC,0
CGGTATACTGAAGTAG,0
CGGTATACTGTGGCAA,0
CGGTATAGAAAATTCC,0
CGGTATAGGAAACTCC,0
CGGTATAGTTTAGATA,0
CGGTATCACCATTTCA,0
CGGTATCCAAGCCTTA,0
CGGTATCCTCAAAAGG,0
CGGTATCGACCCAACC,0
CGGTATCTACACAAAC,0
CGGTATGACTTACAAT,0
CGGTCAAACCCCATTC,0
CGGTCAAACGCCAGTC,0
CGGTCACCGTTAGAGA,0
CGGTCCAACAGTAATA,0
CGGTCCAACTAGTTTG,0
CGGTCCACTACCCCTA,0
CGGTCCAGTGCGCCCA,0
CGGTCCATCCTGATTT,0
CGGTCCCTACAACTCC,0
CGGTCCGTCCTCCAGG,0
CGGTCGAACGCATTCA,0
CGGTCGAGTTTCTAGA,0
CGGTCGGTGAATTAAC,0
CGGTCGTCCATGATAA,0
CGGTCGTGATACGAAG,0
CGGTCTAAACGGCTCC,0
CGGTCTAAACGTTGTT,0
CGGTCTAGAGCATTCA,0
CGGTCTATGACTCGCT,0
CGGTCTGCCATCCAGT,0
CGGTCTGTACAATTAA,0
CGGTGAAATATTGTCA,0
CGGTGAAATTGCCATG,0
CGGTGACCGGTTCGCG,0
CGGTGAGATTTCAAGG,0
CGGTGAGGCCAAAAAA,0
CGGTGATAAATGACCA,0
CGGTGATCGTAGACCA,0
CGGTGATTATAGATTA,0
CGGTGCCAAACGTGTC,0
CGGTGCCCACAATACC,0
CGGTGCTAGGTGTAAG,0
CGGTGCTATGGTCATA,0
CGGTGGAGTCTAGGTA,0
CGGTGGATAATGAGTC,0
CGGTGGTACCCCCGAT,0
CGGTGGTGCTGACTAA,0
CGGTGTAATGAATCCC,0
CGGTGTAGTGTGCGGA,0
CGGTGTATAGCTATAG,0
CGGTGTCATCTTCCCC,0
CGGTGTGTCTAAAGAC,0
CGGTTAACACCTTGCA,0
CGGTTAAGCACAATCC,0
CGGTTACACCCCCGCC,0
CGGTTACATTTTTATA,0
CGGTTATATTCCAACC,0
CGGTTATATTTTCTCC,0
CGGTTATCTTGAAGAG,0
CGGTTCAGCCACGACT,0
CGGTTCAGCCATGGCA,0
CGGTTCGGACAAAGGG,0
CGGTTCGGATTGCAGA,0
CGGTTCGTCTAGCCAT,0
CGGTTGAATGGAGCCT,0
CGGTTGCCAATTTACA,0
CGGTTTAACAATTACT,0
CGGTTTACTGAATCAG,0
CGGTTTACTTCACATG,0
CGGTTTAGTACAAGAA,0
CGGTTTCTGGGCATTC,0
CGGTTTTTCCACTAAT,0
CGTAAAAAAAAGAAAA,0
CGTAAAAAACATCCAA,0
CGTAAAAAAGAAACCA,0
CGTAAAAACATACACA,0
CGTAAAAACTAACAGG,0
CGTAAAAAGTTCTTCA,0
CGTAAAAATCTAAACA,0
CGTAAAACAAGGCTAA,0
CGTAAAACACGATAAA,0
CGTAAAACTCCCATCA,0
CGTAAAATCGAGGTGG,0
CGTAAAATGACACATC,0
CGTAAAATGGAAGTTA,0
CGTAAACACTCTCAGA,0
CGTAAACCGCCAAACA,0
CGTAAAGTATAGATAA,0
CGTAAATAAACATTGA,0
CGTAAATTACAGTCTG,0
CGTAACAAAAAATCCA,0
CGTAACAAGATTAGTA,0
CGTAACAATATAAGGT,0
CGTAACAGCCATATGC,0
CGTAACATATCCCATT,0
CGTAACCAGTAACCCA,0
CGTAACCATAGAATTT,0
CGTAACCCCAACCTGA,0
CGTAACCCCCCGGGGC,0
CGTAACCGTAGACTTT,0
CGTAACCGTATCCTTA,0
CGTAACGGAGTTATGC,0
CGTAACTAGGGTACGG,0
CGTAACTCATTATTAA,0
CGTAACTGTAACAGTA,0
CGTAACTTATTGACCA,0
CGTAACTTTTGTCTTG,0
CGTAAGACCTCGTAAC,0
CGTAAGACTGGCATCG,0
CGTAAGCTAGACATTT,0
CGTAAGTCTGTGAGAC,0
CGTAATAAATGGTACT,0
CGTAATAATAAGCTGA,0
CGTAATAGACCCGGAA,0
CGTAATATCTGAATAT,0
CGTAATATTGAAATGA,0
CGTAATCCCAACAAAA,0
CGTAATGATAATATAA,0
CGTAATTACATAGCAT,0
CGTAATTGAATATAGA,0
CGTACAAAAAAAATTG,0
CGTACAAATTACCTAT,0
CGTACACAAAATAACT,0
CGTACACACCATTAAA,0
CGTACACCCCAGTTAT,0
CGTACATAAATCCACC,0
CGTACATTGCTGTTAC,0
CGTACCACATAAGTTT,0
CGTACCCATTTTTCGG,0
CGTACCCCCACATAGG,0
CGTACCCGCGAAGAAA,0
CGTACCCTCCATAACA,0
CGTACCGGATCCATAT,0
CGTACCTATTAGCAGT,0
CGTACCTGTCGGAACA,0
CGTACGAACCAATGTA,0
CGTACGACACCCAATT,0
CGTACGATTGTGTTTG,0
CGTACGCACCCTAACT,0
CGTACGCCTATGAAAT,0
CGTACGTGAAGTATTA,0
CGTACTAAGTTCCATA,0
CGTACTACTATATTCG,0
CGTACTATGCCAAAAC,0
CGTACTCACACGTATA,0
CGTACTCCACTGGGAC,0
CGTACTCTCGGGCTAA,0
CGTACTTTAACCTTAA,0
CGTACTTTAGCATGCC,0
CGTAGAAACATAATAT,0
CGTAGAAATACTACCA,0
CGTAGAAATGAGCCAC,0
CGTAGAATCTTTTTAT,0
CGTAGACAATCGGAAC,0
CGTAGACCATCAAGTC,0
CGTAGACTAAAAGACA,0
CGTAGACTAATTGGAT,0
CGTAGACTTTCAAAAG,0
CGTAGAGAAGTGGACC,0
CGTAGAGTGACCCGTC,0
CGTAGATATCAGAAAT,0
CGTAGATATTCTTCCA,0
CGTAGCAGTGATGTAA,0
CGTAGCCAAGACTATA,0
CGTAGCCACGCATCAT,0
CGTAGCCGGGTTTCAT,0
CGTAGCGCTCAAACCA,0
CGTAGCTATCTAAATT,0
CGTAGCTCGAAACACA,0
CGTAGCTTTAGCGTGC,0
CGTAGGAACTGTCATT,0
CGTAGGACCTTCCCAA,0
CGTAGGACGAAATACC,0
CGTAGGCATCAAAAAA,0
CGTAGGCGATAGGAAA,0
CGTAGGTTCCCGTGTT,0
CGTAGTAAAAACCTGC,0
CGTAGTAAGTAGATAC,0
CGTAGTACTTGATGCT,0
CGTAGTATACTTGTAA,0
CGTAGTATATACCTCT,0
CGTAGTCTATGAACAG,0
CGTAGTCTGAAGCGAA,0
CGTAGTGAATCTTACA,0
CGTATAAACTCATCAA,0
CGTATAAGAAAATCAG,0
CGTATAAGCGCAAATA,0
CGTATACAATAGGCGC,0
CGTATACCGAACCAGA,0
CGTATATAGAAATCTG,0
CGTATATCGCATTGAT,0
CGTATATGTACTATGA,0
CGTATCAAACATGAGT,0
CGTATCAATTTTATAA,0
CGTATCAGACCGAAAA,0
CGTATCGATAAATAGG,0
CGTATCGATATAAATG,0
CGTATCGCTGATCAAT,0
CGTATCTCCAAATTCA,0
CGTATGAAAATATATT,0
CGTATGAACGCAGGAC,0
CGTATGACTCATCAAA,0
CGTATGAGTATGGTCA,0
CGTATGATCGAGTTTC,0
CGTATGATCTATAATC,0
CGTATGCGACAATAAA,0
CGTATGGCACTATACC,0
CGTATGTACTCACAAA,0
CGTATTAACAGCAAAG,0
CGTATTACAGCTATTT,0
CGTATTAGTTCCATGA,0
CGTATTGAGATCAATC,0
CGTATTGAGGGGGTGA,0
CGTATTGCCATGAACA,0
CGTATTGGCACATGAA,0
CGTATTGGCTCAACAG,0
CGTATTGTATAGGACT,0
CGTATTGTGACTCTAC,0
CGTATTTAAAGCAATA,0
CGTATTTGCGCGTACT,0
CGTATTTTCATTAGAC,0
CGTATTTTCTGCACCG,0
CGTATTTTGTATGTGC,0
CGTCAAAAAAATATTG,0
CGTCAAAACGAGTAGC,0
CGTCAAAGGTATAAAA,0
CGTCAAATAAACGTGT,0
CGTCAACAAAACAGTG,0
CGTCAACACACATTCA,0
CGTCAACAGCTGGAAT,0
CGTCAACCTGACCACA,0
CGTCAACTAGTATACT,0
CGTCAAGTTAGAAGCA,0
CGTCAATACGCATTAA,0
CGTCAATTCTTGGCGG,0
CGTCACAAGCTTATGA,0
CGTCACACATTCGCTG,0
CGTCACCCACCTCTCC,0
CGTCACCTTTCATGTG,0
CGTCACGATAAACATA,0
CGTCACTAGGAGCAGA,0
CGTCACTGTCGTAGCC,0
CGTCAGAACAATTGTG,0
CGTCAGCTAAAAGCAG,0
CGTCATAAAGAGCGAT,0
CGTCATAGAGTAACAA,0
CGTCATCTATAGGATC,0
CGTCCAACCCATATAA,0
CGTCCACGATCTGCTA,0
CGTCCACTTTAGTTTC,0
CGTCCAGGATTCAATG,0
CGTCCAGTCTGGAACA,0
CGTCCATCGACCCTTG,0
CGTCCATTCAGGGCTC,0
CGTCCATTGTAACTAA,0
CGTCCCGTAAGTATAA,0
CGTCCTAATGGAAAAC,0
CGTCCTCTATTTCATG,0
CGTCCTCTCCGGCACT,0
CGTCCTGAATTTAGGA,0
CGTCCTTCCAAGAAGA,0
CGTCCTTTTAAAAACC,0
CGTCGAAAAAATTACC,0
CGTCGAACATAATGTC,0
CGTCGAACTACAGACT,0
CGTCGAATCACAGGTG,0
CGTCGAATGCCGATCC,0
CGTCGAATTAACATCA,0
CGTCGACAAAACAGTT,0
CGTCGACAGACCTAAA,0
CGTCGAGCCGTTATGA,0
CGTCGATAAGAAAAGA,0
CGTCGATACGTAGGTA,0
CGTCGATCAATAACAT,0
CGTCGATGCTCAATGT,0
CGTCGATGCTGGTTAA,0
CGTCGATGGGTAATGC,0
CGTCGCAGACTCTTAT,0
CGTCGCATACCCTTCC,0
CGTCGCCAAGCTGTAG,0
CGTCGGCAACCCACCA,0
CGTCGGCAATCTTTAC,0
CGTCGGCCACAGAGCA,0
CGTCGGCCTTCTCTTT,0
CGTCGGCGATAGCATT,0
CGTCGGGACAGCCTTG,0
CGTCGGTTTCCGCCCT,0
CGTCGTAGCTAACTAG,0
CGTCGTCTCAATCTTA,0
CGTCGTTGCAAGCGCC,0
CGTCTACAAGCTTAGA,0
CGTCTATACTGGTCAC,0
CGTCTATCCGTTCCCA,0
CGTCTATCGAACTCCC,0
CGTCTCAAACCGAACT,0
CGTCTCAACGTGAAAT,0
CGTCTCCCATAAAAGC,0
CGTCTCCCTCCTCGTA,0
CGTCTCCTAGTCGGAG,0
CGTCTGAAATAAAACA,0
CGTCTGGTATGTAATA,0
CGTCTTAAACGTGTTT,0
CGTCTTAAATAAAAAA,0
CGTCTTAGTAAGTATA,0
CGTCTTATATGTAGTC,0
CGTCTTGAAGTGAGAT,0
CGTCTTGAGGCCCCCG,0
CGTCTTTAAGTCCATT,0
CGTGAAAACGGTTTAT,0
CGTGAAACATTTGAAA,0
CGTGAAACTTAGAAGG,0
CGTGAAAGTATCCAGT,0
CGTGAAAGTGTCCATT,0
CGTGAACCCAGATAAA,0
CGTGAACTCCTGTTAA,0
CGTGAATATTTATAGT,0
CGTGAATCCAACGAAA,0
CGTGAATTACGGACTT,0
CGTGACAAACCTCCTA,0
CGTGACCGGAGCCTTG,0
CGTGACGCACCCCATT,0
CGTGAGAAAATGTCAG,0
CGTGAGACCCACGATA,0
CGTGAGACCTGCCACA,0
CGTGAGGCTAAATCAC,0
CGTGAGGCTTGGCCCA,0
CGTGAGGGTATAATCT,0
CGTGATAGTTTTCATT,0
CGTGATATAACACATT,0
CGTGATCGGCTGACAA,0
CGTGATGTTCCATCAT,0
CGTGATTGCTTAAGAG,0
CGTGCAACCACCCTAT,0
CGTGCACAAATGCCTT,0
CGTGCACATTTCAACA,0
CGTGCATAACCTTTCT,0
CGTGCATAACTAAAAG,0
CGTGCCAGGTTGGACG,0
CGTGCCCAAGAAGTTA,0
CGTGCCCACATAAAAC,0
CGTGCCGCTTAAGTTA,0
CGTGCCTTCCCTCTAA,0
CGTGCGTATCCTAGAG,0
CGTGCTAATGCCCAAA,0
CGTGCTACAGGATTGT,0
CGTGCTACTAGGCGAG,0
CGTGCTATATATACAG,0
CGTGCTCAATATGACA,0
CGTGCTCTCTTATAGA,0
CGTGCTTCGCTTTTCA,0
CGTGCTTCTAATGACA,0
CGTGGAACTGGGAACG,0
CGTGGACCAACACTGA,0
CGTGGACGTCAATATA,0
CGTGGATACGACTCTA,0
CGTGGATAGCAAAGAA,0
CGTGGATAGGTACCAT,0
CGTGGCAAAGGTAGGG,0
CGTGGCAATTTGAGCA,0
CGTGGCCTTAAGCTAA,0
CGTGGCGTTACTCAGG,0
CGTGGCTAAAAATATT,0
CGTGGCTCTATAAAAG,0
CGTGGCTTATACACTC,0
CGTGGGAGAAGCACAC,0
CGTGGTAACTCTCGAA,0
CGTGGTATGTCAATGT,0
CGTGGTCAAGTACGTT,0
CGTGGTTCAATTTAGT,0
CGTGTAACCGCGAACC,0
CGTGTAATATGGACTT,0
CGTGTATACTTAAAAA,0
CGTGTATATCCATAAA,0
CGTGTATCAAACAGTA,0
CGTGTCAAGAATAAAC,0
CGTGTCGGATACGCCT,0
CGTGTCGTCCCCAACC,0
CGTGTCTCCGACTGGA,0
CGTGTGCATTCAACAG,0
CGTGTGGCTGTTACAA,0
CGTGTTAACTGTCCTA,0
CGTGTTGTCCATGACT,0
CGTGTTTCAAAAGTAA,0
CGTGTTTTCAAGAACG,0
CGTTAAAAGTTGCTTC,0
CGTTAAAATAAACGCA,0
CGTTAAATCCGGACCA,0
CGTTAACCAAGATGAA,0
CGTTAACCAGAGAAAT,0
CGTTAACCCGTGCCAA,0
CGTTAATATACTAGAC,0
CGTTAATCAGAAACCG,0
CGTTAATCATTAAGAT,0
CGTTAATCCACTAATA,0
CGTTAATTATAGGAAA,0
CGTTAATTGCTGCATG,0
CGTTACAGTCCTTTGA,0
CGTTACCAAGTTCTAG,0
CGTTACCATAATAATG,0
CGTTACGAAAGACAGC,0
CGTTACGTCAAAGCAC,0
CGTTACTAACAAAACC,0
CGTTACTAAGAAAATG,0
CGTTAGAAAATACGCT,0
CGTTAGAAATGCTAAC,0
CGTTAGAAATTCCTTG,0
CGTTAGAAGTTTAGTT,0
CGTTAGAATAACATAA,0
CGTTAGCCCACACCAA,0
CGTTAGGTACTAAAGC,0
CGTTAGTGAACATTGA,0
CGTTAGTTAATAGTAG,0
CGTTATAAACTGACGA,0
CGTTATAATAGGTATT,0
CGTTATACTAACCGGA,0
CGTTATAGGAGTACCT,0
CGTTATAGGCCAGCAC,0
CGTTATAGTCAAAATT,0
CGTTATATACTCGGGC,0
CGTTATCAGTGAACGG,0
CGTTATCCCACACATA,0
CGTTATCCTCCGTCAA,0
CGTTATCGACATATTA,0
CGTTATGGGTATGAAA,0
CGTTATGTTATCTAAA,0
CGTTATTAAGATAACT,0
CGTTATTAGTTATAAC,0
CGTTATTTCACACCGA,0
CGTTCAAACAGATCGA,0
CGTTCAAACATGAAGA,0
CGTTCAAACCATACTA,0
CGTTCAAGGTCGCAGT,0
CGTTCAATAAACCTGA,0
CGTTCACATTCAATAG,0
CGTTCACGGATAGGAC,0
CGTTCAGGTCATAGGT,0
CGTTCCACTGTTCCTT,0
CGTTCCCAATGAGTAT,0
CGTTCCCACAATAAGG,0
CGTTCCGCCTACAATT,0
CGTTCCGTCCTTGATA,0
CGTTCCTACCATACAT,0
CGTTCCTATTGGAATT,0
CGTTCGAACAATGACA,0
CGTTCGAGCTATAACT,0
CGTTCGCCAGACTCCA,0
CGTTCGTCATCCACGC,0
CGTTCTAATACATTTG,0
CGTTCTCTCAGAGTCG,0
CGTTCTCTGCCATTAC,0
CGTTCTGCAAGCAACC,0
CGTTCTTATTGCTTAC,0
CGTTGAAACACCACTG,0
CGTTGAACTTCATTAT,0
CGTTGAATGGCAGTCC,0
CGTTGACAATGAATTG,0
CGTTGACATATAAGCA,0
CGTTGACGCGATATCC,0
CGTTGAGCATAATACA,0
CGTTGAGTTCTAGTGG,0
CGTTGATAGCATAATC,0
CGTTGATTTCAACCTC,0
CGTTGCAAATTATAAA,0
CGTTGGACAGAATAAG,0
CGTTGGCCTCAGACGT,0
CGTTGGCTCTCACGAC,0
CGTTGGGCGCCCGGAT,0
CGTTGGTTGATCCTAA,0
CGTTGTAAAACACTTT,0
CGTTGTAAGACAATAC,0
CGTTGTATAACTAATA,0
CGTTGTATATAGTGGA,0
CGTTGTCCGACACGGA,0
CGTTGTGTAAATCATG,0
CGTTGTTTTAAGACTA,0
CGTTTAAACCCCCCAG,0
CGTTTAAACCGGGATC,0
CGTTTAATGTAAACCC,0
CGTTTACCTGCCTATA,0
CGTTTACGACGACATT,0
CGTTTACTAGGCAAAA,0
CGTTTAGAGCGAATTT,0
CGTTTATCACGGATTA,0
CGTTTATGGGTGCGCT,0
CGTTTCAAATAAATCC,0
CGTTTCAAGTGGATCT,0
CGTTTCAATAAGCATC,0
CGTTTCACCGTTAAGG,0
CGTTTCATAATAAGAG,0
CGTTTCATCTATACCA,0
CGTTTCCGAACAGATG,0
CGTTTCCTAGAGAAAA,0
CGTTTCTCACAATGTA,0
CGTTTCTTGATTCAAT,0
CGTTTGCAAGAACAAC,0
CGTTTGTTAACAGCAT,0
CGTTTTAAGCTAAAAT,0
CGTTTTACCCCAACGA,0
CGTTTTACTCAATAAG,0
CGTTTTAGGCACCCAT,0
CGTTTTCCATCCACGT,0
CGTTTTCTAACTCCAG,0
CGTTTTCTATGAGCCT,0
CGTTTTCTTAGCAATG,0
CGTTTTGGAACATTCA,0
CGTTTTTAACAATAAA,0
CGTTTTTCATGTGCGT,0
CGTTTTTTACGGGATG,0
CTAAAAAAAAACATGC,0
CTAAAAAAACAACGCA,0
CTAAAAAACAACTTTC,0
CTAAAAAACACAATAG,0
CTAAAAAACACGGTAA,0
CTAAAAAAGTTTTCCA,0
CTAAAAAATACAGTAC,0
CTAAAAAATAGAATTC,0
CTAAAAACACTGAACC,0
CTAAAAACATCCATAA,0
CTAAAAACATGAGGGA,0
CTAAAAACCTAATAAG,0
CTAAAAACCTTACGGC,0
CTAAAAACTTGGCATC,0
CTAAAAAGTACGTTAT,0
CTAAAAATAAGTATGA,0
CTAAAAATCTGATACA,0
CTAAAAATTCTAAACT,0
CTAAAAATTGTGCTTA,0
CTAAAACAAGCAAAAA,0
CTAAAACAATTTTTGC,0
CTAAAACCAGCAAACG,0
CTAAAACCGAATGAAC,0
CTAAAACCGATAATAT,0
CTAAAACCTAAAAGAA,0
CTAAAACCTGCAGAAC,0
CTAAAACCTTCACCTA,0
CTAAAACGTGCTGTTG,0
CTAAAACGTTAAGTCC,0
CTAAAACTGCAAAGAT,0
CTAAAACTGTGTAACA,0
CTAAAAGACAAAGGGG,0
CTAAAAGAGACATTGC,0
CTAAAAGATATAGTAA,0
CTAAAAGCAATTCGAT,0
CTAAAAGCCATATCTG,0
CTAAAAGGAATCAAAT,0
CTAAAAGGTACATTAA,0
CTAAAAGGTCCCCACA,0
CTAAAAGGTTTGCGAT,0
CTAAAAGTATGACGGA,0
CTAAAATCCATAAAGC,0
CTAAAATGACCAAACC,0
CTAAAATGAGGTTAGA,0
CTAAAATGGAGTTTAC,0
CTAAAATTATCTCACC,0
CTAAAATTCTCGAGTT,0
CTAAACAAACTATGTG,0
CTAAACAAACTTTTAT,0
CTAAACAACATCTTAG,0
CTAAACAACTGTAACA,0
CTAAACAATAATTAAC,0
CTAAACACAATTGAAA,0
CTAAACACGAGCAAGT,0
CTAAACAGAGAGACAT,0
CTAAACATACCTAGTA,0
CTAAACATATAGCAAA,0
CTAAACCAAAATTGAG,0
CTAAACCAATAGGTGG,0
CTAAACCATTACATGG,0
CTAAACCCCCATAGCA,0
CTAAACCCTCAGCGTA,0
CTAAACCTCCTAGCTT,0
CTAAACGAGATCCCCC,0
CTAAACGCGCAGCTCC,0
CTAAACGGCACTAAAC,0
CTAAACTACTACTCAG,0
CTAAACTATCGATATA,0
CTAAACTCACAACATC,0
CTAAACTCAGAGATGT,0
CTAAACTCCCACATTT,0
CTAAACTCTTATAATG,0
CTAAACTGACAGCTAC,0
CTAAACTGCTGTGACT,0
CTAAACTGTAGCCATC,0
CTAAACTTCCCCACTG,0
CTAAACTTCGCCAATA,0
CTAAAGAATGCCCCAT,0
CTAAAGACCGGTATGA,0
CTAAAGAGCGTAGATT,0
CTAAAGATAACATAAC,0
CTAAAGATAGCAGTTC,0
CTAAAGATATTTGTTA,0
CTAAAGATGCGTCCCA,0
CTAAAGCATAAACTCT,0
CTAAAGCCTTAGTAAC,0
CTAAAGGCCCCTCCAG,0
CTAAAGGCTACTATAT,0
CTAAAGTAAAATGCAC,0
CTAAAGTAGACTAAAG,0
CTAAAGTATAGCGCTC,0
CTAAAGTCAAACCGTC,0
CTAAAGTGACCATATG,0
CTAAAGTGCAATAGTA,0
CTAAAGTTCTGAAATA,0
CTAAATAAACTTACCA,0
CTAAATACAGACAAAA,0
CTAAATACATTAAATA,0
CTAAATAGATAGAAAC,0
CTAAATAGCAAAGGTA,0
CTAAATAGCAGGTATA,0
CTAAATAGCCTCGTGC,0
CTAAATATAATCATAA,0
CTAAATATAGCTGATT,0
CTAAATATAGTAACTT,0
CTAAATATAGTAATGA,0
CTAAATATCAAGTTAG,0
CTAAATCAAAATGACT,0
CTAAATCAAACTAAGC,0
CTAAATCAACGGTTCA,0
CTAAATCCACTGTTGT,0
CTAAATCGGACCCATC,0
CTAAATCTGCGCGTTT,0
CTAAATCTTAAAGATG,0
CTAAATGACAATGATC,0
CTAAATGCAGAAAATA,0
CTAAATGCTGTTATAT,0
CTAAATGTACACGTGC,0
CTAAATGTATAACTCG,0
CTAAATTAAGATATAG,0
CTAAATTAAGTAATTG,0
CTAAATTACGTAAAGG,0
CTAAATTAGCGGACTA,0
CTAAATTCATCTAGGA,0
CTAAATTCCAGGGGAG,0
CTAAATTCTAAACCAA,0
CTAAATTCTAAATATT,0
CTAAATTCTTTCGCAA,0
CTAACAAACTTGGCGA,0
CTAACAAAGCGGGAGG,0
CTAACAAAGTCTAAAA,0
CTAACAAATACTTAAT,0
CTAACAAGTCAACGCT,0
CTAACAATCGAGCGGA,0
CTAACAATGTTGACAA,0
CTAACACCGATTCGTC,0
CTAACACGGAAAATAG,0
CTAACAGCAATAGTCA,0
CTAACAGCATTGGAAC,0
CTAACAGCCATATGTA,0
CTAACAGCGAAAAGGA,0
CTAACAGCTCATAGGT,0
CTAACAGGTCTTATTT,0
CTAACATAACATTTGA,0
CTAACATATGATAAAC,0
CTAACATCATTAGCGG,0
CTAACATCCAGAGGGT,0
CTAACATCCCTTGACT,0
CTAACATCGAGAAAAC,0
CTAACATTGCGCCCAT,0
CTAACCAAGTCTAACA,0
CTAACCAGCCGCAACA,0
CTAACCAGCTGAGGGC,0
CTAACCATTCAATTTA,0
CTAACCATTTAACTAC,0
CTAACCCAATCATAAT,0
CTAACCCCAATATTGA,0
CTAACCCTTAGATAGC,0
CTAACCGCGAATCGGT,0
CTAACCGCTTTAATAT,0
CTAACCTAACGAGGAT,0
CTAACCTACTCTCGGG,0
CTAACCTCAACTACTC,0
CTAACCTCATATTCTT,0
CTAACCTGCGTCAACA,0
CTAACCTGTCTACACT,0
CTAACCTTCAATTGCA,0
CTAACGAAGGATACGA,0
CTAACGAATGATTTCG,0
CTAACGACGAATAATA,0
CTAACGAGAATGATAA,0
CTAACGATTGATCACA,0
CTAACGCAAAGACCGG,0
CTAACGCCCTGTACCA,0
CTAACGCGTCTTGCAG,0
CTAACGCTTAAAGAAG,0
CTAACGCTTCTCGTTT,0
CTAACGGATGTGTTCA,0
CTAACGGTTAGAAACC,0
CTAACGTGCGGTACGG,0
CTAACGTTAGCGCGTC,0
CTAACTAAAACTTGCC,0
CTAACTAACCACGTAA,0
CTAACTAATCACTATG,0
CTAACTACTTTGTAGC,0
CTAACTAGCAACGGAA,0
CTAACTCAAATGGCCG,0
CTAACTCCCAGTGTAA,0
CTAACTCTACATTTAA,0
CTAACTCTAGCTGATC,0
CTAACTGAATTATTAT,0
CTAACTGATTGATATA,0
CTAACTGCTTTTTTTA,0
CTAACTGTTAGATTAG,0
CTAACTTAAATCGCGG,0
CTAACTTCCCCTCTGG,0
CTAACTTGAGCGACCA,0
CTAAGAAATACCATGG,0
CTAAGAAATAGCAAAG,0
CTAAGAAATGACACTC,0
CTAAGAACTGAGCAAA,0
CTAAGAAGATTACTGT,0
CTAAGAATAAAAAGGT,0
CTAAGAATCTAAAGCG,0
CTAAGACAAATTATAA,0
CTAAGACACATTCCCA,0
CTAAGACACGGGACTA,0
CTAAGACAGAACGAAG,0
CTAAGACCATATTTAA,0
CTAAGACCATGGGTCT,0
CTAAGACCGATGTGAG,0
CTAAGACTACTTCCTC,0
CTAAGACTCAATATCA,0
CTAAGACTGATCTCAA,0
CTAAGACTGGACATCC,0
CTAAGAGCATGGCAAT,0
CTAAGATAAAAATATA,0
CTAAGATAAATCTGGA,0
CTAAGATATCATGACG,0
CTAAGATATTGCATTT,0
CTAAGATCAGCGTGAT,0
CTAAGATCAGGTAATT,0
CTAAGATCGCACTGTT,0
CTAAGATGGCACCAAA,0
CTAAGATGTTACTGGT,0
CTAAGATTTTGCATTT,0
CTAAGCAATTGAATGA,0
CTAAGCACGAAACTGC,0
CTAAGCACGAACTATC,0
CTAAGCAGATCTTTAA,0
CTAAGCCAACTACTGT,0
CTAAGCCGCGACAATA,0
CTAAGCCGTTAGACTT,0
CTAAGCCTCTGAAAAT,0
CTAAGCGAAATCAAAT,0
CTAAGCGCAATGTAAG,0
CTAAGCGCGTAACCCT,0
CTAAGCGTTTTGGTAT,0
CTAAGCTAAAGGCTAA,0
CTAAGCTAATAATTAA,0
CTAAGCTGTTAACACT,0
CTAAGCTTCTGACGGC,0
CTAAGGACGGAGTCAA,0
CTAAGGCCGCTCTGCA,0
CTAAGGCGGCCGGCTG,0
CTAAGGCTATGGGCAA,0
CTAAGGGTGCCCTATA,0
CTAAGGGTTCGCATAA,0
CTAAGTAAACCTTAGG,0
CTAAGTAAAGCAAATT,0
CTAAGTAACTCACATG,0
CTAAGTAATGTCACCC,0
CTAAGTATACCGACAA,0
CTAAGTATACGAACAA,0
CTAAGTATGGTGGCGG,0
CTAAGTATTTAGCCAC,0
CTAAGTCAAGAGGGTC,0
CTAAGTCGGAAAACTT,0
CTAAGTCTACTTATGT,0
CTAAGTGAAGATTCGA,0
CTAAGTGCACCCTGCT,0
CTAAGTGGGCGCCAAA,0
CTAATAAAGGCAGAAT,0
CTAATAAATACAGCCC,0
CTAATAAATTAACACA,0
CTAATAACAACGAGGG,0
CTAATAACCAAGAGAT,0
CTAATAAGCGATTTAA,0
CTAATAATCACAATGA,0
CTAATAATCAGACAGA,0
CTAATACAAGTATCCA,0
CTAATACATCAAATCC,0
CTAATACGCTGAGTAA,0
CTAATACGGCTTTTAC,0
CTAATACTCAGGGTTG,0
CTAATACTTAAATACT,0
CTAATAGAAAGAAGAA,0
CTAATAGCATTTGCCT,0
CTAATAGCTTTCAACT,0
CTAATAGGGAAACTAA,0
CTAATATAACAACGAG,0
CTAATATATGTATAGC,0
CTAATATATTTGTACT,0
CTAATATCGCAAACCA,0
CTAATATGGGAAATCA,0
CTAATATGGGGAGCTT,0
CTAATATTAGTTAGAA,0
CTAATATTATCTATCG,0
CTAATATTTCAAAGGA,0
CTAATATTTGCAACAT,0
CTAATCAACACCACTA,0
CTAATCAAGGCAGATC,0
CTAATCACAAACTATA,0
CTAATCACACACCCGT,0
CTAATCAGTCACCATA,0
CTAATCATAGAACTAG,0
CTAATCATTCAGGTTT,0
CTAATCCCGGACTTAA,0
CTAATCCGGTACTGCA,0
CTAATCGCACATTAAA,0
CTAATCTACGACACCT,0
CTAATCTAGTGCGAAT,0
CTAATCTATGTTACCA,0
CTAATCTCCATTTTTA,0
CTAATCTGTAGTTTCC,0
CTAATGAAGCCCCTGA,0
CTAATGACAGAACAAA,0
CTAATGAGTAAGAAAA,0
CTAATGATCACTCTAA,0
CTAATGCGATTAGACC,0
CTAATGCTGGCCAAGG,0
CTAATGGTCATATGCT,0
CTAATGTAATAGACCA,0
CTAATGTACTAAAAAT,0
CTAATTAAAAAAGTGA,0
CTAATTAAAGTTAATA,0
CTAATTAACTCACTAA,0
CTAATTAATAAAATAC,0
CTAATTAATATCTCTC,0
CTAATTACAGTAAAGC,0
CTAATTAGATCTAGAA,0
CTAATTAGTATACATA,0
CTAATTCATACGACAC,0
CTAATTCATGCTCGAA,0
CTAATTCCAACTGTGT,0
CTAATTCCCTCTTAGC,0
CTAATTCGCTATGTGT,0
CTAATTGAAACAATTT,0
CTAATTGAAGACTCCC,0
CTAATTGAATAACAAA,0
CTAATTGAGCACTTGT,0
CTAATTGCCTCAGAGA,0
CTAATTTATCACATCG,0
CTAATTTATTGACTGT,0
CTAATTTGAAGTGGTG,0
CTAATTTGACCCCATC,0
CTAATTTGATTTCCTG,0
CTAATTTGCGTTCTAT,0
CTAATTTTGTACGGCC,0
CTACAAAAAACCAATT,0
CTACAAAAATGCTCTA,0
CTACAAAAGACGGACC,0
CTACAAACGCTAATGT,0
CTACAAACTGATAAAA,0
CTACAAAGGAGCCCTG,0
CTACAAAGTAAAGCCA,0
CTACAAATTATCATAT,0
CTACAACAGAGTGATA,0
CTACAACATTGTTAAA,0
CTACAACGGCTCATGC,0
CTACAACGGTTGGGAG,0
CTACAACTCCGAAGCT,0
CTACAACTGAAACTTT,0
CTACAAGAGAGTTCGA,0
CTACAAGATAATAGTA,0
CTACAAGGTTGACAAA,0
CTACAAGTTCAGACGT,0
CTACAAGTTTAAGACA,0
CTACAAGTTTCACGTC,0
CTACAATAACACGCTC,0
CTACAATGACTGACTA,0
CTACAATTGATCATCA,0
CTACAATTTAAAAAAA,0
CTACAATTTAGCACTT,0
CTACACAAAAAAGAAA,0
CTACACAAAATATTTG,0
CTACACAACAACCAAT,0
CTACACAAGAAGTAGA,0
CTACACAATACAAGAC,0
CTACACCATAGTTAAA,0
CTACACCGACAATAGT,0
CTACACGAAGTTAAAA,0
CTACACGATTAGAGTC,0
CTACACGGGCTAAGGC,0
CTACACGTACCTTGAG,0
CTACACTAAGCCATTA,0
CTACACTAGTTGGAAT,0
CTACAGAACCAAAAAC,0
CTACAGAAGATAACGC,0
CTACAGGGATAACAGC,0
CTACAGTAAGAGAAAT,0
CTACAGTGTAAATGAC,0
CTACAGTTACAGAAAT,0
CTACAGTTCGAAAAAT,0
CTACAGTTGTTATATC,0
CTACATAAAACTATAC,0
CTACATACTCTACAAT,0
CTACATAGCTCAGAAT,0
CTACATAGTACAACCC,0
CTACATATTTAATACG,0
CTACATCCCCACACAC,0
CTACATCGCAATAGGT,0
CTACATCGTGTATATT,0
CTACATCTTCATTTAT,0
CTACATGTAATTGGAG,0
CTACATTAACTACTAT,0
CTACATTACTCACATT,0
CTACATTGAACGAAGA,0
CTACATTGTCAAGCCC,0
CTACATTTTAAGCAAG,0
CTACCAAATCAAAGAC,0
CTACCAACATAGATTT,0
CTACCAAGAATTGTGA,0
CTACCAAGGAGGGTTT,0
CTACCAAGTTAATGAA,0
CTACCAATACTCCGTT,0
CTACCAATTAGGTTAC,0
CTACCACACCAAACCA,0
CTACCACACCATTGCC,0
CTACCACATCACTAAA,0
CTACCACATGACCACA,0
CTACCAGCAGAACAAA,0
CTACCAGCCTAACACC,0
CTACCAGCGCTATTTA,0
CTACCATAAGCATCCT,0
CTACCATATACAATAA,0
CTACCATCTACAAGAC,0
CTACCCAGCACGCAAA,0
CTACCCATCTCCTATT,0
CTACCCCAAGCCAAAT,0
CTACCCCCCTCCTCTC,0
CTACCCCTTCAATAAT,0
CTACCGAAACCAAAAG,0
CTACCGAACCCTTGTT,0
CTACCGAATTACCGTT,0
CTACCGATCTGCAATA,0
CTACCGATTTACTGAT,0
CTACCGATTTTTCGGG,0
CTACCGCCCAACTTAT,0
CTACCGCCTTACCGAT,0
CTACCGTAATAAGAAA,0
CTACCGTATAAATCTA,0
CTACCTAAAGAAATAC,0
CTACCTAGAATATAAG,0
CTACCTCCTCATAACG,0
CTACCTCGACAGGACG,0
CTACCTCTAGAGACCT,0
CTACCTCTGTGACACG,0
CTACCTCTTAAAGCGA,0
CTACCTGTTTAACAAT,0
CTACCTTAAAGGATCT,0
CTACGAAATATAACGT,0
CTACGAAGGCAACAGC,0
CTACGAATAGCCTTAA,0
CTACGAATATAGGGAA,0
CTACGAATATCATATA,0
CTACGAATCACGATAG,0
CTACGACTGTGTCGGA,0
CTACGACTTTAGATGC,0
CTACGAGATTTCGATT,0
CTACGAGTAATAATAA,0
CTACGATAACTAGTAC,0
CTACGATTTTCTAATG,0
CTACGCAAGATCTAAA,0
CTACGCACAACGCAAA,0
CTACGCCCAGATGCCA,0
CTACGCGAGCGACCGC,0
CTACGCGATACCAGGG,0
CTACGCGCCTTCCACA,0
CTACGCTCATCCTACG,0
CTACGCTCTTACAATG,0
CTACGCTGTTGCCCCT,0
CTACGGATTAAACTAA,0
CTACGGCTTCGAGGTC,0
CTACGGTATAATCATC,0
CTACGTACTTCTCAAA,0
CTACGTAGACCGAAGA,0
CTACGTCTGATCAAAA,0
CTACGTTAGATTACCC,0
CTACGTTCATATGTAT,0
CTACGTTTCAGAGTCA,0
CTACTAAAGCCCGCGA,0
CTACTAAATCACACTA,0
CTACTAACAGATCATA,0
CTACTAAGAAGTCTCG,0
CTACTAAGAATAAAAG,0
CTACTAAGACAACGTC,0
CTACTAATAACTAGAA,0
CTACTACACAACCTTA,0
CTACTACCGTAGTCAA,0
CTACTACTAACACAAC,0
CTACTAGAAAAGAAAA,0
CTACTAGGGCAAATTT,0
CTACTAGGTGAACAAT,0
CTACTAGTCTATATCA,0
CTACTATAAATCACGC,0
CTACTATAGCACCATA,0
CTACTATCGTGATTTA,0
CTACTCAAAGCATATC,0
CTACTCAACATAAGAG,0
CTACTCACCTATATTT,0
CTACTCAGATCCTGCA,0
CTACTCAGCCTCGAAC,0
CTACTCCACATGTAAT,0
CTACTCGACCTCGGTT,0
CTACTCGAGACAAATA,0
CTACTCGATCACCGAT,0
CTACTCGGAATAGTTC,0
CTACTCTTCTACACAC,0
CTACTGAAGGAATTTG,0
CTACTGAATTGTATCT,0
CTACTGACATCACTTA,0
CTACTGACCTATAACC,0
CTACTGATGGCAATAA,0
CTACTGCACACCCTGC,0
CTACTGCGTTTTAACT,0
CTACTGCTTTACATCA,0
CTACTGGAATACATAC,0
CTACTGTCACTCCACC,0
CTACTTACTACCTCAG,0
CTACTTACTATGACAT,0
CTACTTACTGTGCTTT,0
CTACTTATAAAGTTCG,0
CTACTTATGAGAGAAG,0
CTACTTATTTGATATA,0
CTACTTCTGGACTAAA,0
CTACTTCTTGAATATA,0
CTACTTTACAAAAAAA,0
CTACTTTCATGGTAAA,0
CTACTTTCGACCTTAA,0
CTAGAAACAAACAACC,0
CTAGAAACAACGTTGC,0
CTAGAAACACAACAAA,0
CTAGAAACGACAACAA,0
CTAGAAACTGAGATGA,0
CTAGAAAGAAGCAAAA,0
CTAGAAAGCAGGTTAC,0
CTAGAAATCCAGGGGC,0
CTAGAAATGTACCATA,0
CTAGAAATTTCCTCTA,0
CTAGAACAAGACATAC,0
CTAGAACACAAAACAC,0
CTAGAACATTTCTGAA,0
CTAGAACTATTCCCGG,0
CTAGAAGAACATTCTA,0
CTAGAAGAGCAATTTA,0
CTAGAAGGTACAGAGA,0
CTAGAAGTAGCCAACG,0
CTAGAATAAGGCGAAT,0
CTAGAATAATGATCTG,0
CTAGAATACACGCATC,0
CTAGAATACAGGTATT,0
CTAGAATAGCACAAGT,0
CTAGAATAGTCTAGTG,0
CTAGAATATGATGTAT,0
CTAGAATATTACGCGT,0
CTAGAATGAATCCGAG,0
CTAGAATGACTTTACG,0
CTAGAATTCCGATTGT,0
CTAGACAACCCCATAT,0
CTAGACAAGAAAATAA,0
CTAGACAAGTGGTGTC,0
CTAGACACATCATATA,0
CTAGACCCCAATTAGC,0
CTAGACCTAATGAAAA,0
CTAGACGAATGCCGCT,0
CTAGACGCATGATTCT,0
CTAGACGTAACAAAAA,0
CTAGACTTCAAAAGAA,0
CTAGAGAGTCCTAAAA,0
CTAGAGATTATAAATT,0
CTAGAGCACCAACTTA,0
CTAGAGCACCCGATAC,0
CTAGAGCCCCCAAATG,0
CTAGAGGGACGCTCAA,0
CTAGAGGTCGTAAAAG,0
CTAGAGTATTACAACG,0
CTAGAGTATTCTTTTC,0
CTAGATAAATTTACAA,0
CTAGATATAAGCGGGA,0
CTAGATATAAGGTACC,0
CTAGATATCCTAAACA,0
CTAGATATGAGAATTC,0
CTAGATATGTGAACCC,0
CTAGATCAATATTCGC,0
CTAGATCGCAAGCGAA,0
CTAGATCGTAATAATG,0
CTAGATCTACCGTAGT,0
CTAGATGAAGATGTAG,0
CTAGATGTAATGGAGA,0
CTAGATTCCTCGACAG,0
CTAGATTGTAGAACCA,0
CTAGCAAAAGGGGAAT,0
CTAGCAAATGTTCGGT,0
CTAGCACATGCTAACA,0
CTAGCACTCTCACAAC,0
CTAGCACTTTATTATA,0
CTAGCAGTAATCCGCA,0
CTAGCATCAAAATAAC,0
CTAGCATTATCTATTA,0
CTAGCCCACCACCAAA,0
CTAGCCCCTTATCCAG,0
CTAGCCGATCAGGAAC,0
CTAGCCGCCCGATACT,0
CTAGCCGTCGTTGTAA,0
CTAGCCTCGCGAAAAG,0
CTAGCCTTCGAGGTCG,0
CTAGCGAGATATACAT,0
CTAGCGTTAAATAGTA,0
CTAGCTAAATCCTTTA,0
CTAGCTAACCGCTGAA,0
CTAGCTAATTATCTCC,0
CTAGCTACACTTAACA,0
CTAGCTACCACTGACG,0
CTAGCTCAGAACAATA,0
CTAGCTCCTAATAACA,0
CTAGCTCCTAGACACC,0
CTAGCTTACACCTCCG,0
CTAGCTTTAAATACTC,0
CTAGCTTTCCGCATTC,0
CTAGGAACTAAATAGC,0
CTAGGAAGACTTACTT,0
CTAGGACAATCCAATA,0
CTAGGACTAAGATAGC,0
CTAGGACTACTGCGCG,0
CTAGGACTTAGATAAT,0
CTAGGAGCAAGCCGTT,0
CTAGGAGTAACCCGAG,0
CTAGGAGTCTAAAGAA,0
CTAGGAGTGTCAACAG,0
CTAGGAGTTTTAATAG,0
CTAGGATACTACCATA,0
CTAGGATATCAGCTTA,0
CTAGGATGAAAGATTG,0
CTAGGATGGTTAGAAC,0
CTAGGATTGGGCAGGC,0
CTAGGCAACTACCATA,0
CTAGGCACCCAATTCA,0
CTAGGCATGGTCAGGG,0
CTAGGCCAGGACTCGC,0
CTAGGCCATGAAAGTT,0
CTAGGCCATTCTCTAA,0
CTAGGCCCGCTGACCA,0
CTAGGCGAAGAGCACC,0
CTAGGCTAAACCAAAT,0
CTAGGCTAATTACAAG,0
CTAGGCTAGTCCTAAA,0
CTAGGCTGTCACGAAA,0
CTAGGCTTTAACTTAT,0
CTAGGGACCGGAATCA,0
CTAGGGACTACACAAA,0
CTAGGGTTTAAGAAAA,0
CTAGGTCCTACAAACG,0
CTAGGTTAATCTCTAC,0
CTAGGTTGTAGCACCA,0
CTAGGTTTCCGACCTA,0
CTAGTAAAACGTACGT,0
CTAGTAAAAGACAGTC,0
CTAGTAAAGGACCGTC,0
CTAGTAAAGGTGACAT,0
CTAGTAAGATAAACCA,0
CTAGTACACAGGCCTT,0
CTAGTACAGTAATAGA,0
CTAGTACATAGTAAGG,0
CTAGTACGCGGTCCGC,0
CTAGTACGTAAGATGC,0
CTAGTACTAACGACCT,0
CTAGTACTCCAGTTAT,0
CTAGTAGCGATCCTAA,0
CTAGTAGTATGGAGCG,0
CTAGTATCAGAGAACA,0
CTAGTATTAACACTCA,0
CTAGTATTTCAAGCAA,0
CTAGTCAAGCAAAAGG,0
CTAGTCCCCGAATCCC,0
CTAGTCCGCCTTTTCA,0
CTAGTCGTATTCCCCT,0
CTAGTGACCCAATGTT,0
CTAGTGAGAAACTCGA,0
CTAGTGATTCATTTTG,0
CTAGTGCCATGCATAA,0
CTAGTGCCGTCTACAA,0
CTAGTGCTGGCATGTA,0
CTAGTGCTTGATGGTC,0
CTAGTGGACTAGCAGT,0
CTAGTGGTAATAACTT,0
CTAGTGTAATAAATAT,0
CTAGTGTAGCACAACA,0
CTAGTGTGTCCTTTTT,0
CTAGTTAACTGCAGAA,0
CTAGTTACGCAATTCC,0
CTAGTTATCAGCCTAC,0
CTAGTTATCTACATAG,0
CTAGTTATTCAACAAA,0
CTAGTTATTGACCTAG,0
CTAGTTATTTGCACAT,0
CTAGTTCGAAAACATT,0
CTAGTTCGCCACGAAC,0
CTAGTTCTTGTTGGGT,0
CTAGTTGTTCAATTCA,0
CTAGTTTAAATTGTGC,0
CTAGTTTATCTTGATT,0
CTATAAAAGCAATTCC,0
CTATAAAAGTGTTGTA,0
CTATAAAATAGCAAGG,0
CTATAAAATCACAGTT,0
CTATAAAATTGGATTG,0
CTATAAACCAATTCTA,0
CTATAAACGCAATACT,0
CTATAAACGGTAATAA,0
CTATAAACTACTTCAA,0
CTATAAAGAGACCGAT,0
CTATAAATATACCAGA,0
CTATAAATTATCCCGG,0
CTATAAATTCTTTTGG,0
CTATAACAACACCACC,0
CTATAACAAGCAAAGG,0
CTATAACAATTCAGTT,0
CTATAACAGTTAAGGA,0
CTATAACCCAGAGCAG,0
CTATAACCCGTAAGCT,0
CTATAACGGCGGCCTG,0
CTATAACGTCAATCGA,0
CTATAAGAACTGGTCA,0
CTATAAGATAATGCCG,0
CTATAAGATCTTAGAA,0
CTATAAGCTGGACATA,0
CTATAAGTAAATTCGA,0
CTATAATACTGAGGCA,0
CTATAATTGCGTAGCT,0
CTATAATTTCCTGCCC,0
CTATACAAGTAAACTT,0
CTATACACAAAACCGA,0
CTATACACAATCGAAC,0
CTATACACTTCAAAAA,0
CTATACACTTTATAAA,0
CTATACCCAGTACTAG,0
CTATACCCCATAGTGT,0
CTATACGAATCAAAGC,0
CTATACGCGGGACCAG,0
CTATACTAAACACCCT,0
CTATACTACATATAGA,0
CTATACTCACACCTAA,0
CTATAGAATCATGTTA,0
CTATAGCAAAAAAGAT,0
CTATAGCAAAATCCTT,0
CTATAGCACTGATGGG,0
CTATAGCCTAATAACG,0
CTATAGGTATTTCGTA,0
CTATAGTGTCTTGAAA,0
CTATAGTGTGCGTAAC,0
CTATAGTTTTAGTTCG,0
CTATATAAAACAATCA,0
CTATATAAGATATGAT,0
CTATATAATAAGCCCA,0
CTATATACCTGCAAAA,0
CTATATAGACCATCAC,0
CTATATATAGTTTACT,0
CTATATATATCAAAGT,0
CTATATCAGCCGACAA,0
CTATATCCAATATCAT,0
CTATATCCGATAATGA,0
CTATATCCTACAAAGC,0
CTATATCGAACGAATC,0
CTATATCGATGGCTGT,0
CTATATCTGATGCATC,0
CTATATCTTTAAAAAT,0
CTATATGGAGTTGTAA,0
CTATATGGCCACTTGT,0
CTATATGTCTCTATAT,0
CTATATTATAACACAA,0
CTATATTCCAGAATCG,0
CTATATTTAACGAGAA,0
CTATCACATAAAAAAA,0
CTATCACCATTTCGAA,0
CTATCACCCATCATTC,0
CTATCACCCCGTAAAA,0
CTATCACTATACGCAT,0
CTATCACTGGTCGTAA,0
CTATCAGAAACGCTGA,0
CTATCAGTGTGAAGCA,0
CTATCATACCTACCAA,0
CTATCATAGTGCACCG,0
CTATCATCATACCAAA,0
CTATCATCTTCTGCAA,0
CTATCCAAAATGATCA,0
CTATCCAAATAAATCG,0
CTATCCAACTACGCGT,0
CTATCCACAAGGAACT,0
CTATCCATATACTGTA,0
CTATCCATGTATTTTA,0
CTATCCCCTTAGTTGA,0
CTATCCGAAATACACC,0
CTATCCGTTAAAAAAT,0
CTATCCGTTATCACCC,0
CTATCCTAAACATCAA,0
CTATCCTATGGAGATA,0
CTATCCTGTTAGGCGG,0
CTATCGCAATCAAAAC,0
CTATCGCCCATATACG,0
CTATCGGACTACCATA,0
CTATCGGAGCTTTAAG,0
CTATCGGATCAAATTG,0
CTATCGGCACACTATA,0
CTATCGTAGCCCTAAT,0
CTATCGTTAAAAAGCA,0
CTATCTAAAGACTGCA,0
CTATCTAATTTTTTCG,0
CTATCTACCAAGAAAC,0
CTATCTACCGACCAAG,0
CTATCTACTTGTATTG,0
CTATCTAGAAACCCAA,0
CTATCTATCTCCTTTC,0
CTATCTATGACCACCC,0
CTATCTCATTAAACTC,0
CTATCTCCACAACGTT,0
CTATCTCTTCTATTCA,0
CTATCTGGAAACAATT,0
CTATCTTGGAATTATG,0
CTATGAAAAACATAAA,0
CTATGAAAATATAACC,0
CTATGAAAGTAAGCTG,0
CTATGAAAGTTCCAAT,0
CTATGAAATACCAGGT,0
CTATGAACAGTGTTGT,0
CTATGAACATCTTCAG,0
CTATGAACCCAGCCGG,0
CTATGAAGATATCCAA,0
CTATGAAGTTTGTAAC,0
CTATGAATAAACTATA,0
CTATGAATCAAGTAAA,0
CTATGAATCAATTCTT,0
CTATGACAGATTCCGA,0
CTATGACGAGCGTAAG,0
CTATGACTGATACGTA,0
CTATGACTTAAACAAG,0
CTATGAGAACGAAAAA,0
CTATGAGCCTCTTACT,0
CTATGAGGTAGGCAGA,0
CTATGAGTAAGAACCG,0
CTATGATAATGGGCTT,0
CTATGATATCGGACAT,0
CTATGATCAAACTTGT,0
CTATGATCCTGCGTAA,0
CTATGATCTTTTTATA,0
CTATGATGTTCTTATA,0
CTATGCAAACGGAGCA,0
CTATGCATCCAAGGAA,0
CTATGCATCTAATCCC,0
CTATGCCATAAAATGT,0
CTATGCCCCGCACGTT,0
CTATGCCGGAGGTGAA,0
CTATGCGTATTGCCAA,0
CTATGCGTCTTCCGGA,0
CTATGCTAAGTGTCAA,0
CTATGCTAATACCCAT,0
CTATGCTGATAACCAA,0
CTATGCTGGGCTATAG,0
CTATGGACCTGGCCAT,0
CTATGGATAAGCATAG,0
CTATGGCATGCTAAGA,0
CTATGGCCCTTATGCC,0
CTATGGGACCTTTCTC,0
CTATGGGGGGTACACT,0
CTATGGGTATAAATAA,0
CTATGGGTTATAACAA,0
CTATGGTCATAAGCAA,0
CTATGGTTCTGAAAAC,0
CTATGTAACCATCCTC,0
CTATGTAATCCGACAT,0
CTATGTATCATGAAGT,0
CTATGTATTGAACACC,0
CTATGTCAAAACGTTC,0
CTATGTGGGCGGTTCG,0
CTATGTGGGTTAGGCT,0
CTATGTGTGATAGAAA,0
CTATGTTCCAAGGCCG,0
CTATGTTCCCGCAACT,0
CTATGTTCGACCCTTC,0
CTATGTTGGCTCTGCC,0
CTATTAACAGTGAAGC,0
CTATTAACGACTTTTC,0
CTATTAACTAACAATC,0
CTATTAAGCTTTCAAA,0
CTATTAATAATACCTG,0
CTATTAATAGAAAAAA,0
CTATTAATGAAAGTAA,0
CTATTACACTAAGGAT,0
CTATTACAGAGACGAT,0
CTATTACCAGGGAGAG,0
CTATTACGATAAAGAG,0
CTATTACGGATAGATG,0
CTATTAGCATTAAAAG,0
CTATTAGCTGTTCATA,0
CTATTAGGCAGCGTGA,0
CTATTAGTACGGATAG,0
CTATTAGTATGTCCAG,0
CTATTATACCACCAAT,0
CTATTATAGCACACAA,0
CTATTATCAAAGAGTA,0
CTATTATGCCAAAACC,0
CTATTATGTAAACAAA,0
CTATTCAATTGCTACA,0
CTATTCAGGTGCAAGG,0
CTATTCATAAGGACAC,0
CTATTCCAAACCCTTA,0
CTATTCCGAACCCCAG,0
CTATTCCTTATACCCG,0
CTATTCGGGCCCATAA,0
CTATTCTACCAATACA,0
CTATTCTGGCTAAACA,0
CTATTCTTCATATAAA,0
CTATTGACCATGGGGC,0
CTATTGACCTAGCACA,0
CTATTGAGAAAAACGG,0
CTATTGAGCTTCGAAA,0
CTATTGAGGGCTCAAC,0
CTATTGCAATCTAATA,0
CTATTGCATCGTAGTT,0
CTATTGGCATCTCCCG,0
CTATTGGGGAGTCCTT,0
CTATTGGTGACCAAAA,0
CTATTGTAAGAAGATC,0
CTATTGTACGCAACGA,0
CTATTGTTCCTTTTGA,0
CTATTGTTGGGGCAGA,0
CTATTTAAAATAAGAA,0
CTATTTAACCTGATCT,0
CTATTTAACTAAATGA,0
CTATTTAATAAGAACA,0
CTATTTCAAATCGACT,0
CTATTTCACAAGTAAT,0
CTATTTCACCCATCAA,0
CTATTTCACGGAAAAG,0
CTATTTCGGGCATTAG,0
CTATTTCTCAGGACGG,0
CTATTTCTCCTGAAAC,0
CTATTTGCAAAGACTT,0
CTATTTGGAGATTACC,0
CTATTTGTCCGCAGAT,0
CTATTTGTCTATGAAC,0
CTATTTTCAAAAAAAT,0
CTATTTTCCCGGTCAA,0
CTATTTTGCTGTGTGA,0
CTATTTTGTACTAAGA,0
CTCAAAACCATACGCG,0
CTCAAAAGCAAAGATT,0
CTCAAAAGGCCAATCC,0
CTCAAAATAGAAAAAA,0
CTCAAAATTCCAAATA,0
CTCAAACAACTCGCTA,0
CTCAAACAGGGAAGAA,0
CTCAAACATACAGAAC,0
CTCAAACCGCCCGTAT,0
CTCAAACTAAAGAGAT,0
CTCAAACTCACTGTAA,0
CTCAAACTTAAAGTGC,0
CTCAAAGACTCCTAGA,0
CTCAAAGGGAGAGCAC,0
CTCAAAGTGAGCAAGC,0
CTCAAATATAACGATG,0
CTCAAATATACCGTAA,0
CTCAAATTTTGATTTT,0
CTCAACAAGATATTGC,0
CTCAACAATACCCTAA,0
CTCAACAATTTACGCA,0
CTCAACACGAATCTCA,0
CTCAACACTAACGGGC,0
CTCAACAGAACAACCA,0
CTCAACAGGAAACTTA,0
CTCAACAGGAAGGCCC,0
CTCAACATTTTTACCA,0
CTCAACGTGTAGCGGC,0
CTCAACTAGTCTTCAT,0
CTCAACTGGTCATGCT,0
CTCAAGATAAATCAAC,0
CTCAAGATAATATCAC,0
CTCAAGATTTAGTCCA,0
CTCAAGCCTTTATATA,0
CTCAAGCTAGCATGTC,0
CTCAAGGCTGGTATGC,0
CTCAAGGTAGCCTATA,0
CTCAAGGTGGACCAAA,0
CTCAAGTTTGCTCTTA,0
CTCAATAAACGATTGC,0
CTCAATAAATGCAATA,0
CTCAATAACAAAGGCA,0
CTCAATAAGATTTAGC,0
CTCAATATATCACTCG,0
CTCAATATGCCGCAGC,0
CTCAATATGTCAAATA,0
CTCAATATTATAATTC,0
CTCAATCAACTTTACT,0
CTCAATGACCAAATGC,0
CTCAATGGACTACCAA,0
CTCAATGTTTTCAGAA,0
CTCAATTCAAAAAGCC,0
CTCAATTGGCCGAACC,0
CTCACAAAAATTCAAC,0
CTCACAAACGAATAAA,0
CTCACAAAGCTGCTAG,0
CTCACAAATCGTTTAT,0
CTCACAACCATCTAAC,0
CTCACAAGTGGCCAAA,0
CTCACAATCTAATTAT,0
CTCACAATCTGATAGG,0
CTCACACACGTCAACC,0
CTCACACATGATTCAT,0
CTCACACCACCTAACT,0
CTCACAGCTGGAAAGC,0
CTCACAGGAAAAAAGA,0
CTCACAGGACACTCAA,0
CTCACAGTGTACAAAA,0
CTCACATAACGCGTCA,0
CTCACATAATTAACGA,0
CTCACATCTCAAGGAA,0
CTCACATGATAAAAAA,0
CTCACATGCCAAACGC,0
CTCACATGCGTTTGGC,0
CTCACATGTGTCTTAC,0
CTCACCACTCGTTATA,0
CTCACCAGCAAGTCGA,0
CTCACCATGATTCTAG,0
CTCACCGTAAGCCTAG,0
CTCACCTAAGAGATAT,0
CTCACCTAGCTTAGAC,0
CTCACCTCTTCATATG,0
CTCACCTTGGCTAATT,0
CTCACGAATGCGCGTT,0
CTCACGAATGGCTAAA,0
CTCACGATGCAAAAGG,0
CTCACGCAACAGTATA,0
CTCACGCCAACGTTCC,0
CTCACGGACAACAACA,0
CTCACGGACGCCACAA,0
CTCACTAAATTCATAA,0
CTCACTAACACAATAA,0
CTCACTAAGCTGTCGG,0
CTCACTAATGCCATAT,0
CTCACTACTCTGGAGG,0
CTCACTACTGACACGA,0
CTCACTAGGAATGTAT,0
CTCACTATAAATGCAA,0
CTCACTATGTGCTAGG,0
CTCACTCAATCCGCGG,0
CTCACTCACCTCAGTC,0
CTCACTCCAATATTGG,0
CTCACTGAATCACAGA,0
CTCACTTAAACAACCA,0
CTCACTTTTCACAAAA,0
CTCAGAAATCAAACCC,0
CTCAGAACACTCAACA,0
CTCAGAACCGCTGAAG,0
CTCAGAACGACTAAAC,0
CTCAGAAGTTTAAGGA,0
CTCAGAATCAGACAAC,0
CTCAGAATTAATAAAC,0
CTCAGAATTAGAACTC,0
CTCAGAGAAGCTCGCC,0
CTCAGAGCTCAAATGA,0
CTCAGAGGCCATTTTG,0
CTCAGAGTAAAACAAC,0
CTCAGATACTCTACAA,0
CTCAGATGTACGAGAT,0
CTCAGATTATCATGTA,0
CTCAGCACAAAAAATT,0
CTCAGCACTAAGAAGG,0
CTCAGCAGGTGGTTAA,0
CTCAGCCAAATACCTA,0
CTCAGCCAACAGAGGT,0
CTCAGCTCATAGTATG,0
CTCAGGAATGACAGTC,0
CTCAGGACCATACGGT,0
CTCAGGAGTTGGCCCA,0
CTCAGGCAAACCGACA,0
CTCAGGCCATTGCAGC,0
CTCAGGGATATATTAA,0
CTCAGGGATTGGACAT,0
CTCAGGGCTAAAATCA,0
CTCAGGGGTCACTCCA,0
CTCAGGTAAAAACCTA,0
CTCAGGTAAAAGGCCT,0
CTCAGGTAGAATAAAG,0
CTCAGGTCCGTGCCTT,0
CTCAGTAAAAAATACC,0
CTCAGTAAAACCCGGC,0
CTCAGTAATAGTCGAA,0
CTCAGTACATCATAGT,0
CTCAGTGCAGCTGACC,0
CTCAGTGCGCTGCGCT,0
CTCAGTTAAAACAGTT,0
CTCAGTTCAAGAAGTC,0
CTCAGTTGAGATATAA,0
CTCAGTTTCCTCTTTA,0
CTCATAAAAATATACT,0
CTCATAAAGGTCCCGA,0
CTCATAAATATTTTCA,0
CTCATAAATGACTTGC,0
CTCATAACACTACTTC,0
CTCATAAGAATAAAAG,0
CTCATAATAGCAAAAA,0
CTCATAATATTACGTG,0
CTCATAATCAAATTGT,0
CTCATAATGACATGAA,0
CTCATAATTACAGAAA,0
CTCATACCCATGAAAA,0
CTCATACTACACAAGA,0
CTCATAGATATAAAAG,0
CTCATAGCAGAACAAA,0
CTCATAGCATACAAAA,0
CTCATAGCATATTCTG,0
CTCATAGCTTAAACAT,0
CTCATAGTAACCCCTA,0
CTCATATTAATTAACA,0
CTCATATTGCCATAAG,0
CTCATCCAAGAGATCT,0
CTCATCCAATTGGAAT,0
CTCATCCAGCACTACA,0
CTCATCGAACAAAACA,0
CTCATCGCTATCCGCT,0
CTCATCGTAGAAGTCC,0
CTCATCTATCTTTGTA,0
CTCATGACGATCGAAA,0
CTCATGATTAAGTCGT,0
CTCATGCAAAATGAGA,0
CTCATGCGTCAGTGCA,0
CTCATGGCTCATTATC,0
CTCATTAGGCCTCAGG,0
CTCATTATCAAATTAA,0
CTCATTCCGACGACGT,0
CTCATTCTCCAATTAA,0
CTCATTCTCTATTGCA,0
CTCATTTGAGCTGCTT,0
CTCCAAAAACATCTAT,0
CTCCAAATCCCAAACA,0
CTCCAACATAGACTTA,0
CTCCAACTGAAATTGC,0
CTCCAACTTCTCTGAA,0
CTCCAAGAATGAGTGT,0
CTCCAAGCTAACTGTG,0
CTCCAATAAATTTTTA,0
CTCCAATAACCTTGGC,0
CTCCAATAAGAAACAT,0
CTCCAATATTCTTCTA,0
CTCCAATCAATGCCGA,0
CTCCAATCTAAGCGTG,0
CTCCAATGCACCGTGC,0
CTCCAATTACTAGAAA,0
CTCCACAGCAAAAATT,0
CTCCACATACATTTCA,0
CTCCACATCCAATTCG,0
CTCCACCCTGAACATA,0
CTCCACTAAAAACGCG,0
CTCCACTAGTCAAGTG,0
CTCCAGAGGGCTTTCC,0
CTCCAGATTCCATACT,0
CTCCAGCGACCGACAT,0
CTCCAGCGATTATTGA,0
CTCCAGCGGATCCTGC,0
CTCCATACTGGCAGAT,0
CTCCATCTTATAGCGT,0
CTCCATGACATGAACA,0
CTCCATGCGATTCCAG,0
CTCCATGTATATGAGC,0
CTCCATTAAACCGCTT,0
CTCCATTACCAAGGAC,0
CTCCCAAAAATCATTA,0
CTCCCAAATACCCAAC,0
CTCCCAAATTCTAGAC,0
CTCCCAAGTGAAAATA,0
CTCCCAATTTTCACAA,0
CTCCCACGGATTAAAG,0
CTCCCAGGAGAGAATA,0
CTCCCATAAGAAACAT,0
CTCCCATGGGAGGCCG,0
CTCCCCAAATACGGCT,0
CTCCCCAACGATGACC,0
CTCCCCATATTCGACA,0
CTCCCCCCCGGCTGCC,0
CTCCCCTAGAGGTGAC,0
CTCCCCTATACAAGCC,0
CTCCCCTATCCTTGAC,0
CTCCCGAACTTAATAC,0
CTCCCGAAGACTTCAT,0
CTCCCGAGTACGAAAT,0
CTCCCGATCTCCGCGT,0
CTCCCGATTGGCTAAC,0
CTCCCTAAGCGCGCAT,0
CTCCCTACCAAAACGA,0
CTCCCTAGGCTTTACG,0
CTCCCTTAGGAACCTA,0
CTCCCTTCGAAAGTAC,0
CTCCGAAACCATTAGA,0
CTCCGAAACGGTAAAA,0
CTCCGAACACACAACA,0
CTCCGAACAGGCGCCC,0
CTCCGAAGGCTGGGTG,0
CTCCGACACTATTCAG,0
CTCCGACCTGACTAAG,0
CTCCGAGGACAAGCTC,0
CTCCGATCATTGCATT,0
CTCCGATGTCCAGCCC,0
CTCCGCAACACATATT,0
CTCCGCAAGAGCTGTA,0
CTCCGCAGCATCAGAG,0
CTCCGCATTTGACACA,0
CTCCGCCCCTTTGTAT,0
CTCCGGAACCTTGAAT,0
CTCCGGAACTGGACAG,0
CTCCGGCAGTGGGAAC,0
CTCCGGCCAATATGCG,0
CTCCGGTCATGCTGCA,0
CTCCGTAAAGAGGAGA,0
CTCCGTCCATGGGCAG,0
CTCCGTCGATATGAAT,0
CTCCTAAAGAGGGTTG,0
CTCCTAAAGCATACCA,0
CTCCTAACTTAAAAAG,0
CTCCTACAAAGGCCTG,0
CTCCTACATAGTAATA,0
CTCCTACCCGAAATAC,0
CTCCTACCGCAAACTC,0
CTCCTACGCTTATATT,0
CTCCTACTTTTTTAAA,0
CTCCTAGGTCCGCTCT,0
CTCCTATCGCTATCAG,0
CTCCTCGTCACAACAA,0
CTCCTGAAAAAACTCC,0
CTCCTGGACCAGCTGC,0
CTCCTGTGTACTAGCA,0
CTCCTGTTAACTCCCG,0
CTCCTGTTATCGCTAC,0
CTCCTTAACCGAACAA,0
CTCCTTAGAAATCAAC,0
CTCCTTATCGGAAACG,0
CTCCTTATTATCAGAC,0
CTCCTTTTAGCGCAGT,0
CTCGAAAAACTAAAAA,0
CTCGAAAAAGAAGTAA,0
CTCGAAAAATCTATCA,0
CTCGAAAACCTCGATC,0
CTCGAAAAGCTGCGAA,0
CTCGAAAATTCTTTTG,0
CTCGAAACCTCAGGCA,0
CTCGAAACGTAGGTAG,0
CTCGAAACTACAATAC,0
CTCGAAACTATACACA,0
CTCGAAACTTTTCCTG,0
CTCGAACATCCAAGAG,0
CTCGAACCCCTGTGCC,0
CTCGAACTAGGTAATA,0
CTCGAACTGACGCTTG,0
CTCGAAGACGTAAAGG,0
CTCGAAGAGGGTATAC,0
CTCGAAGGTTAAAAGT,0
CTCGAAGTACGCTGAT,0
CTCGAAGTTAGTTGGA,0
CTCGAATGTCAACAGT,0
CTCGAATTACCTGAAA,0
CTCGAATTGGGTCTAT,0
CTCGACAAGCCCTCAT,0
CTCGACAAGTTCAACA,0
CTCGACACGGACATTA,0
CTCGACATATACCTAA,0
CTCGACATGAATAATA,0
CTCGACCCCTGAGTTA,0
CTCGACGGACAGTAAC,0
CTCGACTAACACGATA,0
CTCGACTAATATAATG,0
CTCGACTCAATGCCTG,0
CTCGAGAACACATATA,0
CTCGAGAGAGGGACTG,0
CTCGAGCCCAAACGCC,0
CTCGAGCGTGAGATAA,0
CTCGAGGAAAAATCCG,0
CTCGAGTATTTATTGG,0
CTCGATAAAAATTCAA,0
CTCGATAACAACTTAG,0
CTCGATACACTACAAT,0
CTCGATATAACTTCGG,0
CTCGATATAAGAAACA,0
CTCGATCACGAAAAGA,0
CTCGATCAGCGTTGAT,0
CTCGATCCGATATGTG,0
CTCGATCTTAAAAGTA,0
CTCGATGCGGGAACCG,0
CTCGATTACGCACCAC,0
CTCGATTATAACACAG,0
CTCGCAAGCATTCTAT,0
CTCGCAAGCGAGCATG,0
CTCGCAATAACCAATT,0
CTCGCAATGCTTACAG,0
CTCGCAATTACATTTA,0
CTCGCACTGCGTCAAC,0
CTCGCACTTCTCCGAC,0
CTCGCAGATAACTAGA,0
CTCGCAGCAATTCTAA,0
CTCGCAGCCAGGGAGC,0
CTCGCAGCGTCCGGAG,0
CTCGCAGTAAATCAGT,0
CTCGCAGTATTTAGAT,0
CTCGCATGTAACGCGG,0
CTCGCCAACGTCTTTT,0
CTCGCCATCATGGGCC,0
CTCGCCCGCCCGGGTA,0
CTCGCCGCTAGCTATC,0
CTCGCGCCAAGAATAA,0
CTCGCGTAAACCTACT,0
CTCGCGTCCAAGGCGA,0
CTCGCGTTGCCTTGCC,0
CTCGCTAAGGTCACAA,0
CTCGCTAATTAATACA,0
CTCGCTACACTCCAGC,0
CTCGCTACCCCAAGCA,0
CTCGCTCACTGATGTA,0
CTCGCTCATCTGAGTA,0
CTCGCTCCAAACGCCC,0
CTCGCTGATTTAAAGG,0
CTCGCTGCATGCAATG,0
CTCGCTTGCATATGCG,0
CTCGCTTTAACGCCAC,0
CTCGGAAGCAGAGACA,0
CTCGGAAGTCTGAAAT,0
CTCGGACTGATAATTG,0
CTCGGACTTCCTGAAG,0
CTCGGATGTAGTAGTC,0
CTCGGCCACTGAACGA,0
CTCGGCGCCACAATAA,0
CTCGGCTCAAGCAAAA,0
CTCGGCTCTAGGGACT,0
CTCGGCTTTCATAGAG,0
CTCGGGATTAGCAAGA,0
CTCGGGCTCCTTCAAT,0
CTCGGGCTTGGGTTTA,0
CTCGGGTACCATACAC,0
CTCGGGTGTAATCATC,0
CTCGGTAATACATTTA,0
CTCGGTCACAAAGAAA,0
CTCGGTCGTATATATG,0
CTCGGTTACACTGCAG,0
CTCGGTTCGCATATTG,0
CTCGGTTTAGTGGCAA,0
CTCGTAAACTATATTT,0
CTCGTAAAGGAAAAAA,0
CTCGTAAATAACAATA,0
CTCGTAAATTACTGTA,0
CTCGTAATGTTTCGCT,0
CTCGTAGGTACAAAAC,0
CTCGTATGTGTGGTAC,0
CTCGTCACGGAAAACT,0
CTCGTCAGCAAACGTA,0
CTCGTCATTATTCATT,0
CTCGTCCCGAGCCACC,0
CTCGTCGACCCGCAGT,0
CTCGTCTGAACCAAAG,0
CTCGTGAAAGCATAGG,0
CTCGTGAAGGTATAAA,0
CTCGTGAATAATGACT,0
CTCGTGACTTGAACCC,0
CTCGTGCTGGTAACAC,0
CTCGTGGAATATCATC,0
CTCGTGTGACATATTT,0
CTCGTTAGCACTATTG,0
CTCGTTGCAAGCGTGT,0
CTCGTTTAGTCTGTTC,0
CTCGTTTCTCAAAATA,0
CTCGTTTGAATGTGGT,0
CTCTAAAAAAGAACCA,0
CTCTAAAAAATCAGTT,0
CTCTAAAAAGACTGAA,0
CTCTAAACCAGTTAAC,0
CTCTAAAGAAATCCGA,0
CTCTAAAGGACGGAAA,0
CTCTAAAGTATTGAAC,0
CTCTAAAGTCTGCGGG,0
CTCTAAATCCAAAACG,0
CTCTAAATTGGCAACA,0
CTCTAACATAGATCGA,0
CTCTAACCGAATATAA,0
CTCTAACGATCAAATT,0
CTCTAACTACGGGGTG,0
CTCTAACTGGGCCACC,0
CTCTAAGAGTTGGCGG,0
CTCTAAGCTAATCATA,0
CTCTAAGTTCCCTTAG,0
CTCTAATACACTAATT,0
CTCTAATAGATCTACA,0
CTCTAATATGGCTCAA,0
CTCTAATCCAATTGAA,0
CTCTAATGCTTATATT,0
CTCTAATTACGAGATA,0
CTCTACACAGGCTAGT,0
CTCTACACCAAAACAC,0
CTCTACACTTGACAGT,0
CTCTACAGATAAAGCG,0
CTCTACAGCCCGCTCT,0
CTCTACCAAAATAAAC,0
CTCTACCAAAGAACTT,0
CTCTACCAGCTAGTAT,0
CTCTACCTAGATATTC,0
CTCTACGACCCATTGC,0
CTCTACTACACATTAC,0
CTCTACTTCTCTGAAG,0
CTCTAGAAGATGTTGC,0
CTCTAGACACACCCTC,0
CTCTAGACAGTTTCTG,0
CTCTAGACTGAAAAAG,0
CTCTAGCCAGACTTAA,0
CTCTAGGAACATAATT,0
CTCTAGTCTTGGTCGG,0
CTCTATAAAAGCTGTT,0
CTCTATAAACATAACT,0
CTCTATAAAGCACTTT,0
CTCTATAAGACCTCCC,0
CTCTATACAAAAGGAG,0
CTCTATACATATGCAC,0
CTCTATACGAACTGAC,0
CTCTATAGAAGCGAAT,0
CTCTATAGGCAAACTA,0
CTCTATCAAAAAGGCG,0
CTCTATCAATCACAAA,0
CTCTATCCAGAATAGA,0
CTCTATCGCCGAAGTA,0
CTCTATGATAAACTAA,0
CTCTATGTTACTAGTT,0
CTCTATTACAACTGTC,0
CTCTATTATGAAGAGC,0
CTCTATTCTAGGGATA,0
CTCTATTGCGATAATT,0
CTCTATTTAGACAGCG,0
CTCTCAAAAATCTACA,0
CTCTCAAACTTTAACG,0
CTCTCAAAGGTCTTAA,0
CTCTCAAATATGTCTA,0
CTCTCAATAAAAAAAG,0
CTCTCAATTGGATCTG,0
CTCTCACAGAGACTCA,0
CTCTCACCTACGAACA,0
CTCTCAGATTGCTGGA,0
CTCTCAGCACTGTAAA,0
CTCTCAGTCATAACCC,0
CTCTCATAAAAAAAAA,0
CTCTCATTACATGTAG,0
CTCTCATTAGAGAAAC,0
CTCTCCAAACACGACT,0
CTCTCCATACACCACA,0
CTCTCCATATGACCAT,0
CTCTCCATGTTGCCTG,0
CTCTCCCCACACACCG,0
CTCTCCCCCAATAATT,0
CTCTCCGAAGCTAACA,0
CTCTCCGACTAATCAT,0
CTCTCCTAAAAAAATC,0
CTCTCCTAACACAACA,0
CTCTCCTGATAACCGT,0
CTCTCGAAATTATTAA,0
CTCTCGAGGAGACCTA,0
CTCTCGATACCTAAAG,0
CTCTCGCCGTTCTAAA,0
CTCTCGGTCAAACATA,0
CTCTCTAATCTATGTA,0
CTCTCTATGAACCAAG,0
CTCTCTCCCCTTAAAC,0
CTCTCTGCAAAAAAGT,0
CTCTCTTGCTAACAAT,0
CTCTGAACAACTAAGA,0
CTCTGAATCCAAATAC,0
CTCTGACCATGAACAA,0
CTCTGACGGTTAGAAC,0
CTCTGACTATGTGAGC,0
CTCTGAGCCTAAGCAC,0
CTCTGATCAAATGCCG,0
CTCTGATCGAGCTCCG,0
CTCTGATGGTGTTGAA,0
CTCTGATTGATTGAGA,0
CTCTGCAAATTAATGG,0
CTCTGCGCAAGACGCC,0
CTCTGCTTAAGTAGAA,0
CTCTGCTTTGTCGGAT,0
CTCTGGAAGTACAAAA,0
CTCTGGATAGTTTTAC,0
CTCTGGGACAGTAACC,0
CTCTGGTACAAGGTAA,0
CTCTGTAATGGTTAAT,0
CTCTGTAGGCGATTAA,0
CTCTGTCACATGTTTG,0
CTCTGTGAGCCTACAG,0
CTCTGTGCCACAAACA,0
CTCTGTTAGACACTCA,0
CTCTGTTTCCTGCAGA,0
CTCTTAAAGATCTGCA,0
CTCTTAAGACCATATA,0
CTCTTAAGATAATATA,0
CTCTTAATACAAGCTA,0
CTCTTAATAGAGGTCA,0
CTCTTACCTTAAGCAT,0
CTCTTACGCAGATAGA,0
CTCTTAGAACTTTGAC,0
CTCTTAGCAAGGAAGG,0
CTCTTAGGAAATACTA,0
CTCTTAGGTACTATTA,0
CTCTTAGTATAGTATC,0
CTCTTAGTCATTATTT,0
CTCTTATCATGAGATA,0
CTCTTATTTAAACGGG,0
CTCTTCACAAAGCAAT,0
CTCTTCAGAAAATGTC,0
CTCTTCCACAATCTGT,0
CTCTTCCACGAATAAG,0
CTCTTGAAGAGTGCAC,0
CTCTTGACCCACAGGG,0
CTCTTGGATATAATCG,0
CTCTTGTAATCCTGGC,0
CTCTTGTCATCTGCTT,0
CTCTTGTTGCACCTAT,0
CTCTTTACAACAATTC,0
CTCTTTACCTCTTATA,0
CTCTTTACTGTGACAT,0
CTCTTTATACGTGCTA,0
CTCTTTCATAAAACAA,0
CTCTTTTAACAATTTC,0
CTCTTTTAATCGTGAA,0
CTCTTTTGACCTCAAG,0
CTGAAAAAAAGTAAGC,0
CTGAAAAAATTCATAA,0
CTGAAAAATAATGGAG,0
CTGAAAACCCTCAGGA,0
CTGAAAATCATTAACA,0
CTGAAAATCGGGGTCG,0
CTGAAAATTTGGCCTC,0
CTGAAACAACAAACGT,0
CTGAAACAAGCGACAC,0
CTGAAACAATTGACAA,0
CTGAAACATATGCCAT,0
CTGAAACCAGTACTTC,0
CTGAAACCCTATAGGA,0
CTGAAACCTGACGTAT,0
CTGAAACGAAACACAC,0
CTGAAACGTTATTCAT,0
CTGAAAGAGGTCCATG,0
CTGAAAGCTATGCCCA,0
CTGAAATAAATCTAAA,0
CTGAAATAACGCCACC,0
CTGAAATACAGATAGA,0
CTGAAATAGAAACCTC,0
CTGAAATATAAATTAG,0
CTGAAATATAGAAAAT,0
CTGAAATCAACCCCAG,0
CTGAACAATCAAAGGG,0
CTGAACACCGAATACT,0
CTGAACAGCTTGCACC,0
CTGAACCAAACATTAA,0
CTGAACCCCACGAGAA,0
CTGAACGCCCTTTTAT,0
CTGAACGCGCCTCGCG,0
CTGAACTAGCTGGAAA,0
CTGAACTGGAAGGTAC,0
CTGAACTTTTTTCAAT,0
CTGAAGAAAGAATGAA,0
CTGAAGACATACTTCC,0
CTGAAGACTTTATTAG,0
CTGAAGAGAAAAATAA,0
CTGAAGATATGGGTAC,0
CTGAAGATGCAAAAGT,0
CTGAAGTATACATGTC,0
CTGAAGTCAGAAACAA,0
CTGAAGTTAAAATACA,0
CTGAATAAATAGTGCA,0
CTGAATAATACTAATT,0
CTGAATAGGAAATCCC,0
CTGAATATAAATATCC,0
CTGAATCATATGCAAG,0
CTGAATCATCCATTTA,0
CTGAATCCTCTTTTGG,0
CTGAATCGATACTCCT,0
CTGAATCGTCAAAAAG,0
CTGAATCTAAGACGGT,0
CTGAATGGAACGATGT,0
CTGAATGTAAAAATCA,0
CTGAATGTTTTCCCAT,0
CTGAATTAATCTAGAA,0
CTGAATTCGAATTTGT,0
CTGAATTGATGAACCT,0
CTGAATTGATTGAATA,0
CTGAATTTTGGTAGCC,0
CTGACAAACTAAAATA,0
CTGACAACGCCAGAGG,0
CTGACAACGTACTACG,0
CTGACAAGAGGTAAAA,0
CTGACAATATCAAAAG,0
CTGACACACTAGCCTC,0
CTGACACCAAGCCTCG,0
CTGACACCCTGTAAAG,0
CTGACACGATGGTTTT,0
CTGACACTACCATAAG,0
CTGACACTATCACATC,0
CTGACACTGAAGCAAA,0
CTGACAGAAAAATTGC,0
CTGACAGAGAATACAG,0
CTGACAGCGCAAATTG,0
CTGACAGGAGTGGACG,0
CTGACAGTGTACCACC,0
CTGACATAGTGTCGGG,0
CTGACATGGTAGATGG,0
CTGACCAAAACGGCCT,0
CTGACCACATCCAACA,0
CTGACCACGTGTACCA,0
CTGACCACTAACCTAG,0
CTGACCGATAGAACGG,0
CTGACCTAAGCCCCTG,0
CTGACCTATAAGAATA,0
CTGACCTATTAAATGC,0
CTGACGATGACACCAG,0
CTGACGATTGTGAGAT,0
CTGACGGTGGTCACGA,0
CTGACGTTTCCCATCA,0
CTGACTAAACAATTAT,0
CTGACTAAAGCTTAAC,0
CTGACTAACAGCACAG,0
CTGACTAACTAACAAA,0
CTGACTACCGCAGAAA,0
CTGACTAGTAATATAC,0
CTGACTATAGCATATC,0
CTGACTATCAATATTA,0
CTGACTATCCCGCTAA,0
CTGACTCCAGGATCTC,0
CTGACTTTCACGATCG,0
CTGAGAAACTTTAACA,0
CTGAGACGCCGTTTAC,0
CTGAGACTAAGGAGTC,0
CTGAGAGCACGAAAGC,0
CTGAGAGTAAATGAGA,0
CTGAGATAAGTGTTGA,0
CTGAGATCCGCGAAAG,0
CTGAGATTCAATTGAC,0
CTGAGCAAAGTCTAAG,0
CTGAGCCAACGAATGC,0
CTGAGCCATCTTACCT,0
CTGAGCCATTGACGTG,0
CTGAGCCCTGGTTGAC,0
CTGAGCCTATTGCGAT,0
CTGAGCGAGTAGTCGT,0
CTGAGCTTACACTAGT,0
CTGAGGACGTGATATT,0
CTGAGGAGATGTACTG,0
CTGAGGTCATATAAGA,0
CTGAGGTTATACATTA,0
CTGAGTAAGACACCCT,0
CTGAGTAATCCGACCC,0
CTGAGTACGCAATTCA,0
CTGAGTACTTTTAAAA,0
CTGAGTAGTGCAAATT,0
CTGAGTATATACAAAG,0
CTGAGTCAACTCAGTC,0
CTGAGTCGAAATAATT,0
CTGAGTTAGTCAAGGT,0
CTGAGTTCATGGGCAA,0
CTGAGTTTAAATAGAA,0
CTGATAAAACGACGTC,0
CTGATAAAGCGGCATC,0
CTGATAAATCTGTCAA,0
CTGATAAATTTTTCTA,0
CTGATAACCAATAAGC,0
CTGATAAGAGTAGGGA,0
CTGATAAGCTAGACGA,0
CTGATACCAAAAGGTG,0
CTGATACCCAACAGAC,0
CTGATACCTTAATGGG,0
CTGATACTAGAATTGG,0
CTGATACTATAGGAAC,0
CTGATACTCATTATAA,0
CTGATACTCGCCGATA,0
CTGATAGAACATGAAG,0
CTGATAGGACAGTAAA,0
CTGATATAAAATTGCA,0
CTGATATAGTTGGAAC,0
CTGATATGACCCTCAG,0
CTGATATGCATACTTC,0
CTGATATGTAATTACC,0
CTGATCACCATGCTAA,0
CTGATCAGTAACAGAT,0
CTGATCATTGTATGTC,0
CTGATCCAGCTGGGGG,0
CTGATCCCCTGAGTAC,0
CTGATCCTTTCGAAAC,0
CTGATCGTAATTAGGA,0
CTGATCTAAGATCCAA,0
CTGATCTAATGCATAA,0
CTGATGACAACAAACC,0
CTGATGATTACAAAAC,0
CTGATGGCGAAATTAC,0
CTGATGTAAAACTCTC,0
CTGATGTACTATATTA,0
CTGATGTAGCTTCACA,0
CTGATGTCCACAAAAG,0
CTGATGTTAGGCAGGT,0
CTGATTATTATCGCCC,0
CTGATTATTTGAGGTA,0
CTGATTTAGCAAACCT,0
CTGCAAAACACCAAAG,0
CTGCAAAGATACACCA,0
CTGCAAAGATCCCTTT,0
CTGCAAATATAACCCT,0
CTGCAACACATTCGCA,0
CTGCAACGTCCAAAAA,0
CTGCAATAGTTAAGTA,0
CTGCAATGATCCACTT,0
CTGCAATGCAAAAAGG,0
CTGCAATGCGTAAGTC,0
CTGCAATTACAATCAG,0
CTGCACAAAATTAAAA,0
CTGCACACCCTCCCCC,0
CTGCACAGATACCTAT,0
CTGCACCACATGCCAC,0
CTGCACCGTCAAATTA,0
CTGCACTAACTAATAC,0
CTGCACTACCATACGT,0
CTGCACTCACTTACAA,0
CTGCAGAAATTTTAAT,0
CTGCAGCAGATTAGAA,0
CTGCAGCCAACTCCTT,0
CTGCAGGTTGATGCAT,0
CTGCAGTACTAAATGG,0
CTGCAGTTGTAAACCG,0
CTGCATAACAGTAAAT,0
CTGCATAACCAACCGT,0
CTGCATACCATATAAA,0
CTGCATACCTATCACA,0
CTGCATATAAATGACA,0
CTGCATCGGCCAATAC,0
CTGCATCGTTTTGCAT,0
CTGCATCTAAGACCAA,0
CTGCATGAAACCATTA,0
CTGCATGTATACAGCT,0
CTGCATTACCTGCTAT,0
CTGCATTCATCAAGAG,0
CTGCATTCCGCAAAGA,0
CTGCATTCCGTGCCAA,0
CTGCATTGGACTTTAA,0
CTGCATTTTACTATCC,0
CTGCCAAAACAGAAAG,0
CTGCCAAAAGAAATGT,0
CTGCCAAGTTAAGGAA,0
CTGCCAATCCATTTTA,0
CTGCCACCACAAACGA,0
CTGCCACGAGTATCAT,0
CTGCCAGAACACACAA,0
CTGCCAGGACAAAGTA,0
CTGCCAGGAGAATTGG,0
CTGCCATACAGGTTGG,0
CTGCCATATATAGGTC,0
CTGCCATGAACTTTCC,0
CTGCCATTGCCTTTCA,0
CTGCCATTTAAGTTCA,0
CTGCCCAAAAATGAAT,0
CTGCCCACTAAACCAG,0
CTGCCCAGTTCAGCAA,0
CTGCCCCGACCATAAG,0
CTGCCCCTTCGCTCTT,0
CTGCCCGTCATCCTTC,0
CTGCCCTGAAAAGAGA,0
CTGCCGTTATGTGCCA,0
CTGCCTAATCCGTCAT,0
CTGCCTATTGAACCAA,0
CTGCCTCTTACAGAAT,0
CTGCCTGCGAGGAGAG,0
CTGCCTTCAAGGCAGA,0
CTGCGAAATTAGCTGT,0
CTGCGAACGTATTGCA,0
CTGCGAAGCGTTGTAA,0
CTGCGACCCAAGCTAA,0
CTGCGCCGCAATAAGA,0
CTGCGGACATTCGCAA,0
CTGCGGGGCACTTAAA,0
CTGCGTCTACTATGTC,0
CTGCGTGCAACTGCTC,0
CTGCGTTCGAGTGTCA,0
CTGCTACATGATCTAC,0
CTGCTACGCGGCAAGC,0
CTGCTACGCTTACGTA,0
CTGCTACGTCTAGTCC,0
CTGCTACTACGCGCTC,0
CTGCTAGGCAACGGAA,0
CTGCTAGTCTACAACC,0
CTGCTAGTGAGTCTAT,0
CTGCTCATCTCAGTTC,0
CTGCTCGAATCCCCAA,0
CTGCTGATAGGCGTTC,0
CTGCTGATTCAGTCAT,0
CTGCTGCACCCTTAAC,0
CTGCTTACTATACTAC,0
CTGCTTATCGCGTCAT,0
CTGCTTATTCGAAAAC,0
CTGCTTCGCATATTTG,0
CTGCTTCGCTATCGTA,0
CTGGAAAGGTCAAACA,0
CTGGAAGTTCAATCTC,0
CTGGAATACTTAGAAT,0
CTGGAATCAGTTCTCA,0
CTGGAATCTCCACAAT,0
CTGGACAAGGACCGAT,0
CTGGACAGAACACTAT,0
CTGGACAGGTATCTCC,0
CTGGACATAAAATACG,0
CTGGACATGGTTAGCG,0
CTGGACCACACAACCC,0
CTGGACGACACCTAAG,0
CTGGACTCACACAAAC,0
CTGGAGACGATTGTTA,0
CTGGAGACTATCGATT,0
CTGGAGATTAACATAA,0
CTGGAGCAACAGGCTC,0
CTGGAGTTTACCCAAT,0
CTGGATACTGCAATTG,0
CTGGATAGACCTCGCC,0
CTGGATATATCACGTA,0
CTGGATGATCCCGCCC,0
CTGGATTAAGCAAACT,0
CTGGATTTACAGTTGT,0
CTGGATTTACAGTTTA,0
CTGGATTTATCGAGAA,0
CTGGCAAACCGTACAT,0
CTGGCAAGACACACCC,0
CTGGCAATATGATGAC,0
CTGGCAGACTGCAGGT,0
CTGGCAGGAGCGCCCT,0
CTGGCAGGTTAACCCA,0
CTGGCATAACTAACAC,0
CTGGCATCGTGATATT,0
CTGGCCACCACACAAA,0
CTGGCCGCCTATCAAA,0
CTGGCCTACATGGCGG,0
CTGGCTCACGAGCAAA,0
CTGGCTGGAATGATTG,0
CTGGCTTTTTTGTTAC,0
CTGGGACCACAGAACA,0
CTGGGAGCGTATAATA,0
CTGGGAGTGCTTCAAA,0
CTGGGATAGAAAACTA,0
CTGGGCCAAACTGTGC,0
CTGGGCCAATGCACAA,0
CTGGGCCTTGAAGCTC,0
CTGGGGAATCCAGGGA,0
CTGGGGTTCATAATCC,0
CTGGGTAAATTAGTGA,0
CTGGGTATGGACTGTT,0
CTGGGTCATAAACCCT,0
CTGGGTCATGACGAAC,0
CTGGGTGTTTGGCCTT,0
CTGGGTTAGATCCATA,0
CTGGGTTGTACACGTC,0
CTGGTAAACAAGAATG,0
CTGGTAAACCGAACTC,0
CTGGTAACAACAATTA,0
CTGGTAACCTACAAAA,0
CTGGTAACTTCTCGAG,0
CTGGTACCGCAATCAA,0
CTGGTAGAGATGGCAG,0
CTGGTATAATCCGATA,0
CTGGTATATATAAGTG,0
CTGGTATTCATTTTTG,0
CTGGTCATCACTCACT,0
CTGGTCCAAATTGACC,0
CTGGTCCGCTCTGAAA,0
CTGGTCTCGATCATAA,0
CTGGTGAACTCTGAAC,0
CTGGTGTAATATGCTC,0
CTGGTTAATGGCCAGA,0
CTGGTTAGACCGTAGG,0
CTGGTTAGGATATAAT,0
CTGGTTCAGGAATTTT,0
CTGGTTCATAAGTTGC,0
CTGGTTCATGCTCATA,0
CTGGTTCCACAGTATT,0
CTGGTTCTACACATGA,0
CTGGTTCTTTTATAAC,0
CTGGTTGATCACACTT,0
CTGGTTTATTTAGCTC,0
CTGGTTTGTATAATGC,0
CTGGTTTGTTAGCACC,0
CTGTAAAACAACATTC,0
CTGTAAAATAAATCCA,0
CTGTAAACCCATAGTC,0
CTGTAAACGTCCCTTG,0
CTGTAAACTAAGTAAT,0
CTGTAAACTGATTACT,0
CTGTAACAAGGTCTTG,0
CTGTAACACGTAACAG,0
CTGTAACACTGCTCGA,0
CTGTAACATACTAAAC,0
CTGTAACCGCAAAAAA,0
CTGTAACCGTCACAAT,0
CTGTAACCTCAGGGAC,0
CTGTAACGCAATGCTA,0
CTGTAACGGGCGCCGT,0
CTGTAAGATTACATAT,0
CTGTAAGGACTCCCTC,0
CTGTAAGGCGACCCTA,0
CTGTAATAAGAAGATA,0
CTGTAATGTAGTCCCG,0
CTGTAATTAGGTCGCT,0
CTGTACAAAGACTGTC,0
CTGTACAATACAGTAA,0
CTGTACATACCTCTGG,0
CTGTACATGTATTACT,0
CTGTACCAAGTAATAC,0
CTGTACGATTGTTGAC,0
CTGTACGGCAATCATG,0
CTGTACTTGTGAATTA,0
CTGTAGAACAATATCG,0
CTGTAGACACATTGTT,0
CTGTAGATATGAATCG,0
CTGTAGCGCCGTAGCT,0
CTGTAGCTTGGAATGT,0
CTGTAGGATTACCTAA,0
CTGTAGGCGCTTCCGC,0
CTGTAGTATAAAAGGC,0
CTGTATACAATCTTAA,0
CTGTATACCAGGTCGA,0
CTGTATACTACCAAAT,0
CTGTATCATAAATTTA,0
CTGTATCATTTTGCTG,0
CTGTATCTAGAGGACT,0
CTGTATGAACAGCGAC,0
CTGTATTAAATGTGTT,0
CTGTATTATAAAATAA,0
CTGTATTATAATTAAT,0
CTGTATTCCTAAAACC,0
CTGTATTTACGTGAGT,0
CTGTCAAAAAAGACAA,0
CTGTCAAAACACTAAA,0
CTGTCAACACTCCACT,0
CTGTCACAAGATAAAT,0
CTGTCACTCCTCCTTT,0
CTGTCATGCGTATAAC,0
CTGTCATTTGATCTCA,0
CTGTCCAAAAGGGTCA,0
CTGTCCAGTTGCAATG,0
CTGTCCCTCGAGTCCC,0
CTGTCCGGCAATTCTC,0
CTGTCGAAATACTTAT,0
CTGTCGAAGACTCATA,0
CTGTCGACCAATCAGC,0
CTGTCGACCAGAAACT,0
CTGTCGCAATGGGTTG,0
CTGTCGGTGATCACGA,0
CTGTCGTCGACTACCT,0
CTGTCTAGTAACCAAT,0
CTGTCTATGGTAGTAT,0
CTGTCTCACAAAAAAA,0
CTGTCTGCAGGATAAC,0
CTGTCTGTGTTCTTCA,0
CTGTGAAACATCGCAT,0
CTGTGAAATAGCAATC,0
CTGTGAAATGGAAACG,0
CTGTGAACAACAGAGC,0
CTGTGAACTGTAATGG,0
CTGTGACAGTATGCAT,0
CTGTGACTATCCCCAT,0
CTGTGAGTCTGATATG,0
CTGTGATGCCTGTCAC,0
CTGTGATGCTCACACA,0
CTGTGCCAACATATGG,0
CTGTGCCAATGAAACA,0
CTGTGCCACTTCGTAT,0
CTGTGCCGTGGCAAAA,0
CTGTGCTAATGGTACC,0
CTGTGCTCAAACTAGG,0
CTGTGCTTGTCTAGGT,0
CTGTGGACCATCCAAA,0
CTGTGGACCTAATCCT,0
CTGTGGGAAGTGACAT,0
CTGTGGGCAATAAATA,0
CTGTGGGGTTTAATAA,0
CTGTGGTAATACAATA,0
CTGTGGTTTTCTAAAC,0
CTGTGTAAGATATATT,0
CTGTGTTGCGCCCTAG,0
CTGTTAAAAATCCTCA,0
CTGTTAAGATTATCCA,0
CTGTTAAGTCCATCCA,0
CTGTTAAGTTGAAACT,0
CTGTTAATCTCCTATT,0
CTGTTAATCTTACCCA,0
CTGTTACAAAACCATT,0
CTGTTAGAATAAGTAG,0
CTGTTAGCTTCGAAAT,0
CTGTTAGGTCATCAAT,0
CTGTTAGTGCCCATCG,0
CTGTTATATCAACAGT,0
CTGTTATTTTGCTGAA,0
CTGTTCACCTATTACT,0
CTGTTCCCTTAAATAA,0
CTGTTCCTAAGCGCAC,0
CTGTTCTATGATTCCA,0
CTGTTCTGCTTTTGAT,0
CTGTTCTTGTTTTATG,0
CTGTTGAAAATCCACC,0
CTGTTGAGATTACATG,0
CTGTTGGGCGCTAGGT,0
CTGTTGTAGAAAATCA,0
CTGTTTAACATATAAG,0
CTGTTTAACGCAGACG,0
CTGTTTAAGATTTGAG,0
CTGTTTATGATTAAAG,0
CTGTTTCACTCGAATA,0
CTGTTTCGATAATACA,0
CTGTTTGAGAACCAAA,0
CTGTTTTAAGTCCCCA,0
CTGTTTTCGCTACATG,0
CTGTTTTCTAATATAC,0
CTGTTTTGAAACTGGG,0
CTTAAAAAATACTCCC,0
CTTAAAAAGATACCCA,0
CTTAAAACAGCTATAA,0
CTTAAAACTGTAACAA,0
CTTAAAAGAAAGTTAT,0
CTTAAAATCAGATCAC,0
CTTAAACAAAAATCCG,0
CTTAAACAACCAGGGA,0
CTTAAACAAGAACAGG,0
CTTAAACGAATGAAAC,0
CTTAAACGATAAAGCG,0
CTTAAACGTAAAAAGG,0
CTTAAACTAAAAACTC,0
CTTAAACTCCGAATTG,0
CTTAAACTTTGTAGAC,0
CTTAAAGAAAGAGCCA,0
CTTAAAGAACCATTTT,0
CTTAAAGACTGTTCCT,0
CTTAAAGGATTATACG,0
CTTAAAGGCGACACGC,0
CTTAAAGTACTAAAAC,0
CTTAAAGTCTAGTACT,0
CTTAAAGTGATCCATC,0
CTTAAAGTTTCATAAT,0
CTTAAATACTCCACCC,0
CTTAAATACTCGCGCT,0
CTTAAATATCAATTAG,0
CTTAAATATGCGATCC,0
CTTAAATCAGAAAGTG,0
CTTAAATCCGTGTACC,0
CTTAAATCGTTTGACG,0
CTTAAATTCCCCAAAG,0
CTTAACAAACACCGCA,0
CTTAACAAGGTTGTAC,0
CTTAACAATCAAGTTC,0
CTTAACACTAACAAGA,0
CTTAACAGCAACTCCG,0
CTTAACAGCTCATCAC,0
CTTAACATAGAGCATA,0
CTTAACATCGATTCCC,0
CTTAACCACATATGTG,0
CTTAACCACGTTTACA,0
CTTAACCCTGAAAATA,0
CTTAACCTAGCAATGT,0
CTTAACGCATGACATG,0
CTTAACGCGGAAACAT,0
CTTAACGGTAGGAATG,0
CTTAACGGTGCTAGAA,0
CTTAACGTAATTCCTG,0
CTTAACTGTAAACTAA,0
CTTAACTTAGCCGGAT,0
CTTAAGAAGACGCGGA,0
CTTAAGACCCCAGTAC,0
CTTAAGACCCTATAAA,0
CTTAAGACTCCTAACA,0
CTTAAGATAGCACCAT,0
CTTAAGATCGGTTCGA,0
CTTAAGCCGTAATAGA,0
CTTAAGCGATTATACG,0
CTTAAGCTGAAACTAC,0
CTTAAGGACCCTTCGA,0
CTTAAGGATACCATAG,0
CTTAAGGTCAATGCAG,0
CTTAAGGTCTCATACT,0
CTTAAGGTTACAATGC,0
CTTAAGGTTTATAAAA,0
CTTAAGTAAAGTAGGG,0
CTTAAGTAAGTAATAA,0
CTTAAGTAATCTACCA,0
CTTAAGTCATCGCCTT,0
CTTAAGTTCACAAAGG,0
CTTAAGTTGGAAAGAA,0
CTTAATAACACAAGCT,0
CTTAATAACCCCTGAA,0
CTTAATAATCCTTCAC,0
CTTAATACGAGACCCG,0
CTTAATAGAACAGAGG,0
CTTAATAGATTGATCT,0
CTTAATAGGCTCGCCT,0
CTTAATATCCAACTCA,0
CTTAATCAAGATTAGA,0
CTTAATCACCAATATA,0
CTTAATCAGGGCTTCC,0
CTTAATCGCTAACAGA,0
CTTAATGCCACTGTCC,0
CTTAATTAAGAAGAGA,0
CTTAATTCCGGTAATG,0
CTTAATTCCTACATGG,0
CTTAATTGAAACCCAT,0
CTTACAAAAAAAGAGG,0
CTTACAAAAAATCGAT,0
CTTACAAAACACGGGA,0
CTTACAAACTCACGTC,0
CTTACAAATCACTGAT,0
CTTACAACAATTGAAC,0
CTTACAACTCTTAAAT,0
CTTACAACTGCTTCTG,0
CTTACAATCAACCTCC,0
CTTACACGAAAAAGAC,0
CTTACACGGCATTACG,0
CTTACAGAGAGCAACA,0
CTTACAGATTGTTATG,0
CTTACATCTAAGTCAA,0
CTTACATGAAAGCCGC,0
CTTACATGGGTGTTGA,0
CTTACATGTATAACCG,0
CTTACATTACATACAA,0
CTTACATTTCTATCCC,0
CTTACCAAACTAAATA,0
CTTACCAAAGGAGCTG,0
CTTACCCCCCCTTCAA,0
CTTACCCGGTAGCTGT,0
CTTACCGACGCAATAA,0
CTTACCGAGTTATAAC,0
CTTACCGATGGGGTTT,0
CTTACCTAGGCTATGC,0
CTTACCTATAGATGAC,0
CTTACCTGGCAGTTTA,0
CTTACCTTGAATATCA,0
CTTACGAAAAGCACTG,0
CTTACGAATGGTCGCG,0
CTTACGACCGTGACGG,0
CTTACGACTGTTCGAT,0
CTTACGCGAATCTTAT,0
CTTACGCGTGAGAATA,0
CTTACGGTTTATCCAT,0
CTTACGTACTGACAAA,0
CTTACGTCACAGACAG,0
CTTACTAAGTACATTT,0
CTTACTAGGGTTGAAC,0
CTTACTCCTACGGTAA,0
CTTACTCCTCTACCCA,0
CTTACTGATAGTGGCA,0
CTTACTGTGTTTCATA,0
CTTACTGTTCCCTAAA,0
CTTACTTAAGGGGGTC,0
CTTACTTAATCAACAG,0
CTTACTTACAGCAAAT,0
CTTACTTATGATTGCA,0
CTTACTTCACCAATGT,0
CTTACTTCTAGAACTG,0
CTTACTTGGTGTAATT,0
CTTAGAAAGATGGACG,0
CTTAGAAATAAACATC,0
CTTAGAAATTACAGAT,0
CTTAGAACATGGGTCG,0
CTTAGAACGGACCATA,0
CTTAGAATATTACCCC,0
CTTAGAATCAGATAAA,0
CTTAGAATGAAATAAC,0
CTTAGACAGCGGCAGA,0
CTTAGACATATGCAGA,0
CTTAGACATCCCCAAC,0
CTTAGACCAGAAAATA,0
CTTAGACCGCACAACC,0
CTTAGACTGCAGACCG,0
CTTAGAGAGCCACAGT,0
CTTAGAGAGTAACTTA,0
CTTAGAGTCTTTCCTA,0
CTTAGATAAACATAAC,0
CTTAGATAATATGCAG,0
CTTAGATGAGACCCGG,0
CTTAGATGTTACGACT,0
CTTAGCACTGAGATCC,0
CTTAGCATAATCACGT,0
CTTAGCCGAAAATTCC,0
CTTAGCCTATCGCACC,0
CTTAGCGATTAATCGA,0
CTTAGCTCATTCACAA,0
CTTAGCTCCTAGAAAT,0
CTTAGCTGCTAATCGC,0
CTTAGGAAACTGATAC,0
CTTAGGAGAGTGTCAT,0
CTTAGGATCACTCTGG,0
CTTAGGCAGGATCCGA,0
CTTAGGCCGAAGCTGG,0
CTTAGGCGAAACTTCT,0
CTTAGGCTCGAAAAGC,0
CTTAGGCTGAATACTA,0
CTTAGGGCCCAGTTCT,0
CTTAGGTACATGAGGG,0
CTTAGGTTGCAAGATT,0
CTTAGTATACGTGAAA,0
CTTAGTGTAACCACGT,0
CTTAGTTACGATTAAA,0
CTTAGTTATGATCTAC,0
CTTAGTTATGGTCTAC,0
CTTAGTTCAACCCTAC,0
CTTATAAACCCGCACG,0
CTTATAAACTAATAAA,0
CTTATAACGCACCTAA,0
CTTATAAGATTAACAA,0
CTTATAAGTGGACAAA,0
CTTATACAACTTTAAA,0
CTTATACAAGATCATA,0
CTTATACAATAACCAC,0
CTTATACATAACACTA,0
CTTATACCAGGGTGTG,0
CTTATACCTGTAGTCC,0
CTTATACTATATGTAG,0
CTTATAGCAAATAAAA,0
CTTATAGGTAAACGCA,0
CTTATAGTTCGACAAG,0
CTTATAGTTTACAGAC,0
CTTATATAGACAAGCT,0
CTTATATCAGTTAAAT,0
CTTATATCGAATCAGG,0
CTTATATCGCCAATTT,0
CTTATCAAAACCTCAC,0
CTTATCAAACGCGTGT,0
CTTATCAACAAAATAA,0
CTTATCCATATATATA,0
CTTATCCTATCAAAAA,0
CTTATCGCCAGAAAGG,0
CTTATCGTACCAGGGT,0
CTTATCGTCCAGCAAT,0
CTTATCTTCGTAGGTA,0
CTTATGAAACGCTCAA,0
CTTATGACCAAGAAGA,0
CTTATGATGTCAGTGA,0
CTTATGCCATAAAAAA,0
CTTATGCGAAATGAGA,0
CTTATGCTGATACCTA,0
CTTATGGAATCCTATA,0
CTTATGTGAATCGAAA,0
CTTATGTGCGTCAAGC,0
CTTATTAACTCAGTCT,0
CTTATTACATAACGAC,0
CTTATTAGCCATCCGT,0
CTTATTATATAGCGTG,0
CTTATTCATGAAAAGT,0
CTTATTCCACTAAACT,0
CTTATTCCATGAGGAT,0
CTTATTCCATGATCAC,0
CTTATTCCGCAGAATG,0
CTTATTCTCCCAGGTG,0
CTTATTGAACATAAAC,0
CTTATTTAACAACCTA,0
CTTATTTCCACCACAT,0
CTTATTTCTCCAGGGT,0
CTTATTTGCAATAATC,0
CTTATTTGGAGGGTCT,0
CTTCAAAAGGATCAAA,0
CTTCAAAATAACAAAT,0
CTTCAAACACTATCTG,0
CTTCAAAGTCCCGCGA,0
CTTCAAATTAACAGGA,0
CTTCAACAAACTAAAC,0
CTTCAACAACCATAGT,0
CTTCAACACCTCTATT,0
CTTCAACAGATACTAA,0
CTTCAACATGGAGGAA,0
CTTCAACCGAAATAAA,0
CTTCAACGCCGACTGC,0
CTTCAAGCCGATTATT,0
CTTCAAGTTAAAAGAC,0
CTTCAAGTTCGGACTA,0
CTTCAAGTTGTTTGCA,0
CTTCAATCAAGTCCAT,0
CTTCAATCCCCTAATA,0
CTTCAATCGAATTAAT,0
CTTCAATCTAGCGGTT,0
CTTCAATCTGAGCGAA,0
CTTCAATGAATAAATG,0
CTTCAATGTCGGAAGA,0
CTTCAATTAACATTCA,0
CTTCACAAAGCCAATG,0
CTTCACAAAGTCATCC,0
CTTCACACTACAATAG,0
CTTCACCTCAAAGTTT,0
CTTCACGATAGACATT,0
CTTCACGTAAAACAAT,0
CTTCACTATAAGTGGG,0
CTTCACTTAAAGTCTA,0
CTTCAGAACAGAATGA,0
CTTCAGAACCTTCACC,0
CTTCAGAGACTCAAAC,0
CTTCAGCAAGCACTTA,0
CTTCAGCAATATAAAC,0
CTTCAGCAGCCACCCA,0
CTTCAGCGTATAACTT,0
CTTCAGGTCCGGGGGA,0
CTTCATAAAAATAAAG,0
CTTCATAATTAGACGG,0
CTTCATACGGACCCTA,0
CTTCATATTAAATTGC,0
CTTCATATTGAATTGC,0
CTTCATCGAGAATAGG,0
CTTCATCGGATCGTTA,0
CTTCATGACAACTTTA,0
CTTCATGATAAAGCTG,0
CTTCATTTTCCAAAAA,0
CTTCCAAAGCATACAT,0
CTTCCAAATAGCTTAT,0
CTTCCAACTACCCAAG,0
CTTCCAAGATATTGGC,0
CTTCCACCTTTCAAAC,0
CTTCCAGAAAAGAATC,0
CTTCCAGCCCCGTCTA,0
CTTCCAGTACGGTATA,0
CTTCCATATAATGATT,0
CTTCCATTCCACAGAC,0
CTTCCCACAATCGCTC,0
CTTCCCACAGTGAATA,0
CTTCCCATCGTATTCT,0
CTTCCCCCTCCCATAG,0
CTTCCCCGCCGTGATT,0
CTTCCCCTACTGAATA,0
CTTCCCCTTTACAATA,0
CTTCCCGAATCGATCA,0
CTTCCCGCCTAGAACA,0
CTTCCGAAAACCAATA,0
CTTCCGAAGCCTCGTC,0
CTTCCGACAGTTAAGC,0
CTTCCGAGGAGACGCT,0
CTTCCGCACGAAACGC,0
CTTCCGCCTATTTTTT,0
CTTCCGTGTACTAGAC,0
CTTCCGTTTTCCTCCG,0
CTTCCTACGTGTAAGA,0
CTTCCTACTTGCCTCA,0
CTTCCTCGTTAGGATG,0
CTTCGAAAAATTTTAA,0
CTTCGAAAAGTCCGAT,0
CTTCGAACACTAATAA,0
CTTCGAATAGCCCAAC,0
CTTCGACTTGTGTGGG,0
CTTCGAGCACCACCTA,0
CTTCGAGGACCTGTTC,0
CTTCGATAAACAACCG,0
CTTCGATGGTTGGTAA,0
CTTCGCAAAAGTAGGG,0
CTTCGCAAAGTATCAA,0
CTTCGCACTAGTACCG,0
CTTCGCCTTCACACAA,0
CTTCGCGTCTCTTATG,0
CTTCGCGTCTGAACAG,0
CTTCGCTACTGACCAT,0
CTTCGCTTATAAACTT,0
CTTCGGAGACGAAGTC,0
CTTCGGCAAAACATCT,0
CTTCGGGGACCAGGAA,0
CTTCGGTAGTTGTGCA,0
CTTCGTAAACGCCATT,0
CTTCGTAACCGGACAA,0
CTTCGTGATTCACAGC,0
CTTCGTTCGCTCGAAA,0
CTTCTAAAGAAACAAA,0
CTTCTAACAACTTACC,0
CTTCTAAGGTGTCCCC,0
CTTCTACATCTTCTTC,0
CTTCTAGCACTATCTG,0
CTTCTAGCGATCAGAT,0
CTTCTAGGCCTTCATA,0
CTTCTAGTCTCATCTT,0
CTTCTATCTAAATATC,0
CTTCTCAATCAAGCAC,0
CTTCTCAGCGACAGAA,0
CTTCTCCACTGGCGTA,0
CTTCTCCCACGCAACA,0
CTTCTCTATCAACGAG,0
CTTCTCTCCTAAGAAC,0
CTTCTCTTCCAAGATA,0
CTTCTGAGATCAGAGG,0
CTTCTGCAACATACAA,0
CTTCTGCAGGCTTACA,0
CTTCTGCCCCAATCAA,0
CTTCTGGATACGCACT,0
CTTCTGTAAGACCACG,0
CTTCTGTTGAATAGAC,0
CTTCTTAAATGCATTG,0
CTTCTTACTGCGTGAA,0
CTTCTTAGTTATCAAA,0
CTTCTTCGACATACAG,0
CTTCTTGCTCATCACA,0
CTTCTTTAAAATCAGA,0
CTTCTTTATATATATT,0
CTTGAAAACTATGGCA,0
CTTGAAAAGGTCACTA,0
CTTGAAAATTTAATCC,0
CTTGAAAATTTACGAT,0
CTTGAAACAGCGACGG,0
CTTGAAAGTGTTTGCC,0
CTTGAAATCTCCCGTA,0
CTTGAACAAAACGTGC,0
CTTGAACCCGGCAATC,0
CTTGAACTCGAGGAAA,0
CTTGAACTGACTCTCG,0
CTTGAACTGCTTCCTA,0
CTTGAACTTGAATCGA,0
CTTGAACTTTTCTCAA,0
CTTGAAGAAATTAAAA,0
CTTGAAGCGAGGGGAA,0
CTTGAAGGACCATAGG,0
CTTGAATAACTTTGAC,0
CTTGAATAAGGAATAT,0
CTTGAATATAGTCTAT,0
CTTGAATGAGAAACCC,0
CTTGAATTATGCACTC,0
CTTGACAGAGCGCCGA,0
CTTGACCAGATCGTAG,0
CTTGACCCGTCCATAT,0
CTTGACTATCATTGCC,0
CTTGACTTCCCACACT,0
CTTGAGAACATGGGAT,0
CTTGAGAATAGGACTA,0
CTTGAGAATCCGCCAA,0
CTTGAGACAAACGTCT,0
CTTGAGACAGCTCACA,0
CTTGAGACATAATATA,0
CTTGAGACTCCCCAGA,0
CTTGAGCAATCATGAT,0
CTTGAGCAGAGTACGT,0
CTTGAGGTTGAACCTA,0
CTTGAGTCAAGCGACC,0
CTTGAGTCGTGAGGTT,0
CTTGATAAAAATAAAA,0
CTTGATACGATCACTA,0
CTTGATAGCATTGCGT,0
CTTGATCAGTTCCACC,0
CTTGATCGATGGCACA,0
CTTGATGACCCGTAAC,0
CTTGATGACTCACGCT,0
CTTGATGTGTTCAGCC,0
CTTGATTATGCTATTC,0
CTTGATTCTTAGAATA,0
CTTGCAAAAAGTTCTC,0
CTTGCACGATACCGGC,0
CTTGCACTACAGACAG,0
CTTGCAGAAAGTTCAT,0
CTTGCATATTAAATTA,0
CTTGCCACAGAATATG,0
CTTGCCATCCTGCGAC,0
CTTGCCGACGACTGAT,0
CTTGCCGATTATCCGC,0
CTTGCCGCTACTTACT,0
CTTGCCGCTTAACTTA,0
CTTGCCTGCCAAAGAA,0
CTTGCGAATCTTCCGC,0
CTTGCGAATGGCTAAT,0
CTTGCGCTCACAGTAG,0
CTTGCGTCGAGCACCA,0
CTTGCTTCTCTGAAGC,0
CTTGCTTGATTATAAG,0
CTTGGAAAAACCTAAT,0
CTTGGAAACGTCTAAA,0
CTTGGAAAGGTAAACC,0
CTTGGAAATCCACGAG,0
CTTGGAACCAACCGTG,0
CTTGGAACTGATGATT,0
CTTGGAAGTAGACACC,0
CTTGGACAAGTATTAA,0
CTTGGATAATTACGTT,0
CTTGGATTCAAACCGA,0
CTTGGCGATAGGGGGC,0
CTTGGCTACCTTATTA,0
CTTGGCTGATTATTCA,0
CTTGGCTGTAATGAAG,0
CTTGGCTTACGCCTAA,0
CTTGGGAGCCGGTGAA,0
CTTGGGCATAGTACCT,0
CTTGGGGGTAAACCCT,0
CTTGGGTAAGCCCGTC,0
CTTGGTAAACATTGAG,0
CTTGGTATCTGTAGAT,0
CTTGGTATTTCGTCAT,0
CTTGGTCGAGGCATTG,0
CTTGGTCGGAAGACAT,0
CTTGTAAAGCCTAGCT,0
CTTGTAAATGTCTGAT,0
CTTGTAAATGTTAACT,0
CTTGTAAATTCAAGGA,0
CTTGTAACTAAGTATC,0
CTTGTAAGACAAAAGA,0
CTTGTAAGCCTTTGAA,0
CTTGTAAGTCAACACC,0
CTTGTAATTGATTAAC,0
CTTGTACAACTGCCCA,0
CTTGTACCCCAACTTA,0
CTTGTACCGTAGAACG,0
CTTGTACGGCAATTAG,0
CTTGTACTAGGCCAAA,0
CTTGTACTTGTGTTAC,0
CTTGTAGAGTTTGTTT,0
CTTGTAGATCAAAAAG,0
CTTGTAGCACAAAAAA,0
CTTGTAGCATTATGAA,0
CTTGTAGTTAAGACCG,0
CTTGTCAATTTTGAAA,0
CTTGTCACTAGTCTCG,0
CTTGTCACTGGGATTC,0
CTTGTCCTTACGATTC,0
CTTGTCGTACGCATAG,0
CTTGTCTTGATATCGC,0
CTTGTGTAAGTGTTCA,0
CTTGTTAACTTAATGC,0
CTTGTTAAGCCCACAA,0
CTTGTTACAAAAGCAA,0
CTTGTTACCAAAATTG,0
CTTGTTATTACCTGTT,0
CTTGTTCGATCGTCGT,0
CTTGTTCTGAACGGGT,0
CTTGTTGCGTTTAAAC,0
CTTGTTGTATCAATTA,0
CTTGTTTGAACACAAC,0
CTTGTTTTTATCGTAC,0
CTTTAAAATAATACAA,0
CTTTAAATAAGCCCAA,0
CTTTAAATCTCCCAGG,0
CTTTAAATGAAATGAA,0
CTTTAAATTGCTTTAA,0
CTTTAACAATCTTAAT,0
CTTTAACCATTAACAT,0
CTTTAACCCCATGCAA,0
CTTTAACTACTTCTGG,0
CTTTAACTCAAGGAGG,0
CTTTAACTTACTTAAT,0
CTTTAAGGTATAATGG,0
CTTTAAGTGCCAAGTG,0
CTTTAATAGACATCGT,0
CTTTAATATATGCCTT,0
CTTTAATATTCACATT,0
CTTTAATCTTACGTGG,0
CTTTAATGAAAGCTTT,0
CTTTAATGAAGAATGA,0
CTTTAATTCCCAGTTA,0
CTTTACAAAATCTGGC,0
CTTTACAAAGACGAGA,0
CTTTACAAATCCTATC,0
CTTTACAATCAGAGTA,0
CTTTACATATAAAATA,0
CTTTACATGGGATATA,0
CTTTACGTGATAACTA,0
CTTTACTACGGATTGG,0
CTTTACTGATAAGATA,0
CTTTAGAATATAACTC,0
CTTTAGAGCCCCCGGA,0
CTTTAGATCGCAAAAG,0
CTTTAGCTAAATCAGT,0
CTTTAGGGAATCAAGA,0
CTTTATACCGATCATC,0
CTTTATAGACTCATAA,0
CTTTATAGAGAATTAG,0
CTTTATATAGAGAGAA,0
CTTTATATATACTTAG,0
CTTTATCACCTGATAT,0
CTTTATCCAATCTTGT,0
CTTTATCGAAGGTATG,0
CTTTATCGTGTAATTC,0
CTTTATCTAAAGACCG,0
CTTTATGCGTACTTTT,0
CTTTATGTAACAACTT,0
CTTTATGTTTTTAAAA,0
CTTTATTACGTCAACA,0
CTTTATTACTAATTGG,0
CTTTCAAAACTCTTCC,0
CTTTCAAACCTTCGCG,0
CTTTCAAATTCTGCAT,0
CTTTCAACCTCTCAAA,0
CTTTCAAGATTCAATT,0
CTTTCACCCTAACAAT,0
CTTTCAGATTATCGAC,0
CTTTCAGGTTTGGCGT,0
CTTTCAGTGAGCGTTA,0
CTTTCATAAACTGACT,0
CTTTCATGACAAGGAT,0
CTTTCATTTGGATATT,0
CTTTCCAAAATTAGCA,0
CTTTCCAATACCCATA,0
CTTTCCACACAATCTA,0
CTTTCCCAAATAGAGA,0
CTTTCCCCGAGTCACA,0
CTTTCCCGTTAAAGAT,0
CTTTCCGAGGTACCTA,0
CTTTCCTGATAAGAAT,0
CTTTCCTGTACTACGA,0
CTTTCGAATTAATAGC,0
CTTTCGAGCGGCACGA,0
CTTTCGGACCCCAGAA,0
CTTTCGTACAAAGGCA,0
CTTTCGTAGACGTGTT,0
CTTTCGTGACATTTAA,0
CTTTCTAAAATAATAT,0
CTTTCTAAACATATGT,0
CTTTCTCACTTACAAT,0
CTTTCTGCAGTCCTAA,0
CTTTCTGCTATGGAAT,0
CTTTCTTAACGCCTGG,0
CTTTCTTGAAAATACA,0
CTTTGAAACAGAGGTT,0
CTTTGAAACCATAAGG,0
CTTTGAACACGTATGG,0
CTTTGAAGCATGTTGA,0
CTTTGAAGCCGACTGT,0
CTTTGAAGGCAATAAC,0
CTTTGAAGGCGAGAAA,0
CTTTGACACCAAGGCT,0
CTTTGACACCTCGAAT,0
CTTTGACCGAATTCGC,0
CTTTGACTAAACGGTA,0
CTTTGAGACAGTGCCA,0
CTTTGATTTACAATTG,0
CTTTGCAAATCCCCTG,0
CTTTGCACCGAAATAC,0
CTTTGCAGTGTAAACT,0
CTTTGCCAAAGCACGG,0
CTTTGCCCAACGCTGT,0
CTTTGCCCCTAATTTC,0
CTTTGCTATCTAAACA,0
CTTTGGAAACAATTAA,0
CTTTGGAATAAGGCGT,0
CTTTGGACAGGTTATA,0
CTTTGGATGTATAACG,0
CTTTGGCCGTCAATCT,0
CTTTGGGATTAGACCT,0
CTTTGGGTTATAAAAC,0
CTTTGGTCTAGTCTAA,0
CTTTGGTCTCTCATAA,0
CTTTGGTGTCATGGGC,0
CTTTGGTTCCATATGT,0
CTTTGTAAAGAACCCC,0
CTTTGTAGAAACGAGG,0
CTTTGTATAATTGCCT,0
CTTTGTATATACTGTC,0
CTTTGTCAATGATGAG,0
CTTTGTCAGTATGTTG,0
CTTTGTCCTTATGAAC,0
CTTTGTGCACTTTCAG,0
CTTTGTTGACTGTAGA,0
CTTTTAAAAACGGACT,0
CTTTTAAAGAGAATGC,0
CTTTTAAATAATAAAT,0
CTTTTAACGGGCAAAC,0
CTTTTAATATTAGGAC,0
CTTTTACAAAAACAAT,0
CTTTTACAAAACTACT,0
CTTTTACACACAACAA,0
CTTTTACACGTCGCAC,0
CTTTTACAGAACATGT,0
CTTTTACCAAAAAAGC,0
CTTTTACCATACGCGA,0
CTTTTAGCTCTATGAC,0
CTTTTATAACTAAGCT,0
CTTTTATCCACCCATC,0
CTTTTATGAATGGTAG,0
CTTTTATTGGGTGCAT,0
CTTTTCAAATGACAGA,0
CTTTTCATTTGAACTT,0
CTTTTCCAGAAACACG,0
CTTTTCCAGAATTGAG,0
CTTTTCCCCGTTCCCT,0
CTTTTCGGTATCCCGG,0
CTTTTCGGTCGACCAA,0
CTTTTCTACCGAAATG,0
CTTTTCTATGACAAGT,0
CTTTTCTGAGTAAAAC,0
CTTTTCTTCAGTGTCT,0
CTTTTGATCCATACTG,0
CTTTTGCCAGCTACCG,0
CTTTTGCTAATCATCA,0
CTTTTGGATACGCTGG,0
CTTTTGTAACTTTATC,0
CTTTTGTAGCATCCAA,0
CTTTTGTATCTAGGGA,0
CTTTTGTCCGGCAGAT,0
CTTTTTAAACAGGCCA,0
CTTTTTAAACGGATGA,0
CTTTTTAACATACAAG,0
CTTTTTAAGATATTTC,0
CTTTTTACATAGCAAA,0
CTTTTTACTGGCAGAA,0
CTTTTTAGACATTTAA,0
CTTTTTCGGAGACCAC,0
CTTTTTGAAGATTAAG,0
CTTTTTGCCTAAGCCA,0
CTTTTTTAACCAACAC,0
CTTTTTTGAGCTACGC,0
GAAAAAAAAAAAAACA,0
GAAAAAAAAAAAAGCC,0
GAAAAAAAAACATAAT,0
GAAAAAAAAACCGCGG,0
GAAAAAAAAACGCTAT,0
GAAAAAAAAAGCGAAG,0
GAAAAAAAACTACATT,0
GAAAAAAAAGACACGT,0
GAAAAAAAATAAAAAC,0
GAAAAAAACCCCAGTT,0
GAAAAAAATACTGAAT,0
GAAAAAAATAGCACAG,0
GAAAAAAATCAACTTC,0
GAAAAAAATGATCCTC,0
GAAAAAACAATAATCC,0
GAAAAAACAATCGAGT,0
GAAAAAACACTGAATA,0
GAAAAAACAGTTTCCC,0
GAAAAAACCAGGGGGA,0
GAAAAAACCTGTACTG,0
GAAAAAACCTTTCTGT,0
GAAAAAAGCCAATAAT,0
GAAAAAATAACGAATA,0
GAAAAAATACATCCCT,0
GAAAAAATCACTAACA,0
GAAAAAATCATGTACC,0
GAAAAAATTAACTCGA,0
GAAAAAATTCAGAGCC,0
GAAAAACAAAGACATA,0
GAAAAACAACACCTTA,0
GAAAAACACATTAAAA,0
GAAAAACATCAATGCA,0
GAAAAACATTCTAAAA,0
GAAAAACCCTATCAGT,0
GAAAAACCGACGACTC,0
GAAAAACGAAGTTTAC,0
GAAAAACGCAATGCAA,0
GAAAAACGGTGGAATC,0
GAAAAACTGACGAAAA,0
GAAAAACTGACGAAAT,0
GAAAAACTTACACCTA,0
GAAAAACTTATGTAAT,0
GAAAAACTTTCATTAT,0
GAAAAAGAGAGTGGGA,0
GAAAAAGAGTATGTTA,0
GAAAAAGATAAGGCCC,0
GAAAAAGCTCATGACC,0
GAAAAAGGCAGCGTTG,0
GAAAAAGGGCACTGAT,0
GAAAAAGTTCTTAAAT,0
GAAAAATAAAACTAGT,0
GAAAAATAAACACTAA,0
GAAAAATAATATGTAA,0
GAAAAATACAAGTGGA,0
GAAAAATAGTAGAATA,0
GAAAAATATTCGAGTT,0
GAAAAATCATGAAAAT,0
GAAAAATCCAAGTCAA,0
GAAAAATCCACTCCAA,0
GAAAAATCTCCTGTGA,0
GAAAAATGAACAGGGC,0
GAAAAATGCACCTTCC,0
GAAAAATGCATGTTTC,0
GAAAAATGTATATATC,0
GAAAAATTCAGACAGT,0
GAAAAATTCTTAGCAA,0
GAAAAATTGCCTAGGT,0
GAAAAATTGTTATCCA,0
GAAAAATTGTTTAGAT,0
GAAAACAAAAAATGTC,0
GAAAACAAAAAGACGT,0
GAAAACAAAGAAATAG,0
GAAAACAAAGATACCC,0
GAAAACAAAGGGGATG,0
GAAAACAACGCAAAAT,0
GAAAACAACGTCTCTC,0
GAAAACAAGCTAGTTC,0
GAAAACAAGTTCTCAC,0
GAAAACACCTAGATAA,0
GAAAACACGAGCAAAC,0
GAAAACACGCCAATCG,0
GAAAACAGGTTCATAC,0
GAAAACATACCAATCC,0
GAAAACATAGATATTC,0
GAAAACATGATGTGAA,0
GAAAACATGTAGATAA,0
GAAAACCATTAGAGAT,0
GAAAACCCAGACACTA,0
GAAAACCCATATAAAA,0
GAAAACCCCATACTCC,0
GAAAACCCTCGCTATA,0
GAAAACCGATACTGTC,0
GAAAACCTATCTAAAA,0
GAAAACCTATTTCCAC,0
GAAAACCTGAAGGTTA,0
GAAAACGAACCTTACC,0
GAAAACGACCCCACAA,0
GAAAACGAGCTACACT,0
GAAAACGATAACACTA,0
GAAAACGGCCAACCAT,0
GAAAACGTAAACTCTC,0
GAAAACGTAATTAACA,0
GAAAACGTACAGATGA,0
GAAAACGTGCTCTTAG,0
GAAAACTAGACGATAC,0
GAAAACTAGCATCTAG,0
GAAAACTCGTCACCGA,0
GAAAACTCTGGCTTGG,0
GAAAACTGAGACGATA,0
GAAAACTGTCACGGAT,0
GAAAAGAAAGTTGAAG,0
GAAAAGAACAAAATCG,0
GAAAAGAACCCATAAG,0
GAAAAGAACGAAACGC,0
GAAAAGATTAATACGA,0
GAAAAGATTGTCAAAA,0
GAAAAGCAACGTAGAC,0
GAAAAGCCCAACAAAA,0
GAAAAGCGGATCGATC,0
GAAAAGGAAAAGCCCA,0
GAAAAGGAATTTATAG,0
GAAAAGGACGATAAAA,0
GAAAAGTAATTTCAAT,0
GAAAAGTATCACGCTA,0
GAAAAGTCCGCTTGAA,0
GAAAAGTCGACCACCA,0
GAAAAGTCTTATATAT,0
GAAAAGTGCAAACAGA,0
GAAAAGTGCTGAGCTA,0
GAAAAGTGGTAAATCA,0
GAAAAGTGTACACTTC,0
GAAAAGTTAATGGTAT,0
GAAAAGTTACTGTAAA,0
GAAAAGTTGCACAGTA,0
GAAAAGTTTACAGATA,0
GAAAATAAACACAGCG,0
GAAAATAACCATGTTT,0
GAAAATAAGCCACTAA,0
GAAAATAAGGGGAAAA,0
GAAAATAAGGGTACAC,0
GAAAATAATAAGGGAA,0
GAAAATAATAGAACAA,0
GAAAATAATATGCTTT,0
GAAAATACGACTCCTG,0
GAAAATACGATCGTAA,0
GAAAATACGATGCATT,0
GAAAATACGGACGAGT,0
GAAAATAGAAGAACTA,0
GAAAATAGCACGAATT,0
GAAAATAGCCCCTAAT,0
GAAAATAGGATATAAA,0
GAAAATAGGCACAATA,0
GAAAATAGTACGACAC,0
GAAAATATATAGCAGG,0
GAAAATATCGGCTAAA,0
GAAAATATTATATGTC,0
GAAAATCAACAGAGTT,0
GAAAATCAGTCTATGT,0
GAAAATCCACATTTGT,0
GAAAATCGAATTATAT,0
GAAAATCTAGAATGCA,0
GAAAATCTCCTGGCGC,0
GAAAATGAGAGGGCAA,0
GAAAATGAGCGCGTAC,0
GAAAATGGTAACCATA,0
GAAAATGTAGTCAGTA,0
GAAAATGTTACTTGCT,0
GAAAATTAAACATCTA,0
GAAAATTACAAAATCA,0
GAAAATTACTATACCC,0
GAAAATTATATAGACA,0
GAAAATTATGACTTAG,0
GAAAATTCAATAGCAG,0
GAAAATTCACACTGTA,0
GAAAATTCACTAACCG,0
GAAAATTGAGCTACTT,0
GAAAATTGGAGAATAA,0
GAAAATTTATTCGTCA,0
GAAAATTTCTATCTGA,0
GAAAATTTTTAGCCAG,0
GAAACAAAAATTATCC,0
GAAACAAAATAATTAA,0
GAAACAAAATCAACAG,0
GAAACAAAATCAACCC,0
GAAACAAACAATGGGG,0
GAAACAAACGTAAATT,0
GAAACAAAGAAAACAC,0
GAAACAAAGTTTGAGT,0
GAAACAAATGGTATAA,0
GAAACAACAAAAAAAG,0
GAAACAACATACCAAC,0
GAAACAACCTTGAGCC,0
GAAACAACGATTTAGG,0
GAAACAACTGTTCGCA,0
GAAACAACTTACGTCC,0
GAAACAAGATTTACAC,0
GAAACAATAACGCGAT,0
GAAACAATAAGAGCCT,0
GAAACAATAAGTCCAT,0
GAAACAATATCAAACC,0
GAAACAATCGGTTTCT,0
GAAACACAAAGAAGAC,0
GAAACACAGTAATTAT,0
GAAACACCATGCATAC,0
GAAACACCGTCCCCAC,0
GAAACACTTACCATTA,0
GAAACAGAAAATTACA,0
GAAACAGAACAATTTT,0
GAAACAGAATGTAAAC,0
GAAACAGATAGGCACG,0
GAAACAGCAATAAGAT,0
GAAACAGCAGCACACA,0
GAAACAGTATTCGGTT,0
GAAACAGTTTCTGTAC,0
GAAACATCATAATTTG,0
GAAACATGCTCTGGAA,0
GAAACCAAATTAAAAG,0
GAAACCAACAATGTGG,0
GAAACCAACTCATTAT,0
GAAACCAATATACTGA,0
GAAACCAATTCGTTAG,0
GAAACCACAAACGCAG,0
GAAACCACTTTTATAG,0
GAAACCATAACACCCC,0
GAAACCCACAATCTAG,0
GAAACCCATTAGTGAG,0
GAAACCGAACTAAGTT,0
GAAACCGCTTTATTAC,0
GAAACCGGGAAGGATG,0
GAAACCGTATAACTAG,0
GAAACCTATTATCTAA,0
GAAACCTCAAAATACA,0
GAAACCTCTCTCTATA,0
GAAACCTTAAATGTGC,0
GAAACCTTATTAAGCG,0
GAAACCTTTCATCTCA,0
GAAACGAAAGAAAGAA,0
GAAACGACAGCAGAAA,0
GAAACGAGCCTAAATA,0
GAAACGATAAGGGAAG,0
GAAACGATACAGCATA,0
GAAACGCAAAAATTAA,0
GAAACGCAACCGAATG,0
GAAACGCCCGACAAAT,0
GAAACGCGAAGAATAT,0
GAAACGCGCATAATAA,0
GAAACGCTAAAACATG,0
GAAACGCTAATGAGGC,0
GAAACGCTCTTTTCTA,0
GAAACGGATTCACTAA,0
GAAACGTATAGATGAT,0
GAAACGTTACTTATAC,0
GAAACGTTCATTCAAA,0
GAAACGTTGCAGAAAC,0
GAAACTAAAGCACACT,0
GAAACTAATACCGTAA,0
GAAACTAATTAAGATT,0
GAAACTAGAATGGCGC,0
GAAACTAGATTACCTT,0
GAAACTAGGATAACTT,0
GAAACTATATAATAAA,0
GAAACTATTGGCTTCC,0
GAAACTCAGACAAAGG,0
GAAACTCCCCCAAGGA,0
GAAACTCTCCATACCT,0
GAAACTGATAGTAAAT,0
GAAACTGCTCGAGAAG,0
GAAACTGGAGTCGGTA,0
GAAACTGGCGAACCCA,0
GAAACTGGCGGTCCTA,0
GAAACTGTCGGACTAT,0
GAAACTTAATGTGCTG,0
GAAACTTAGTACAAGA,0
GAAACTTATTTCACAA,0
GAAACTTCACTACCTC,0
GAAACTTCTGTTAAAT,0
GAAACTTGATAACGTG,0
GAAACTTGGTTGCTCA,0
GAAACTTTCTACCACC,0
GAAAGAAACCGAAACC,0
GAAAGAAATACATCCA,0
GAAAGAAATCACTTTT,0
GAAAGAAATCTTCCCG,0
GAAAGAACTGAACATA,0
GAAAGAAGATCAATAA,0
GAAAGAAGGCAGTAGC,0
GAAAGAATAGACTCGC,0
GAAAGAATCACGATAA,0
GAAAGAATTAGCCTGG,0
GAAAGAATTCGAACCA,0
GAAAGACGAAGATTCA,0
GAAAGACGCGTCCCCT,0
GAAAGACGCTGAAATA,0
GAAAGACGTATAACCC,0
GAAAGAGGCCATATAC,0
GAAAGAGGTTTATAAA,0
GAAAGAGTATGACCTT,0
GAAAGAGTTGAACAGA,0
GAAAGATAAAGTTAGC,0
GAAAGATATGCAACGG,0
GAAAGATCATTATTTC,0
GAAAGATGAACCCAGA,0
GAAAGATGTACAAACG,0
GAAAGATTCGGAAACA,0
GAAAGATTGGAAGTTA,0
GAAAGCAAATTCAAAC,0
GAAAGCAACTGAAAAC,0
GAAAGCAACTTCATTG,0
GAAAGCAATATAAGCG,0
GAAAGCACAAATAATA,0
GAAAGCAGACAGATTA,0
GAAAGCAGGTAAGTAC,0
GAAAGCATCCTCGATC,0
GAAAGCATGTACACCT,0
GAAAGCCTCAGAAGCC,0
GAAAGCCTCGATTGTC,0
GAAAGCGAAAGGAGTA,0
GAAAGCGATTGACGAA,0
GAAAGCGCTGCATAAA,0
GAAAGCGTAGGCAGAT,0
GAAAGCTACTCTGATC,0
GAAAGCTCAAAATATA,0
GAAAGGAAACTCATTA,0
GAAAGGAAGAGATGCC,0
GAAAGGAGAGACGAAT,0
GAAAGGAGGCCAAAAA,0
GAAAGGAGTCCAGGGG,0
GAAAGGATATTCAGTG,0
GAAAGGATTAGGGCCC,0
GAAAGGATTTACTACT,0
GAAAGGCAGTGTAACT,0
GAAAGGTAACTCCAAT,0
GAAAGGTAGTACCACC,0
GAAAGTAAAAATTATC,0
GAAAGTAATATAAAAG,0
GAAAGTACTCAGAATT,0
GAAAGTAGCCATAGAC,0
GAAAGTAGTATACCAT,0
GAAAGTATCGAATATA,0
GAAAGTATCTTAGTAA,0
GAAAGTCAACTATAAT,0
GAAAGTCGGACGCCAC,0
GAAAGTCGTCGATGGT,0
GAAAGTCTATTTCCAA,0
GAAAGTGAATAGGGGC,0
GAAAGTGCCTACTAAT,0
GAAAGTGGAAATGGGC,0
GAAAGTTACACAAAAT,0
GAAAGTTCAAACTATG,0
GAAAGTTCCCAACCAC,0
GAAAGTTTACTATAAT,0
GAAAGTTTATCGCTAA,0
GAAATAAAACTTTCGT,0
GAAATAAAAGCTCCGT,0
GAAATAAAAGTGTAAA,0
GAAATAAACACCAATA,0
GAAATAAAGTACACTT,0
GAAATAAAGTCGAGTC,0
GAAATAAATCGATCTT,0
GAAATAAATTCGCTTG,0
GAAATAACACAAATTA,0
GAAATAACATTGAACA,0
GAAATAACGACATAAG,0
GAAATAACGTGGGCCA,0
GAAATAACTTAAGTCT,0
GAAATAACTTGATACA,0
GAAATAAGATAACGAT,0
GAAATAAGGTTGAATA,0
GAAATAAGTAACATCT,0
GAAATAAGTAGAGACG,0
GAAATAATAACGAATA,0
GAAATAATAATACAAT,0
GAAATAATAATGGACA,0
GAAATAATATACTTTT,0
GAAATAATGATTTTAT,0
GAAATACAAAATCGTA,0
GAAATACAATTTACTA,0
GAAATACACAACGACC,0
GAAATACACTATTTAA,0
GAAATACATACCAGTG,0
GAAATACATCACCCAC,0
GAAATACATTATTCCA,0
GAAATACCTCATCACC,0
GAAATACTACTATCGC,0
GAAATACTTGCATTAA,0
GAAATAGAATGTCTAA,0
GAAATAGCATTGACAA,0
GAAATAGGAGACCACT,0
GAAATAGGTTCCCAAT,0
GAAATATAATGGTGTT,0
GAAATATAGATAGTAA,0
GAAATATATAAGACAT,0
GAAATATATGGCAAAC,0
GAAATATATTAGGTCT,0
GAAATATCAAGGACCT,0
GAAATATCAGACTTCA,0
GAAATATTACATACAG,0
GAAATATTCTGGGAAA,0
GAAATATTCTGTCCCA,0
GAAATATTGTCAACGG,0
GAAATCAAAATTGAAG,0
GAAATCAAACACAGAA,0
GAAATCAAATGGCAAA,0
GAAATCAACGTAACAA,0
GAAATCAATCGAGTTT,0
GAAATCACAACCTGAC,0
GAAATCACCCCAACAA,0
GAAATCACGAGAGATG,0
GAAATCAGACAATTAC,0
GAAATCATCAACGTGG,0
GAAATCATCCAAAAGT,0
GAAATCCAACTGTAAA,0
GAAATCCAGCATCAAT,0
GAAATCCCTCCCTATG,0
GAAATCGAACTCATAA,0
GAAATCGTCCAGGTGC,0
GAAATCTAAAATTCAT,0
GAAATCTCCGGTACAT,0
GAAATCTCTAATCGTA,0
GAAATCTCTACTGTGC,0
GAAATCTGATTTCCAT,0
GAAATCTTTAGAAACC,0
GAAATGAAATAAGTTT,0
GAAATGAAATAGTTGT,0
GAAATGAACCCAAACC,0
GAAATGAACTATAACG,0
GAAATGACAAACCCTT,0
GAAATGACCAAAAAAT,0
GAAATGACCAGTGTTA,0
GAAATGACTAGAGATC,0
GAAATGACTCATGTAA,0
GAAATGACTTAACTAC,0
GAAATGAGAACCTGAA,0
GAAATGAGATAACAAG,0
GAAATGCACTTTTGAA,0
GAAATGCATTCTGTCG,0
GAAATGCGGAGTATAC,0
GAAATGCTCGAGATCG,0
GAAATGCTTACATTAG,0
GAAATGTCCAGTAAGT,0
GAAATGTCGTACTGAC,0
GAAATGTGATACTATA,0
GAAATGTGTTAACGCG,0
GAAATGTTAGAGTGAT,0
GAAATGTTAGCGCCTA,0
GAAATGTTTCGAACTC,0
GAAATTAAAAAAAACG,0
GAAATTAACTTCGGGC,0
GAAATTACGATAAACT,0
GAAATTAGATATAAGG,0
GAAATTAGTCTGTGAA,0
GAAATTATAACCGATT,0
GAAATTATAGACTGTA,0
GAAATTATAGTAATAC,0
GAAATTATATCGCATC,0
GAAATTATTAGATGCA,0
GAAATTATTATTCTCT,0
GAAATTCACATCAAAT,0
GAAATTCTCTGGTCCA,0
GAAATTGATTATAAGT,0
GAAATTGCAAAGCACT,0
GAAATTGCATATTAAG,0
GAAATTTACGAGCAGA,0
GAAATTTAGGTCAAAT,0
GAAATTTATTTTTCAT,0
GAAATTTCAACAATTA,0
GAAATTTTAGTCTGTT,0
GAACAAAAAATGACAA,0
GAACAAAATGCGTCAG,0
GAACAAACACGAATAA,0
GAACAAACAGCAACTT,0
GAACAAACCATGTAAA,0
GAACAAACTAACGTCA,0
GAACAAAGAGAGAAGA,0
GAACAAAGTACACAAC,0
GAACAAATAATTATCG,0
GAACAAATAGGCCGAT,0
GAACAAATATAGACAA,0
GAACAAATCTTCATCT,0
GAACAACAAATGGACT,0
GAACAACACGTACCTC,0
GAACAACAGAAAATAT,0
GAACAACAGTATTCAA,0
GAACAACCCTTAAGTG,0
GAACAACCGTTGAGAA,0
GAACAACGTGAACCTA,0
GAACAACTAGTCCCCC,0
GAACAACTCAATGCAC,0
GAACAAGAAAACTTAA,0
GAACAAGAGATTCAGA,0
GAACAAGGAATATTGA,0
GAACAAGTGTGTACAC,0
GAACAATAACCTTTCC,0
GAACAATAATAACTTT,0
GAACAATAGGATATAG,0
GAACAATCATCTAATC,0
GAACAATGATATGTCC,0
GAACAATGCACTTGTT,0
GAACAATTAAACGATA,0
GAACAATTTAACACCT,0
GAACACACCATAAAAC,0
GAACACAGCGACTAGA,0
GAACACAGGATATGAC,0
GAACACAGTTACTAAA,0
GAACACATCCAAGCAA,0
GAACACATCCCTCCTT,0
GAACACATGTAAACCG,0
GAACACATTTTGGGTA,0
GAACACCACTTCTGTC,0
GAACACCCGACAAAGG,0
GAACACCCGCGTAAGC,0
GAACACCGTTTACTAA,0
GAACACCTAAAAAAAG,0
GAACACGAAAAAATGT,0
GAACACGGACTTAGAC,0
GAACACGGAGACATCC,0
GAACACGTACACACAA,0
GAACACGTTCCATCAG,0
GAACACTAGAACATCA,0
GAACAGAAAATGTATG,0
GAACAGAAAGCCTTAT,0
GAACAGAACGTATATT,0
GAACAGAATGGGTTAA,0
GAACAGAGGCAAGCCT,0
GAACAGCTTATCCAAT,0
GAACAGCTTTCGTGTA,0
GAACAGGAATAAACAG,0
GAACAGGGCATAGCGA,0
GAACAGTAAGATTAAG,0
GAACAGTATACGCTAC,0
GAACAGTATTACAATA,0
GAACAGTTAACACATA,0
GAACAGTTTAAAGACA,0
GAACATAAAACCGTAA,0
GAACATAAAACTAACT,0
GAACATAAAGATAACA,0
GAACATAAGGTTAAAG,0
GAACATACAAATGGCT,0
GAACATACTCTTAAAC,0
GAACATAGATGCTGCT,0
GAACATAGTCGGTAGG,0
GAACATATCGTGATTA,0
GAACATATGAGGACCA,0
GAACATATGATATATG,0
GAACATATTTCTTACG,0
GAACATCAACTGCTCA,0
GAACATCACTATATGA,0
GAACATCCAAAACAAA,0
GAACATCCGCCCTGTT,0
GAACATCGAAAGCCCA,0
GAACATCTCCTATAAA,0
GAACATCTCTCTGAGC,0
GAACATGAAGTAGACA,0
GAACATGACTAAACAA,0
GAACATGAGCCGCTGC,0
GAACATTTCCACTTGA,0
GAACATTTCGAAGAGG,0
GAACCAAACCGAATAG,0
GAACCAAAGATAGAAT,0
GAACCAAATAGACCTA,0
GAACCAAATTACGCAG,0
GAACCAATAATAGTGT,0
GAACCACAGCATTTTT,0
GAACCACCAAGGCATT,0
GAACCAGAAGAAGCAC,0
GAACCAGATACTCTAT,0
GAACCAGGATTAATAG,0
GAACCATAAAACACAA,0
GAACCATAATAAACAA,0
GAACCATAATCTATAG,0
GAACCATACTGGACGG,0
GAACCATATCTTCAAA,0
GAACCATCCATGAATC,0
GAACCATGGTATTTAG,0
GAACCATGTAACGAAC,0
GAACCATGTTTTAGGC,0
GAACCATTCCTTAATC,0
GAACCCACACAGAACA,0
GAACCCATCCCAGAAA,0
GAACCCGGGTACGCAA,0
GAACCCGTTTTCACAA,0
GAACCCTAATCGCTAT,0
GAACCCTATAGATGAC,0
GAACCCTATTATTTGA,0
GAACCCTGGAATAAAA,0
GAACCGAAAGAGCAAT,0
GAACCGAACGAATTTA,0
GAACCGAAGATTACAC,0
GAACCGATATATACAA,0
GAACCGCAACTAGGAT,0
GAACCGCTTCACATAT,0
GAACCGGGAATTAGGG,0
GAACCGGGACAAACAC,0
GAACCGTAACAGATAT,0
GAACCGTAATTTGAAC,0
GAACCGTAGAGGATAG,0
GAACCGTATACATACG,0
GAACCGTCCCCCAGAA,0
GAACCGTGAAACCGAT,0
GAACCGTTATCAGTGT,0
GAACCGTTCATGCAAT,0
GAACCTAAATACCTTT,0
GAACCTAAGCAATTTT,0
GAACCTAATGGAAATA,0
GAACCTACACAACAAT,0
GAACCTACACGATACA,0
GAACCTACGAAGTCAG,0
GAACCTACGGTGCTCT,0
GAACCTATATATTCCA,0
GAACCTCCAGTAATTA,0
GAACCTCCCGTTCAGG,0
GAACCTGCTATAAGTA,0
GAACCTGGCAGTCAGT,0
GAACCTTCCGATGGTA,0
GAACCTTCTTAGTCCT,0
GAACCTTGTCTCATGT,0
GAACCTTTTTCACTAC,0
GAACGAAAAAAACCAC,0
GAACGAAAACTAGAAT,0
GAACGAAAATCCCCAG,0
GAACGAAACACTTCTC,0
GAACGAAACATTCAAA,0
GAACGAAAGGACCACG,0
GAACGAAATATAATTG,0
GAACGAAATTGAAACG,0
GAACGAAGTATTTGGA,0
GAACGAAGTCAATCGT,0
GAACGACAATTGAAAA,0
GAACGACATACATGAA,0
GAACGACCCGAAAACA,0
GAACGACTGACGTGAA,0
GAACGAGCGATCCTTA,0
GAACGAGGCCTGGCGT,0
GAACGAGTTCCCACCT,0
GAACGATAATTATACT,0
GAACGATCAATAAGCG,0
GAACGATTACGGATAA,0
GAACGCAAAAAACCCA,0
GAACGCAATCGCAATT,0
GAACGCACCTGAAGCG,0
GAACGCACTGTGTTTT,0
GAACGCATTCTTGACA,0
GAACGCCATAAATTAA,0
GAACGCCCGGGCCCAG,0
GAACGCGAACCACAAG,0
GAACGCTACATTTAAT,0
GAACGCTACTATATAA,0
GAACGCTAGACGAATC,0
GAACGGAAAGCAAACG,0
GAACGGAAGAACGTAA,0
GAACGGAAGAAGATTA,0
GAACGGACAATAACGC,0
GAACGGACATAAAAGT,0
GAACGGACTAAGATAT,0
GAACGGCAGGTAAAAC,0
GAACGGCTAAATCCCT,0
GAACGGCTAGCCGGAC,0
GAACGGGTCTAAAGCT,0
GAACGGTCATGCACTA,0
GAACGGTGAATCACAA,0
GAACGTAAACCGTATT,0
GAACGTAAAGATAAAT,0
GAACGTACACAAAAGA,0
GAACGTACGAGGAACG,0
GAACGTACTGAGCTTT,0
GAACGTAGACCGCCAT,0
GAACGTAGGGCGAAAC,0
GAACGTATTGCGGTCC,0
GAACGTCAATATATGA,0
GAACGTCTACTAAATA,0
GAACGTGAAAAAATTC,0
GAACGTGAGGATGCAA,0
GAACGTGGCAAATGCA,0
GAACGTGTGTCCTAAT,0
GAACGTTAGTAATTAT,0
GAACGTTTGTGGTGAC,0
GAACTAAAAGCAAAAT,0
GAACTAAACTTATTTA,0
GAACTAAATTAGGACA,0
GAACTAACCAAAATCC,0
GAACTAAGCAACAAAA,0
GAACTAAGGTTTTGAA,0
GAACTACAAACTCACG,0
GAACTACAACCATGAC,0
GAACTACAATATAACC,0
GAACTACAGACTCCTC,0
GAACTACATAAAGGTA,0
GAACTACATGAGATAA,0
GAACTACATGGTACGT,0
GAACTACCACTAGCAC,0
GAACTACCCACCGTAA,0
GAACTACCTCAATTAA,0
GAACTACTAATCGCAT,0
GAACTACTTAATAACT,0
GAACTAGAAATATTGT,0
GAACTAGACCATCATA,0
GAACTAGATGCAAACT,0
GAACTAGGGGAGATCT,0
GAACTATAAACGGCAG,0
GAACTATACAACAAAA,0
GAACTATAGCTCGTAT,0
GAACTATAGGATCATG,0
GAACTATCCGTCGAAT,0
GAACTATGCATGACTG,0
GAACTATTACGTATTC,0
GAACTATTATCGAGTC,0
GAACTATTCCCACCGT,0
GAACTCAAAGAGTCTG,0
GAACTCAAATATCATA,0
GAACTCAATGCAAGTC,0
GAACTCACCTGCAGTT,0
GAACTCACGGCTAGAG,0
GAACTCAGACCTTTGA,0
GAACTCATAATACACA,0
GAACTCCAAAACATAT,0
GAACTCCACTCACAAG,0
GAACTCCGCACAGACC,0
GAACTCCGTCCTATTC,0
GAACTCCTTAATGGGA,0
GAACTCTATTCTGGAC,0
GAACTCTCCGATACAC,0
GAACTCTGAACGATAC,0
GAACTCTTAAGGTTAT,0
GAACTGAAAAGTACAA,0
GAACTGAAATCTTAGG,0
GAACTGAATCGTTAGT,0
GAACTGAGAAGCTACA,0
GAACTGAGTCGTCACT,0
GAACTGCAAAAAGAGA,0
GAACTGCCAAAAAAGA,0
GAACTGCTCCTGTAAT,0
GAACTGGATATATAGG,0
GAACTGGCTATTACCA,0
GAACTGGTATCCACTG,0
GAACTGGTGCCCACTT,0
GAACTGTATCTAAATG,0
GAACTGTGAACTAATA,0
GAACTGTTAAAAATCG,0
GAACTTAAAAAAAGTG,0
GAACTTAAAGATGTAG,0
GAACTTAAATCCCAGA,0
GAACTTAAATTAACGC,0
GAACTTAACAGTATAG,0
GAACTTAACTACATGG,0
GAACTTACGTCACTCC,0
GAACTTAGAGCACTAA,0
GAACTTAGATTTATGC,0
GAACTTATATTTTCGA,0
GAACTTATCTCTCTTG,0
GAACTTCACGTTGAAT,0
GAACTTCCTAAGGAAA,0
GAACTTGCACAGGCCC,0
GAACTTGCGTAGTATA,0
GAACTTGGGTCTAAAC,0
GAACTTTTGCTCTTCC,0
GAAGAAAAAACTAAGG,0
GAAGAAAAAATCTCCA,0
GAAGAAAAATAATACT,0
GAAGAAAACTTATGAT,0
GAAGAAACAAACAAGA,0
GAAGAAATACCTACTC,0
GAAGAAATTGCAGAAA,0
GAAGAACAAACACTAG,0
GAAGAACACAACGAAC,0
GAAGAACATGGCCCAT,0
GAAGAACCATAAATTA,0
GAAGAACCTTCCCATA,0
GAAGAACTAAAAGAAC,0
GAAGAACTAGCCCTAA,0
GAAGAACTTCTAAATA,0
GAAGAAGCACACTATC,0
GAAGAAGGTACTGTGT,0
GAAGAAGTACGGACAA,0
GAAGAATAAACAGGTA,0
GAAGAATATACAAAAG,0
GAAGAATATTTAAACA,0
GAAGAATCCTAACTAT,0
GAAGAATGTTAGAACT,0
GAAGAATTATCAGACT,0
GAAGACAAGCTCAACT,0
GAAGACATGCGGATGC,0
GAAGACATGTTGAACA,0
GAAGACCAACCCAACC,0
GAAGACCAGTACAATT,0
GAAGACCCCTGAGAGA,0
GAAGACCGGGGGATCC,0
GAAGACCTATAACGTG,0
GAAGACGAGAATATAG,0
GAAGACGTAGTCAACA,0
GAAGACTATCAAGTGA,0
GAAGACTTCTCCCACG,0
GAAGAGAGCGATAAAC,0
GAAGAGAGGCCGTGAA,0
GAAGAGCAAGCGGTCA,0
GAAGAGCCGAACGGTC,0
GAAGAGCTAACACAAA,0
GAAGAGCTGTATACCC,0
GAAGAGGGATCTTAAA,0
GAAGAGGGCTCTGCTT,0
GAAGAGGGTCATGTGC,0
GAAGAGGTCAGACAGT,0
GAAGAGTATAAGGGAT,0
GAAGAGTGGCTACTGG,0
GAAGAGTTCCAAAAAT,0
GAAGAGTTGAGGACGG,0
GAAGATAAACAAACAT,0
GAAGATAAATTAATAA,0
GAAGATACATAATAAT,0
GAAGATACCATTCGTT,0
GAAGATACCTGAACCA,0
GAAGATAGAAAGTAAA,0
GAAGATAGACAACGGT,0
GAAGATAGACTTTTTA,0
GAAGATAGTTCAGATA,0
GAAGATATAACAGGAT,0
GAAGATATCACACTGA,0
GAAGATATGTATAAAA,0
GAAGATATTCAAACAG,0
GAAGATCCATCCCTTG,0
GAAGATCCGCTCAATT,0
GAAGATCGCCTCCAAA,0
GAAGATCTTGAGTGTC,0
GAAGATGAAATAGCAA,0
GAAGATTAGTTTTCAA,0
GAAGATTATGTTACTA,0
GAAGATTATTAATTAA,0
GAAGATTCTCACTTAA,0
GAAGATTTATAACTGT,0
GAAGATTTGCATAAGG,0
GAAGCAAAAGAGAGTA,0
GAAGCAAAATATAGTA,0
GAAGCAAATATACTAA,0
GAAGCAACCACCCAGA,0
GAAGCAACCACGTAAT,0
GAAGCAAGAATCTGGA,0
GAAGCAATTATACAAA,0
GAAGCACAATGGTTCA,0
GAAGCACCGTAAAAGC,0
GAAGCAGGAATAAAAG,0
GAAGCAGTTATAACCT,0
GAAGCATAAGCAGCTC,0
GAAGCATAATTATCCT,0
GAAGCATTACGTACAC,0
GAAGCATTCATCAAGG,0
GAAGCATTCCATCATA,0
GAAGCATTCTTTCCAG,0
GAAGCATTGCATCCGA,0
GAAGCATTGCCACAAG,0
GAAGCCAATGTCAGTT,0
GAAGCCATACACAAAG,0
GAAGCCATATACATAA,0
GAAGCCATGACATGAA,0
GAAGCCATGCACAGAG,0
GAAGCCCTTGCGGACC,0
GAAGCCGGACATGCCT,0
GAAGCCTAAAGTCATA,0
GAAGCGAAATGCAGTG,0
GAAGCGAATGAATCAT,0
GAAGCGAGTATCCTAA,0
GAAGCGATCTAGAAAG,0
GAAGCGATGCAATGAG,0
GAAGCGCACTGGTTGT,0
GAAGCGCATTAGAGGA,0
GAAGCGCTTAAAAAGG,0
GAAGCGGTAGACTCTT,0
GAAGCGTCAAATACAG,0
GAAGCGTGAACAATCT,0
GAAGCGTTTGCACCAA,0
GAAGCTAATTCAAGAT,0
GAAGCTACGCAGGGAC,0
GAAGCTAGAAGACTAA,0
GAAGCTATTAATAGAA,0
GAAGCTCAGCAAAAAA,0
GAAGCTCCCAGAACAC,0
GAAGCTCTCACATTAA,0
GAAGCTGACTTATTAG,0
GAAGCTGTGTATTAAA,0
GAAGCTTGCTTGCACA,0
GAAGGAAAACCTGAAC,0
GAAGGAAACCAAGAGA,0
GAAGGAACAAATTAAT,0
GAAGGAAGAAAACGCA,0
GAAGGAATAGGGATAA,0
GAAGGAATCCAAATAA,0
GAAGGACCACTAAAGG,0
GAAGGACCCAAAGACA,0
GAAGGACCGGGTCAAA,0
GAAGGACTAATTCCAA,0
GAAGGACTCACGTTAC,0
GAAGGAGAAAAAATCA,0
GAAGGAGAAACTTGCA,0
GAAGGAGATCACAACC,0
GAAGGAGCTGCAAAAA,0
GAAGGAGTGTGGAAAA,0
GAAGGATATCAATGTT,0
GAAGGCAAATTAGCTC,0
GAAGGCAACTAGAACT,0
GAAGGCACTCAATCCA,0
GAAGGCAGAAAGTTAG,0
GAAGGCATACGGGATG,0
GAAGGCCGGTAATCCC,0
GAAGGCCTCACTAAAT,0
GAAGGCGAGTAATTCA,0
GAAGGCGCGGCACTAA,0
GAAGGCGTCCAATTTG,0
GAAGGCTATACAGGGC,0
GAAGGGACACACTCAA,0
GAAGGGACATGCAGTG,0
GAAGGGACTCTCGTGA,0
GAAGGGCCCTGGACTT,0
GAAGGGCCCTTAAAGA,0
GAAGGGGCTTATTCTG,0
GAAGGGGGAAATAGTA,0
GAAGGGTAGAGTTAAC,0
GAAGGGTATAGAACTC,0
GAAGGGTGGGGGTAAC,0
GAAGGTACAAATTTTA,0
GAAGGTACATTACTAC,0
GAAGGTACTGCCCGTA,0
GAAGGTCCTTGTAACC,0
GAAGGTCTATATGGCT,0
GAAGTAAAAAACGACA,0
GAAGTAAAAGCCATGA,0
GAAGTAAAAGGACTTA,0
GAAGTAAAAGGTCATT,0
GAAGTAAAGACATATC,0
GAAGTAAATCTGGTAT,0
GAAGTAACGGCATCAC,0
GAAGTAAGGACCCCAG,0
GAAGTAATGATAGCAT,0
GAAGTAATTACAATAC,0
GAAGTACGTTACCTTC,0
GAAGTACTGTTTGCCA,0
GAAGTAGCAACTTGCT,0
GAAGTAGGAATTATTC,0
GAAGTAGTCATATTTA,0
GAAGTAGTGATACACA,0
GAAGTATAAATCAGTG,0
GAAGTATACTTAACAT,0
GAAGTATAGTTTCAAC,0
GAAGTATCAATCGGAA,0
GAAGTATCGAATTTGA,0
GAAGTATCGGTATTAG,0
GAAGTATCTTTCGATC,0
GAAGTATGACTATATA,0
GAAGTATGGCCAGATA,0
GAAGTATTCACACCCA,0
GAAGTCACAATTTAAA,0
GAAGTCACACCGATTA,0
GAAGTCACAGTCAGAT,0
GAAGTCAGAACCTGGA,0
GAAGTCCAGATAAGCG,0
GAAGTCCCGGACTGCA,0
GAAGTCGAGTCCGATA,0
GAAGTCTAGCGTGGTT,0
GAAGTCTGATATAAGA,0
GAAGTCTTACAAAGCC,0
GAAGTGAACCTTTTAA,0
GAAGTGATAACAACAG,0
GAAGTGATATCAGAGT,0
GAAGTGCCCTAATCAG,0
GAAGTGGGTCTGTATG,0
GAAGTGGGTTCAACAT,0
GAAGTGTATATCCAAC,0
GAAGTGTGGATTATAA,0
GAAGTGTTCATACCAA,0
GAAGTGTTCCATTGTC,0
GAAGTGTTGCTAGCAG,0
GAAGTGTTTTATGAGA,0
GAAGTTAAACTAAATC,0
GAAGTTAAGTATCCGC,0
GAAGTTACAAAACAAA,0
GAAGTTCAATGTATAC,0
GAAGTTCATAAAACAA,0
GAAGTTCCATCAATAT,0
GAAGTTCGGCGACTCA,0
GAAGTTGACTTAAGCA,0
GAAGTTGATGCCTAAG,0
GAAGTTGTAGTTATGA,0
GAAGTTGTCACCAATT,0
GAAGTTGTCGAATCAT,0
GAAGTTGTGAATTAGT,0
GAAGTTTACCTTTTTT,0
GAAGTTTGAAAGAAAC,0
GAATAAAAAAGTAGAA,0
GAATAAAACCACAGTT,0
GAATAAAAGAAAGCAT,0
GAATAAAAGAGATAGC,0
GAATAAAATCTAGGAT,0
GAATAAACCACTAAAA,0
GAATAAAGAACTAAGA,0
GAATAAAGACAGCAAC,0
GAATAAATCACGAATC,0
GAATAAATGTAAACCT,0
GAATAAATTCGTCCAT,0
GAATAACAACAGCAAT,0
GAATAACAGATACGAT,0
GAATAACCACAAACGT,0
GAATAACCACCGCATA,0
GAATAAGAACAGGTTT,0
GAATAAGACCGACACT,0
GAATAAGATAACTCAT,0
GAATAAGATAATTGCA,0
GAATAAGATTCAATCA,0
GAATAAGCTATCGAAT,0
GAATAAGGCCTAGGGT,0
GAATAAGGTACAGCAG,0
GAATAAGTAAGATAAT,0
GAATAAGTGTAGCGTG,0
GAATAATAAGTTGGAT,0
GAATAATAGACAATAA,0
GAATAATCAAATGCAA,0
GAATAATCCTAGTGCG,0
GAATAATGGGAGACTG,0
GAATAATTATTGCCTT,0
GAATAATTCGTCTGAG,0
GAATAATTCTATCCGG,0
GAATAATTTTGCAAAA,0
GAATACACAAGAGGAA,0
GAATACACAGAAATAA,0
GAATACACATTAAGTG,0
GAATACACGAAACTTC,0
GAATACAGCCGATTAA,0
GAATACATATACCACA,0
GAATACATGCATAAAA,0
GAATACCCCAACCAGC,0
GAATACCCTTAATCGG,0
GAATACCGCCGCTACA,0
GAATACCTACTATATT,0
GAATACCTCTGAGAGT,0
GAATACCTTACGGGAA,0
GAATACCTTATACAAA,0
GAATACCTTCACGAAA,0
GAATACCTTCGTCTGT,0
GAATACGATAGGATCA,0
GAATACGTAAAATTGT,0
GAATACTAAAGAATAA,0
GAATACTACACAAATA,0
GAATACTACCTATCAA,0
GAATACTATCTACAAG,0
GAATACTCTAATATGT,0
GAATACTGCTTAAAGT,0
GAATAGAAAGGTCAGT,0
GAATAGAAAGTGAAAA,0
GAATAGAGGATATGAA,0
GAATAGATACATGGCT,0
GAATAGATAGGTAATT,0
GAATAGCCAGGTCACT,0
GAATAGGAAGAACGGA,0
GAATAGGATAGTACCC,0
GAATAGGCGGGCAAAT,0
GAATAGGGAGGCGGAC,0
GAATAGGGATATGCAT,0
GAATAGGTAAAAAACA,0
GAATAGGTTGCAACTG,0
GAATAGGTTTGTTACT,0
GAATAGTATGAGTATA,0
GAATAGTCCGTCTCAA,0
GAATAGTCTATTAGCT,0
GAATAGTGTGCGCCTA,0
GAATATAACTTCGGTT,0
GAATATACGGTCACGG,0
GAATATACTGAAGGAA,0
GAATATACTGGATAAC,0
GAATATATAAACAGTC,0
GAATATATATCCGTAG,0
GAATATATATGGAAAA,0
GAATATATTGCTTTCA,0
GAATATATTGGCTAAA,0
GAATATCACAAAAACC,0
GAATATCCGACCCACC,0
GAATATCCGTACCCAA,0
GAATATCTGGGACTGA,0
GAATATCTTGACAGTC,0
GAATATGATAAGCTTG,0
GAATATGATGGGTACG,0
GAATATGATTTATTCT,0
GAATATGCAACCGAGC,0
GAATATGGCGGACTAC,0
GAATATGTAAGCAAAA,0
GAATATTACAATGTGT,0
GAATATTCAACATTGA,0
GAATATTCCGTTGCAG,0
GAATATTGAACAAATA,0
GAATATTGTATTGCCA,0
GAATCAAACAAATTGT,0
GAATCAAACACATAAC,0
GAATCAAACATTACTA,0
GAATCAACAAAAACGT,0
GAATCAAGAGAACTAT,0
GAATCAAGTGTCTGAA,0
GAATCAATACGCAGTA,0
GAATCACAGCCTTAAA,0
GAATCACCAGTATAAA,0
GAATCACTTACCTAGA,0
GAATCACTTCGCCTAG,0
GAATCAGCAATGAAGT,0
GAATCATAACGCTCAA,0
GAATCATAAGTTCGGC,0
GAATCATCAGAAAAAG,0
GAATCATCCCGATCCT,0
GAATCATCTAGCATAA,0
GAATCATGCAATATTC,0
GAATCATGGACAGTTA,0
GAATCATTATCCGATT,0
GAATCATTTAGAATGG,0
GAATCCAATACTCAAA,0
GAATCCACTCAACTAT,0
GAATCCACTTACCTGA,0
GAATCCAGCGCTGACG,0
GAATCCCACGTTAAAG,0
GAATCCCTTATGTATG,0
GAATCCGATGAAATTT,0
GAATCCGATTCGATAT,0
GAATCCTACCAGATTG,0
GAATCCTTCTAGGATG,0
GAATCCTTTAAAGTTG,0
GAATCCTTTCCCTTCG,0
GAATCGAAACCCTACA,0
GAATCGAACCAAAGGC,0
GAATCGAGAACCACCC,0
GAATCGATAAAAACTA,0
GAATCGATGGGGCATG,0
GAATCGGGAGCACCCA,0
GAATCGTGTATAACTC,0
GAATCGTTCAGATAAG,0
GAATCTAAAACATGCG,0
GAATCTAAACACCTTA,0
GAATCTAAGCTAAACG,0
GAATCTAATAGTGAGT,0
GAATCTAGGTTCAAGC,0
GAATCTATGTATCTAC,0
GAATCTCAATAGATAA,0
GAATCTCCTTCCCTCT,0
GAATCTCGAAACATTG,0
GAATCTCGAGACCAAT,0
GAATCTGACAATCCGA,0
GAATCTGACGCAGCTA,0
GAATCTGACGCCAAAA,0
GAATCTTCACAAACTT,0
GAATCTTTTACCAAAG,0
GAATGAAAACATTCGT,0
GAATGAAGAAAATATC,0
GAATGAAGAAACACTG,0
GAATGAATATCCACAC,0
GAATGAATATCGTATA,0
GAATGAATCTAATTCT,0
GAATGAATGTACGAGT,0
GAATGACCACTTAGGT,0
GAATGACTACTTATTG,0
GAATGACTTCTTAAAA,0
GAATGAGCAATGATAC,0
GAATGAGCTCAAGCTC,0
GAATGAGTAATTATCA,0
GAATGAGTCAACCAGT,0
GAATGATATCACCCGA,0
GAATGATCCCGGACTC,0
GAATGCACCTCTCTTA,0
GAATGCACTGGAGCAT,0
GAATGCAGGACAAGAC,0
GAATGCATATGCCTTA,0
GAATGCATCATACTAT,0
GAATGCCAACTCCCCT,0
GAATGCCATATCACTC,0
GAATGCCCCCAAACTA,0
GAATGCCCCCACTCCG,0
GAATGCCTGAATGGGT,0
GAATGCGATGAACAGA,0
GAATGCTATATCACTC,0
GAATGGAAATCTAAGG,0
GAATGGAACTAAAAGC,0
GAATGGATAGTAATAT,0
GAATGGATTAATAACG,0
GAATGGCAGATAATAG,0
GAATGGCTAGAACAAA,0
GAATGGGCCAGAGTGA,0
GAATGGGGCCCATAAA,0
GAATGTAAAATACGCG,0
GAATGTAATTATTAGG,0
GAATGTAATTCCACTG,0
GAATGTAGTTAATGTG,0
GAATGTATCGGAATAC,0
GAATGTATGGTGTGTT,0
GAATGTATTAGATGTG,0
GAATGTATTTGGTTAA,0
GAATGTCAAAGCTATT,0
GAATGTCAATAATGTG,0
GAATGTCATGTCCAGT,0
GAATGTCTACAGCAGG,0
GAATGTCTACATGCGA,0
GAATGTCTATCTGCAC,0
GAATGTCTTAACCAGT,0
GAATGTGAGCCCAATA,0
GAATGTGCTGCTATTC,0
GAATGTGGGAAGATAA,0
GAATGTGTGGAAAGCA,0
GAATGTTAACCTCGAT,0
GAATGTTAATTGTAAA,0
GAATGTTTTGACACAA,0
GAATTAAAAAATTAGA,0
GAATTAAACCAGACCT,0
GAATTAAACTACACAG,0
GAATTAAATAACAAGC,0
GAATTAACCTAATTTT,0
GAATTAATCGAATAAA,0
GAATTACAAACCTTAA,0
GAATTACAATCTGCGC,0
GAATTACACTTTATAG,0
GAATTACCTCTCCAAC,0
GAATTACTATTATATG,0
GAATTACTTAGCGGCG,0
GAATTAGAGAAGTTGC,0
GAATTAGAGGCAAAAA,0
GAATTAGATTAACCTG,0
GAATTAGTCTAAATGA,0
GAATTAGTGACATACT,0
GAATTAGTGACTAAAA,0
GAATTATAAATCATAA,0
GAATTATAACGGCTAT,0
GAATTATCAGTTGGTA,0
GAATTATCATAATCCA,0
GAATTCAAACATCATT,0
GAATTCAACACGCTAA,0
GAATTCAATAATAACC,0
GAATTCAATTCATTCT,0
GAATTCACAACCAAAT,0
GAATTCACACGATTAA,0
GAATTCAGATAAGTAA,0
GAATTCATAGAGTTAA,0
GAATTCATTCGAGATA,0
GAATTCCAACCCCTCG,0
GAATTCCAACTATATC,0
GAATTCCAGCTGGCGA,0
GAATTCCTCCCAATTT,0
GAATTCGCCCCTCTCC,0
GAATTCTCAACGTGAA,0
GAATTCTTACAAAGAC,0
GAATTCTTACATACTT,0
GAATTCTTGAACATCA,0
GAATTGAAAAGTAACG,0
GAATTGAAACAGCTGG,0
GAATTGAACACTAACA,0
GAATTGAAGACGTGAT,0
GAATTGAATTATACCA,0
GAATTGACCCAAAGTG,0
GAATTGATGTACACCT,0
GAATTGCGAAAGCTAA,0
GAATTGCTGTCCTGAG,0
GAATTGGCCCTACGCA,0
GAATTGTATATGACAT,0
GAATTGTCCTTTGCTC,0
GAATTGTCTCAGGGCA,0
GAATTTAACATGCAGA,0
GAATTTAAGCTGATAA,0
GAATTTAGATCGCCAC,0
GAATTTAGCTACATTG,0
GAATTTAGCTTTCACG,0
GAATTTATACAATCTA,0
GAATTTATCGTCCAGA,0
GAATTTATTAGTTAAA,0
GAATTTCAGATCAAAT,0
GAATTTCCATATTTTG,0
GAATTTCCATTGCAAA,0
GAATTTCCCAAAGAAA,0
GAATTTCTTTTAACTC,0
GAATTTGACAATGCAT,0
GAATTTGATACTGCTA,0
GAATTTGCACACAACC,0
GAATTTGGCTACACTT,0
GAATTTGTATCCTATA,0
GAATTTTAAACGCATG,0
GAATTTTAACCTATTA,0
GAATTTTCGATCAAAT,0
GACAAAAAACCAATCT,0
GACAAAAACGATTTCT,0
GACAAAAAGGTGCATT,0
GACAAAACAGTCGTTA,0
GACAAAACGTCACAGA,0
GACAAAACTAGAAACC,0
GACAAAAGGTACTCCC,0
GACAAAAGTTTAACAT,0
GACAAAATACCCTTAC,0
GACAAACAACACCCAT,0
GACAAACAAGTTGAAT,0
GACAAACAATCAAAAA,0
GACAAACACAGTGTCT,0
GACAAACACTTTATCT,0
GACAAACTCACGCGGA,0
GACAAAGAAGACGGAC,0
GACAAAGAATCCGAAA,0
GACAAAGACTGTAAGC,0
GACAAAGCAACCTATT,0
GACAAAGCCTAAAATC,0
GACAAATAGACTATGA,0
GACAAATATTAAAATT,0
GACAAATATTACACCA,0
GACAAATCAGTTTTCT,0
GACAAATCCTGGCCAA,0
GACAAATCGTACTATC,0
GACAAATGGACACAAT,0
GACAAATTACCCCTAT,0
GACAACAAATATAAAT,0
GACAACAAATTAGTAT,0
GACAACAACAACTAGG,0
GACAACAACAGTACGG,0
GACAACACCGGTAATG,0
GACAACACCTCGTGAA,0
GACAACACGCAGACCA,0
GACAACATACAAAATA,0
GACAACATAGTACATG,0
GACAACATCAAACCTA,0
GACAACCAAGCCAATT,0
GACAACCAATTTAATT,0
GACAACCAATTTGCGC,0
GACAACCATAAATAAT,0
GACAACCGAAACCATT,0
GACAACCTCATATTTA,0
GACAACCTGTATCATC,0
GACAACCTTTTTCGCA,0
GACAACGATAAAATTT,0
GACAACGGAACTTATA,0
GACAACGGGTATAACT,0
GACAACTTTCGGGTTG,0
GACAAGAAAGGTGGTA,0
GACAAGAGATCTAGAA,0
GACAAGATCCCACAGT,0
GACAAGCAAAAAACAT,0
GACAAGCATGTGCAAT,0
GACAAGCATTAATGAA,0
GACAAGCCGGAAAGAA,0
GACAAGGTCACTAGTA,0
GACAAGTACAATTGCT,0
GACAAGTCTCGCAGCA,0
GACAAGTGGGCATGCT,0
GACAAGTGTAAATGGA,0
GACAATAAAAACTCGT,0
GACAATAAAATCTTAA,0
GACAATAAGTCCTTCA,0
GACAATAATCAATGCC,0
GACAATACATCCATTA,0
GACAATATATTCGGAC,0
GACAATATCTAAAGAA,0
GACAATATTCCTATCT,0
GACAATCCGAAGAGAA,0
GACAATCTGAAGCTTA,0
GACAATGATCTGTAAA,0
GACAATGTATCCTACC,0
GACAATGTCTGACTGC,0
GACAATGTGGGAATAA,0
GACAATTAACTATCAC,0
GACAATTAAGTGTATA,0
GACAATTTATTACATT,0
GACAATTTTAACCTAT,0
GACACAAAAACACGCG,0
GACACAAAACTTTAAA,0
GACACAAACGAATCGA,0
GACACAAACTACCTTA,0
GACACAAATAAGCGCG,0
GACACAAATCTTAAGA,0
GACACAACAGATACCC,0
GACACAACGCTCGTTT,0
GACACAAGGATCTCAT,0
GACACAATGCTACTAA,0
GACACACAAGGTCTAT,0
GACACACAGATTAAAC,0
GACACACTAACAGGAA,0
GACACACTATACCGGG,0
GACACAGAGATCAATA,0
GACACAGTTCCTTAAT,0
GACACAGTTTATTCCT,0
GACACATAACACTAGA,0
GACACATACCCTAAAT,0
GACACATATAGGACCA,0
GACACATCTTCGACTG,0
GACACATGCAAAAGTT,0
GACACCAATTAGATCG,0
GACACCACTCACTTAA,0
GACACCCGGATAGATG,0
GACACCGTGTGCACAT,0
GACACCTAGACACTAC,0
GACACCTGAAACGTCA,0
GACACGAGCGTACCGT,0
GACACGAGGTGGGGTA,0
GACACGCATTTATGAA,0
GACACGCCCCAGGCGG,0
GACACGCTGTTCAACA,0
GACACGGTCGCCTGAT,0
GACACGGTTAAGCGTT,0
GACACGTAATCCCATG,0
GACACGTTGACCCCGA,0
GACACTAAAAGCGATA,0
GACACTAAACGTGTTG,0
GACACTAAGATATTAC,0
GACACTACAAAAGAAA,0
GACACTCAAACAAAAT,0
GACACTCAAAGGCCAA,0
GACACTCAACGAACCA,0
GACACTCACGTCCCAA,0
GACACTCAGATTTTAA,0
GACACTCATAATGTCC,0
GACACTGAACATCGTC,0
GACACTGACCCTCAGG,0
GACACTGAGATTGACG,0
GACACTTATATCCACA,0
GACACTTATCCATGAC,0
GACACTTGAACAGTTT,0
GACACTTTGATTAGAT,0
GACACTTTTCGGCTTA,0
GACACTTTTGTGGAAA,0
GACAGAAATCAGAATA,0
GACAGAAGGAAGTGCA,0
GACAGAATTATTAATA,0
GACAGACAGTGACGCA,0
GACAGACATTTCCCAT,0
GACAGACTGAAAACTT,0
GACAGATATATCATTC,0
GACAGATCAGTGGTTA,0
GACAGATCCGCATAAA,0
GACAGATTTATCGGAT,0
GACAGCAATGAGCAAA,0
GACAGCACAAACCAGG,0
GACAGCATCATTAAAA,0
GACAGCATGTATTTAA,0
GACAGCCAAACCAATG,0
GACAGCCAATGAAAAT,0
GACAGCTCGATAATCG,0
GACAGCTTATTGCAAA,0
GACAGCTTTGATTATG,0
GACAGGAACTTCGGTG,0
GACAGGCAATGAATCT,0
GACAGGCTAAATACCA,0
GACAGGCTCCTTTAAC,0
GACAGGCTGACGTCAT,0
GACAGGGCAAACCCCG,0
GACAGGGCGGGACATT,0
GACAGGGTTGATAAAT,0
GACAGGTCCCATACGG,0
GACAGGTCTAAATATT,0
GACAGGTTAGGTACTA,0
GACAGTGAGTATCTAA,0
GACAGTGGTTATGTTT,0
GACAGTGTCATTAGGA,0
GACAGTTACAATGTGA,0
GACATAAAACCTATGA,0
GACATAAAAGCACTTG,0
GACATAAAGAGTATAA,0
GACATAAATAATAGAT,0
GACATAAATATACAAA,0
GACATAACAAAGTTTT,0
GACATAACCAATACGT,0
GACATAAGGACGATGA,0
GACATAAGTGTTACAA,0
GACATAATAGGGATAC,0
GACATAATGCTGATAC,0
GACATAATGTCCGATG,0
GACATAATTTTTAATG,0
GACATACAACCGCCCT,0
GACATACAACTTAAAT,0
GACATACAGCATTTAT,0
GACATACATCACCAAA,0
GACATACCACACAAAA,0
GACATACCATAAGATA,0
GACATACCTGCGTGTT,0
GACATACGTATGAGCA,0
GACATAGCGCCGACTT,0
GACATAGGTCAACCGA,0
GACATAGTATAAGAAT,0
GACATAGTCCTTCGTC,0
GACATATCGAATGGGG,0
GACATATTAACTGAAG,0
GACATATTCTACATCA,0
GACATATTGGTCGAAA,0
GACATCAATCAAGTGA,0
GACATCACCTCCTGCA,0
GACATCCAACAATGTA,0
GACATCCAAGATGGTT,0
GACATCCGCGGCCTGT,0
GACATCCGGTCTAAAA,0
GACATCGCTAAAAGAG,0
GACATCGGTACCGAGT,0
GACATCTCGCGTAGGA,0
GACATCTGGCTAATTA,0
GACATCTTACTAGATA,0
GACATGAAATGCCATG,0
GACATGACGCCCGGAA,0
GACATGAGCCATACAA,0
GACATGAGTGCTACCG,0
GACATGCAATAAAGAA,0
GACATGCCGGAATCGG,0
GACATGCCTAGACGAA,0
GACATGCCTTTACATA,0
GACATGCTACAAAACA,0
GACATGGAACTTTCCG,0
GACATGGTTTTCAGAG,0
GACATGTATACCATGG,0
GACATGTCCCGACTAC,0
GACATGTCGTGTAATC,0
GACATGTGTAGTCAGT,0
GACATGTTAACAGAAA,0
GACATGTTCATTTGGC,0
GACATTAACACATGAG,0
GACATTAAGGACTAGG,0
GACATTATATACAGTA,0
GACATTCACTTAAAAT,0
GACATTCGACTCGAAC,0
GACATTGATAAAACGG,0
GACATTGATTCGTATT,0
GACATTGCTTAGAAAA,0
GACATTGTACAATAAA,0
GACATTGTGAATTATA,0
GACATTTTAAAATCCA,0
GACATTTTACTTGTAG,0
GACCAAAAAACCAAAG,0
GACCAAAAACTATACC,0
GACCAAAAGTCTGTAG,0
GACCAAAATTACCCAT,0
GACCAACAAAGGTAAG,0
GACCAACACGCTCAAA,0
GACCAACATAATCGGG,0
GACCAACATTAGCAAA,0
GACCAACTCATGAATA,0
GACCAAGATCTTACGT,0
GACCAAGTACAGATAC,0
GACCAAGTCTCACGAC,0
GACCAAGTCTGGATAC,0
GACCAATACAGCGGGA,0
GACCAATACGATGATA,0
GACCAATCTGCGAGAA,0
GACCAATGAAGCATCT,0
GACCAATGGCCGATAG,0
GACCAATGTTTTACAA,0
GACCAATTGATAAATA,0
GACCACACGTGATCAA,0
GACCACAGGACTAGGC,0
GACCACATAAGATTGG,0
GACCACATATATCCCC,0
GACCACATTACATCTA,0
GACCACCAATTTTGCG,0
GACCACGAGAAACAAA,0
GACCACGTCCACGGCA,0
GACCACGTGAACATGG,0
GACCACTAGATCCACG,0
GACCACTGGCTCCATG,0
GACCACTTGTTAAATG,0
GACCAGAAAAAATTAT,0
GACCAGACAAAACGGA,0
GACCAGATCGCAGGCG,0
GACCAGCAACCAACAG,0
GACCAGCATACACTTA,0
GACCAGCCGGTTATAT,0
GACCAGGCTATAAACC,0
GACCAGTATGGTACAA,0
GACCATATAAACGCCT,0
GACCATATCCATGAAA,0
GACCATATTTACGCAG,0
GACCATCAGTCATAGA,0
GACCATCCATAAAATG,0
GACCATCGAGACTGTT,0
GACCATCGCGACCCAA,0
GACCATTGACAGCACC,0
GACCATTGTAACTAGC,0
GACCATTTAATGTTAA,0
GACCATTTGCTCTTAA,0
GACCATTTTACTGAAC,0
GACCATTTTGCGTCCT,0
GACCCAAACACCACAC,0
GACCCAAACGTGGTAC,0
GACCCAACCACAGTAG,0
GACCCAAGAAAACACT,0
GACCCAATACCCCAAC,0
GACCCACACTAACTCT,0
GACCCACGAATTTTGA,0
GACCCACTAGGGAACT,0
GACCCAGAAAGGATAA,0
GACCCAGACGTATGAT,0
GACCCATAAACAAATC,0
GACCCATAACCATAAA,0
GACCCATAATTATTGT,0
GACCCATACCCCCCTG,0
GACCCATTCCCACGAC,0
GACCCCAATCAATAAC,0
GACCCCAGTGGGGCCA,0
GACCCCATAAAATAAA,0
GACCCCATCGCTGACG,0
GACCCCGAATGTAATA,0
GACCCCGATATAATAT,0
GACCCCTAAAAAACTC,0
GACCCCTACATTAATG,0
GACCCCTAGCCTACCG,0
GACCCCTATGATATCA,0
GACCCCTCTCTTCGCT,0
GACCCCTGTTTGTTGA,0
GACCCGAACTTAAAAA,0
GACCCGACGGAAAATA,0
GACCCGACTCCGTTAC,0
GACCCGATAGTCTATA,0
GACCCGCTGAAATCAT,0
GACCCGCTTTAGCTTG,0
GACCCGGAATGAGTAA,0
GACCCGGTGGCAATAT,0
GACCCGTGACTGTATC,0
GACCCGTGTTACTAAT,0
GACCCTAAGCAGCGTT,0
GACCCTAGTCTGAAGG,0
GACCCTCATCACTGTG,0
GACCCTCCTCTTGTTT,0
GACCCTTGTAATAGTA,0
GACCCTTTGTAGCGGA,0
GACCGAGACAATGCTT,0
GACCGAGCAAAGCAAA,0
GACCGAGTTGAAAAAG,0
GACCGATAAATCTTTG,0
GACCGATAAGCCCAAT,0
GACCGATCGAACGATT,0
GACCGATCGTCCTTGG,0
GACCGATCTAATATTC,0
GACCGCACCTTTCACA,0
GACCGCCGACTTGTCA,0
GACCGCGGAAACTTGC,0
GACCGGAATGAAGCCG,0
GACCGGACATGTCCTA,0
GACCGGCCTACAAATC,0
GACCGGGGATATAGCA,0
GACCGGTTAGTTCCAT,0
GACCGTAAACAGGGCT,0
GACCGTCCATCAGCAT,0
GACCGTCTCCTATTTA,0
GACCGTGAAAGGATTG,0
GACCGTGTCTCGTAAC,0
GACCGTTATATTTCAG,0
GACCGTTGAATGTACA,0
GACCTAAAACAAACAT,0
GACCTAAAATACTCTA,0
GACCTAAACATTGGCT,0
GACCTAACCTAAACCT,0
GACCTAACTTTCGAGA,0
GACCTAAGATAATACA,0
GACCTAAGGTGGTACG,0
GACCTAATCTAAATAC,0
GACCTAATTTGTGGCC,0
GACCTACAACAGATTT,0
GACCTACACAATCACA,0
GACCTACATCGTACTA,0
GACCTACCACCTCCTA,0
GACCTACCCCATGGCT,0
GACCTACGTGGCCTCC,0
GACCTACTTAATTGAT,0
GACCTAGAGAGTCATC,0
GACCTAGCCGCGAAGG,0
GACCTAGGTTAACAAA,0
GACCTATAAGGCAACA,0
GACCTATAGAATAGCC,0
GACCTATAGTTACACA,0
GACCTATGGCAATAAA,0
GACCTATTACCGTATT,0
GACCTCACGTAGTAAT,0
GACCTCCAACATATTA,0
GACCTCCCTTAAACTA,0
GACCTCGGCAAAAGGA,0
GACCTGAAAAAACCCA,0
GACCTGAACAATCTCA,0
GACCTGCAATTTTTCC,0
GACCTGCTACAATCTT,0
GACCTGGGAGGTTCGC,0
GACCTGGGTAATAGGA,0
GACCTGTTAATTTAAA,0
GACCTTAAAGAAATTT,0
GACCTTAAGTCATGTA,0
GACCTTCAAAAAAAAC,0
GACCTTCATTAATATA,0
GACCTTCCATAGCAAT,0
GACCTTCTATCATAGT,0
GACCTTCTTAAATATC,0
GACCTTGATCGTTCCC,0
GACCTTGTGCACACTT,0
GACCTTTAAGGGCCTC,0
GACCTTTAATTACAGA,0
GACCTTTACAAAAAAT,0
GACCTTTCGACGATAC,0
GACCTTTCGTTCATCC,0
GACCTTTCTTTGCGAG,0
GACCTTTTTTCTAACA,0
GACGAAAAATTATTAA,0
GACGAAAATACTAGAG,0
GACGAAAATTAAGAAT,0
GACGAAACGAAAACAC,0
GACGAAAGGATGAATT,0
GACGAACAAGAAAGAC,0
GACGAACCACAGATCA,0
GACGAACTACGGAAAT,0
GACGAAGGCTAGTATC,0
GACGAATACTGAATAA,0
GACGAATCACACGACA,0
GACGAATTATGACAAA,0
GACGACAAATTTTCAC,0
GACGACAACTATTCCG,0
GACGACAACTCTCATT,0
GACGACACAGAGCTAT,0
GACGACACCAATGCGG,0
GACGACAGTCAGCCCG,0
GACGACCCCCCACTGT,0
GACGACCCTAGAGAAA,0
GACGACTGTTTAAAGC,0
GACGAGAAAAACCTCG,0
GACGAGAAACCGGAGA,0
GACGAGAAGAAATAGG,0
GACGAGAGAGGCATCT,0
GACGAGATCATCTTTT,0
GACGAGATCCACAGAA,0
GACGAGCAACCATAAC,0
GACGAGGAGCACTAAT,0
GACGATCTCGTAAGGG,0
GACGATCTGAAGTAAA,0
GACGATCTGGGACCAG,0
GACGATGAAGTATTCT,0
GACGATGGAGCGATTA,0
GACGATTAACTCAAGG,0
GACGCAAAATACGGAC,0
GACGCAACCACGGTCA,0
GACGCAACCGAAGCTA,0
GACGCAACGGCTCCAG,0
GACGCACACCCCGGCA,0
GACGCACTCTCTAATA,0
GACGCAGACATGCAGA,0
GACGCAGGCACATCGA,0
GACGCATAAGTTAATA,0
GACGCCACTACAAGAT,0
GACGCCCACACAAATA,0
GACGCCCTTCAAAATA,0
GACGCGAAAAGGGCAC,0
GACGCGACAGCACGCA,0
GACGCGAGTCATATGG,0
GACGCGATGCTGTCTC,0
GACGCGGACTTTCATA,0
GACGCGGGCGTAGGCA,0
GACGCGTGCCTCCTCA,0
GACGCGTTATTAAGAT,0
GACGCTAAAAATAGAT,0
GACGCTAACGTTCTCC,0
GACGCTATCCCCAAGC,0
GACGCTCAAACAGTTA,0
GACGCTGACATAGCCG,0
GACGCTGTGTATTTTT,0
GACGCTTAATGAATGG,0
GACGCTTTTAGTGGAA,0
GACGGAACAAAAAGCA,0
GACGGAACCCTAATAT,0
GACGGAATGAAATTAT,0
GACGGAATGCACATCA,0
GACGGAATTCACAGGC,0
GACGGAGAACCTTAAT,0
GACGGAGGTTTAAAAC,0
GACGGATACGCGTCAA,0
GACGGATATATTCAAG,0
GACGGATTTTCTTTCA,0
GACGGCAATGCTATTA,0
GACGGCATCCGCAATA,0
GACGGCCAGAAAGTGA,0
GACGGCGTTAACTTGC,0
GACGGCTATTATCACC,0
GACGGCTGTCCCGCCA,0
GACGGGAAACTGGATA,0
GACGGGAGCCCACCAG,0
GACGGGCATCAATATC,0
GACGGGTCGCAGAGAT,0
GACGGGTTATTAGCCC,0
GACGGTATTTCTTTCC,0
GACGGTGAGCAACCGG,0
GACGTAAAGACAAGAG,0
GACGTAAAGATACCAC,0
GACGTAAATGCAAAAC,0
GACGTAACCTCCCACT,0
GACGTAACGGAACTAT,0
GACGTAATACTACCAA,0
GACGTAATTTGAATAC,0
GACGTACAAGATAAGC,0
GACGTACTTTCGGATA,0
GACGTATAAAAAGACC,0
GACGTATACAGATCGT,0
GACGTATCTATGCGCC,0
GACGTATCTTTATAAG,0
GACGTATCTTTCAATA,0
GACGTCCTCCGCCAAA,0
GACGTCGTCACGCCAC,0
GACGTCGTTACGCTAA,0
GACGTCTAACTAAGTA,0
GACGTCTACACCAGTA,0
GACGTGGATAGCACGG,0
GACGTGTGCGAGTTTG,0
GACGTTAAATACAAGT,0
GACGTTCACATAAGAA,0
GACGTTCCTAATCTAG,0
GACGTTCGGCAAGCGT,0
GACGTTGAACGCAACG,0
GACGTTTAATCAGGGA,0
GACGTTTACTAATATC,0
GACGTTTACTCCACAC,0
GACGTTTAGGTCATAA,0
GACGTTTGAAACGGTT,0
GACGTTTTTGGGTCGC,0
GACTAAAAAAAATCTC,0
GACTAAAACATACAAA,0
GACTAAACAATACACC,0
GACTAAACACACATGC,0
GACTAAACGGCTTTAG,0
GACTAAAGACTAGAAC,0
GACTAAAGGCTATGAA,0
GACTAAAGGTGACAGA,0
GACTAACACACGTATT,0
GACTAACCAGTAACGT,0
GACTAACCCACCTTCA,0
GACTAACCCCGCGGAA,0
GACTAACGCATCTGAA,0
GACTAACTAATCCCAA,0
GACTAAGATATGACAT,0
GACTAAGCCAGGACGG,0
GACTAAGCCCAAACTG,0
GACTAAGGAAATTTAT,0
GACTAAGTCTAACTGA,0
GACTAATACAACTAAA,0
GACTAATACAATAAAA,0
GACTAATACTTTTCAA,0
GACTAATATACCTAAC,0
GACTAATCGCTGAGTG,0
GACTACAAGCGCAGCC,0
GACTACACAACAACAC,0
GACTACACCTTCCAAT,0
GACTACAGTCCGCAGG,0
GACTACATATAGAGTA,0
GACTACCCCCACTGTT,0
GACTACCGGGGTAAAC,0
GACTACCGTTAAAATG,0
GACTACCTCCTAAGAC,0
GACTACGAAGGTTAGA,0
GACTACGACCCCCATA,0
GACTACGATATAACTA,0
GACTACGCTAAGCCTC,0
GACTACGGTCCAACAT,0
GACTACTAAGTTAACC,0
GACTACTACAGACGCA,0
GACTACTATAGCTCGA,0
GACTACTCCTACGCCG,0
GACTAGAAGATTATAG,0
GACTAGAATGGTAAAA,0
GACTAGACATTAATTC,0
GACTAGACCAGCATTA,0
GACTAGAGCACGAAAG,0
GACTAGCAAGCATGGC,0
GACTAGCTAACAGCCG,0
GACTAGCTAGATACAC,0
GACTAGGTAGCGGCCC,0
GACTAGGTTAACTATC,0
GACTAGTCCCGTCATA,0
GACTAGTCTCCACGGT,0
GACTATAAACCTGGTA,0
GACTATAAGTTCAGCA,0
GACTATACAGAGTTAA,0
GACTATACATAAAGAT,0
GACTATCACTTATATC,0
GACTATCAGTAAAGAG,0
GACTATCCAAAGATAG,0
GACTATCTTTTGAGAG,0
GACTATGAATCTTATC,0
GACTATGCCTTCTGCA,0
GACTATGGTTCAAAAT,0
GACTATTAGTCCCAAA,0
GACTATTATACATGTT,0
GACTATTATACCCGAC,0
GACTATTCAATACTAC,0
GACTATTGACTGAGGT,0
GACTATTGTTGAATCT,0
GACTATTTTAGAACGA,0
GACTCAAAAAGATAGA,0
GACTCAAAGCACTACA,0
GACTCAAATAACAAAG,0
GACTCAACAAATTTGG,0
GACTCAATATGGTAGC,0
GACTCAATGTCGCCCC,0
GACTCAATTTAGAGAC,0
GACTCACCAATGAATT,0
GACTCACCTGAAATAC,0
GACTCACGTTTAACAT,0
GACTCACTAGGGTCTT,0
GACTCAGAATGACACT,0
GACTCATACTAGATAA,0
GACTCATACTAGCCAT,0
GACTCCATATGAGTTT,0
GACTCCCGGGTGACAC,0
GACTCCCGTCTTAAGC,0
GACTCCGAACGTACGA,0
GACTCCGACTGAACTC,0
GACTCCGCGGTCCACG,0
GACTCCGCTCTTACTA,0
GACTCCTACATTTAAA,0
GACTCCTCATAAAAAA,0
GACTCGAATAAACGCA,0
GACTCGAGAAGCACGT,0
GACTCGCAATTTTCCA,0
GACTCGCAGGTGCAAT,0
GACTCGCGAAAGGCAA,0
GACTCGCTCCTAAGCA,0
GACTCGGTTAAATAAG,0
GACTCGTAAAGTCAAG,0
GACTCGTCATGACCCA,0
GACTCGTTGGCTAAGG,0
GACTCTAAACCACACC,0
GACTCTAACTAAAGTA,0
GACTCTAAGTTTTTCT,0
GACTCTATTGATTTAT,0
GACTCTCACACCTGTA,0
GACTCTCAGGAATCAC,0
GACTCTCCCTCTGACG,0
GACTCTGAGTCTCAAT,0
GACTCTGATGCACGAC,0
GACTCTGTTAACAAAC,0
GACTCTTAGGAAAATG,0
GACTCTTCACCAATCA,0
GACTCTTGCAATTAGC,0
GACTGAAAAGGATTCA,0
GACTGAATGGCGATAG,0
GACTGACATACGCTAA,0
GACTGACATTGGATAG,0
GACTGACCCAGTCGAA,0
GACTGACCTACGAAGA,0
GACTGAGGGAAACCTA,0
GACTGATAACGAAAAG,0
GACTGATCCTTGAAGA,0
GACTGATGTCACGCGC,0
GACTGATTTCCCTTAT,0
GACTGCAACAGTCGTC,0
GACTGCAACCATTCCA,0
GACTGCAAGAGCAAAC,0
GACTGCATCTCACAAT,0
GACTGCGCCAAGTATC,0
GACTGCGTTTCCAAGA,0
GACTGGAAAATTCACC,0
GACTGGAAAATTTCCG,0
GACTGGAAATACTCGT,0
GACTGGAGATCGTGTT,0
GACTGGCTCTCTCCGG,0
GACTGGGCGCATATAT,0
GACTGGGTCCCTAATT,0
GACTGGTACCTATCAG,0
GACTGGTCTCCAATAA,0
GACTGGTTGACTATCC,0
GACTGTAACGGTGTCT,0
GACTGTACGAATAAGT,0
GACTGTCGCGAGTGAC,0
GACTGTCTCAGGTTTT,0
GACTGTCTTAAGCCGT,0
GACTGTGCTGATCGCG,0
GACTGTGGGAATTAAG,0
GACTGTGTAGCCAATT,0
GACTGTTTAAACTTAC,0
GACTGTTTACATCGAG,0
GACTTAAAACCTTCTT,0
GACTTAACCTATACCA,0
GACTTAAGATACAATG,0
GACTTAATACCCTCAT,0
GACTTAATAGTCCAAA,0
GACTTAATATGCACAA,0
GACTTAATTGTGCAAC,0
GACTTACATAACACAA,0
GACTTACATGCTGGTC,0
GACTTACCCTTAAAAC,0
GACTTACTAAGTATAC,0
GACTTAGAATGCTAAA,0
GACTTAGCCATGCTCG,0
GACTTAGTGAACAAAT,0
GACTTATACTAAATTT,0
GACTTATCTCCGCAGC,0
GACTTATTACCAGAAT,0
GACTTATTCTTGAACC,0
GACTTCAATCGCTCTC,0
GACTTCACTTTAGTCT,0
GACTTCAGAAGACCGA,0
GACTTCAGTCCTAGGC,0
GACTTCCTAATGTTAC,0
GACTTCGGTATAAAAT,0
GACTTCTCGACAGAAC,0
GACTTCTTTAGTCTAT,0
GACTTCTTTGACATAA,0
GACTTGAAACTGAATC,0
GACTTGACCGTACTAA,0
GACTTGAGATGAGACT,0
GACTTGATACACGTTG,0
GACTTGCCCTTGGTAG,0
GACTTGGCGCAGAGCC,0
GACTTGGCGTACAGGG,0
GACTTGGCTATGAATT,0
GACTTGTTGTATTTTA,0
GACTTTAAATCCTATA,0
GACTTTAATAATCCCA,0
GACTTTAGCACATGGT,0
GACTTTAGTCCCAAGT,0
GACTTTATAGTCCTAT,0
GACTTTCAGTCATTAA,0
GACTTTCCAAATGGCA,0
GACTTTCCATATTTTA,0
GACTTTCCCGTATCTT,0
GACTTTCGATCCAAAC,0
GACTTTCTACTTCGTG,0
GACTTTGAACATAGTT,0
GACTTTGATTTGACGC,0
GACTTTGCGTACAGTA,0
GACTTTGTCAAACCCA,0
GACTTTTGTTAGAAAT,0
GAGAAAACAATCGCTC,0
GAGAAAACCGTAAGTC,0
GAGAAAAGAGAAAAAA,0
GAGAAAAGTATAAGAA,0
GAGAAAATAATATAAG,0
GAGAAAATATATTTCG,0
GAGAAACATCTAAAGC,0
GAGAAACGAAACCACT,0
GAGAAACGACATCGTT,0
GAGAAACTAAGAAAAT,0
GAGAAACTATTCCGAG,0
GAGAAACTTAACACGA,0
GAGAAACTTTTGATAC,0
GAGAAAGAAACCCTGA,0
GAGAAAGAGTCAATTT,0
GAGAAAGCAGCCAATC,0
GAGAAAGCATACAGCC,0
GAGAAAGGCTCCGAGA,0
GAGAAAGGTACAACAA,0
GAGAAAGTCACCCAGT,0
GAGAAATACAGAGCTA,0
GAGAAATATTAAGCGG,0
GAGAAATGAAATCAAT,0
GAGAAATTCAGGTAGA,0
GAGAAATTCTAAAAGC,0
GAGAAATTTCAGTCCG,0
GAGAACACAACCTACC,0
GAGAACACTGTCACAC,0
GAGAACATAAACAGAA,0
GAGAACCAAACGTGAG,0
GAGAACCAAGACAATG,0
GAGAACCATGCAGCAT,0
GAGAACCCAGAGCCCA,0
GAGAACCTTCCGCCAA,0
GAGAACGAAACCTACA,0
GAGAACGAGAACCGGC,0
GAGAACGCGCACTATC,0
GAGAACGTTAAAACGA,0
GAGAACTAGAACACCC,0
GAGAACTCAAGCCGTT,0
GAGAACTCCGTTAAGT,0
GAGAAGAAGAACAGAC,0
GAGAAGAAGCAACTGA,0
GAGAAGAATATAGACT,0
GAGAAGATAGTGCCAT,0
GAGAAGCAGCCAAAAT,0
GAGAAGCCGAAAATTA,0
GAGAAGCCTCAAAACT,0
GAGAAGGTGCAGTACA,0
GAGAAGTAGCAAAAAA,0
GAGAATAAAAAATAAC,0
GAGAATAAGCAAAAAC,0
GAGAATAAGCATCAAA,0
GAGAATAATTCGCAAT,0
GAGAATACTTAAAGCT,0
GAGAATAGATAACGAT,0
GAGAATATGTACAGCA,0
GAGAATATTAGTGGAA,0
GAGAATCCCAAACTAA,0
GAGAATCGTATCCACA,0
GAGAATGAACCGGTAA,0
GAGAATGCGATAGGTA,0
GAGAATGGCGTGTCCA,0
GAGAATGGTTTCTACA,0
GAGAATTAATGTCCAT,0
GAGAATTCAATCTACC,0
GAGAATTCCTGCTTGT,0
GAGAATTCGTATCTTT,0
GAGAATTTAAAAAACC,0
GAGACAAACCCTCGCC,0
GAGACAAAGTTAACAT,0
GAGACACGAAAAACAT,0
GAGACACGACTAGAGA,0
GAGACACGTAGTACAC,0
GAGACAGAGAACGTAA,0
GAGACAGCCCCCGACA,0
GAGACATAAGAGAGAT,0
GAGACATCACACTGTA,0
GAGACATCCTGAATCT,0
GAGACATCTCGGAACT,0
GAGACCACCATATTAA,0
GAGACCACGAAAGTGC,0
GAGACCATGACTCACA,0
GAGACCCAATACACGC,0
GAGACCCCAAAAAAAT,0
GAGACCCCGTCAGAAC,0
GAGACCCGCTTTGCTG,0
GAGACCCGTTAATCGC,0
GAGACCGAGCCAAAAT,0
GAGACCGCTTACGGCA,0
GAGACCTAAACAGTAA,0
GAGACCTACCCCTGGC,0
GAGACCTGTAACACTG,0
GAGACCTTCTGTCGAC,0
GAGACCTTTAGTTTTA,0
GAGACGAATTCAATTT,0
GAGACGATGTAAAGGA,0
GAGACGATTGTGTTGC,0
GAGACGCGTTGCAATC,0
GAGACGCTTACCAGGC,0
GAGACGGACGGGCCGG,0
GAGACGTAAGTCGTTA,0
GAGACGTCGACGTTAC,0
GAGACGTGAATATAAG,0
GAGACTAAAACCAATT,0
GAGACTATGCCCCAAG,0
GAGACTATGTCCAGCC,0
GAGACTATGTCTATGT,0
GAGACTCACATTTGAG,0
GAGACTCTGCCACCAA,0
GAGAGAAACATTATCC,0
GAGAGAAATTAAGGAA,0
GAGAGAACAGATGCAC,0
GAGAGAATATAGAAAG,0
GAGAGAATTACATGCA,0
GAGAGACAACCAACGT,0
GAGAGACAGATCTGCA,0
GAGAGACAGGGATCAC,0
GAGAGATGAATTGTTC,0
GAGAGATTAATACGAC,0
GAGAGATTACTTGCTT,0
GAGAGCAATCTTCACA,0
GAGAGCACTATAATAA,0
GAGAGCAGAAGATTCA,0
GAGAGCAGTTTGCGCA,0
GAGAGCCATAATAGAT,0
GAGAGCCGGCAGTGGC,0
GAGAGCCTGATGAATT,0
GAGAGCCTGTAACCTC,0
GAGAGCGAGACAATAA,0
GAGAGCGATATTCATT,0
GAGAGCTAAGTACCAT,0
GAGAGCTGAACCAAGT,0
GAGAGGATATGAGAAC,0
GAGAGGCACTTAGTCA,0
GAGAGGCCCCTATTTG,0
GAGAGGCGCATGTTAC,0
GAGAGGCGTCCAAAAG,0
GAGAGGTTATAAAGTT,0
GAGAGGTTGTCAATAA,0
GAGAGTAAATAACGAA,0
GAGAGTAATCCATGAA,0
GAGAGTATCCAACCCG,0
GAGAGTCATTACGTAT,0
GAGAGTCCAATCACAG,0
GAGAGTGCTACTTAAG,0
GAGAGTGTTCGAATAT,0
GAGAGTTACCCCTGCG,0
GAGAGTTCCTGAATCT,0
GAGATAAAAAATATCT,0
GAGATAAAAAGTAACA,0
GAGATAAAAATTTTCG,0
GAGATAAAACCAGACC,0
GAGATAAAGATTAGCC,0
GAGATAAAGCATGAAC,0
GAGATAAATAAATCAG,0
GAGATAAGACCCATGC,0
GAGATAATAACTACGC,0
GAGATAATATACGAGG,0
GAGATAATATATTTGC,0
GAGATAATCGTACATA,0
GAGATACAATGAAACG,0
GAGATACATACCAGAA,0
GAGATACGAAAGTATT,0
GAGATACTTGTTAACA,0
GAGATAGAGTCAAAGT,0
GAGATAGCCCTAACAC,0
GAGATAGTAAAATGGG,0
GAGATATAATATGCCT,0
GAGATATAGACGTTCA,0
GAGATATCACATTCGT,0
GAGATATGGCAATCGG,0
GAGATATTCACATAAC,0
GAGATATTCTTTTGCG,0
GAGATCACAAACAGCT,0
GAGATCATAGAGCGGT,0
GAGATCCATGCACGTA,0
GAGATCCTCTTCAGAC,0
GAGATCGCAAAACTGA,0
GAGATCTAGTGACGAG,0
GAGATCTGGTATAAAT,0
GAGATCTTAATGCTCC,0
GAGATCTTTCGCACAA,0
GAGATCTTTGACAGAC,0
GAGATGACATAAGACA,0
GAGATGAGCCTAATCG,0
GAGATGATAAAAGATT,0
GAGATGATACGTATCC,0
GAGATGATCACATATA,0
GAGATGCAACAGGAAC,0
GAGATGCTAGACGCCA,0
GAGATGGCAGTTAGAC,0
GAGATGGGCCCAAACA,0
GAGATGGGCGATCTGA,0
GAGATGTAAAGCGTAA,0
GAGATGTCGGTGAAAT,0
GAGATGTGTTAATGGT,0
GAGATGTTCACTTTCA,0
GAGATGTTGGGCTACT,0
GAGATTAACTCTATAG,0
GAGATTACATTCACTA,0
GAGATTACCAGTCTTG,0
GAGATTATACGGTGAT,0
GAGATTCCTATATATT,0
GAGATTCGACACTACA,0
GAGATTGCACCAAAAC,0
GAGATTGCCAGAAGGG,0
GAGATTGCTGTATCAA,0
GAGATTTAGGGCTTAC,0
GAGATTTCTGACAAGC,0
GAGATTTGAGACATAG,0
GAGATTTGAGCCTCGA,0
GAGCAAAAAAAATTAT,0
GAGCAAAAACACGTGC,0
GAGCAAAACAAAATAA,0
GAGCAAAATAGAAGGA,0
GAGCAAAATGAGAAGC,0
GAGCAAACACATTTAG,0
GAGCAAACGATACCGT,0
GAGCAAAGGTTATGCT,0
GAGCAAATAGGTTGCC,0
GAGCAACAAGACGCTA,0
GAGCAACACAGTCTAA,0
GAGCAACGCAGTAGCT,0
GAGCAACTGCTCACCG,0
GAGCAAGCTAACTTGA,0
GAGCAAGCTATTATTT,0
GAGCAAGGCAAAAGAT,0
GAGCAATAATCAAGGG,0
GAGCAATTAAATCGTA,0
GAGCAATTAATAAAGC,0
GAGCAATTTAAAAAGA,0
GAGCACAGGAAACCCA,0
GAGCACCAGAGCAAAT,0
GAGCACCGCACTATCG,0
GAGCACGGGTACCATG,0
GAGCACTAAGATGTTT,0
GAGCAGAAATAACATG,0
GAGCAGACGGCAGCCT,0
GAGCAGAGCTGAAATT,0
GAGCAGAGTCGCCTCA,0
GAGCAGAGTTAAGGGT,0
GAGCAGATCATGACTT,0
GAGCAGATCGAAGGAT,0
GAGCAGATGAATAGCT,0
GAGCAGATTTAAGATT,0
GAGCAGGATATAAACG,0
GAGCAGTGTGTTAGAC,0
GAGCATAAAAACGGGG,0
GAGCATAACCTAGAAT,0
GAGCATAGAAACGGTC,0
GAGCATAGTATTTGAA,0
GAGCATCATTAGCTTC,0
GAGCATCCATCATAAC,0
GAGCATCCTAAAGGAA,0
GAGCATGAAAAGACGT,0
GAGCATGTTACCGAAC,0
GAGCATTAGTTTAATC,0
GAGCATTATAAATCAA,0
GAGCATTTCCCCTGAT,0
GAGCATTTGAATGTAT,0
GAGCCAAAGAATCTAA,0
GAGCCAAAGCTTTTTT,0
GAGCCAATGTGCTGTT,0
GAGCCACGATAAGCGG,0
GAGCCACTACGAATTC,0
GAGCCAGAATCATAAT,0
GAGCCAGATATTAATT,0
GAGCCAGGTAGACATA,0
GAGCCATAACCTACCG,0
GAGCCATCTTCTCGAT,0
GAGCCCAAATCCTATA,0
GAGCCCAAATGTGAAA,0
GAGCCCAACCGTCTTT,0
GAGCCCAATTAAACTA,0
GAGCCCATCAAACTTA,0
GAGCCCCACCCTTATT,0
GAGCCCCAGCTACGCT,0
GAGCCCCATCGACCTA,0
GAGCCCCATGCCCAAT,0
GAGCCCCTCCCTTAAA,0
GAGCCCGTTGTCTGCT,0
GAGCCCGTTGTCTGTT,0
GAGCCCTAACTACAGA,0
GAGCCCTGACTAAAAT,0
GAGCCCTTAGGCACTC,0
GAGCCCTTTGTATGAA,0
GAGCCGAACTGAACTC,0
GAGCCGAGCAGTTAAC,0
GAGCCGATTTCTGAAT,0
GAGCCGCACACCTACA,0
GAGCCGTAATTCAGCG,0
GAGCCGTATAGGAGTG,0
GAGCCTACTATTGCCC,0
GAGCCTATGTGCTATC,0
GAGCCTCCCCCAACTA,0
GAGCCTGCGAAAATAC,0
GAGCCTGGACATGAGC,0
GAGCCTGGTATAGGAG,0
GAGCCTGTAAGATCTT,0
GAGCCTTGTTACAATA,0
GAGCCTTTCGCACTAC,0
GAGCCTTTCGGTACGA,0
GAGCGAAACAGACATA,0
GAGCGAAATAATGAAC,0
GAGCGAACGCCAACTA,0
GAGCGACCCATAGAAT,0
GAGCGACCTAGTTACA,0
GAGCGACTTTACAAAA,0
GAGCGAGGCGTGAGAC,0
GAGCGATAACAATCAA,0
GAGCGATTTAAAGCGT,0
GAGCGCAAGCGGGATA,0
GAGCGCAATGAATACA,0
GAGCGCACAGAAAATT,0
GAGCGCCAATGTCACC,0
GAGCGCCAGAACGCAC,0
GAGCGCGACCACGATG,0
GAGCGCTACAATGACT,0
GAGCGCTTGACAATAG,0
GAGCGGAATGGCGGAC,0
GAGCGGCGGAACGAAC,0
GAGCGGTACCACAATC,0
GAGCGGTACTCTTAAG,0
GAGCGGTTTCTAAAAG,0
GAGCGTAGAGAGAACC,0
GAGCGTCAGGCTGGCA,0
GAGCGTGTCGTTCTAC,0
GAGCGTTGATAATGTG,0
GAGCTAAAAGATGAAT,0
GAGCTACAACAAATAT,0
GAGCTACGTCTACAAA,0
GAGCTAGAACCTGGCT,0
GAGCTAGATCGGGACG,0
GAGCTATATCCGTCAC,0
GAGCTATGAAACTTGG,0
GAGCTATGTCCTAAGA,0
GAGCTCACATACAGCA,0
GAGCTCATAACACGGA,0
GAGCTCATGGTGGAGC,0
GAGCTCATTCACGAGG,0
GAGCTCGGTCAACTTG,0
GAGCTCTACTCTTAAG,0
GAGCTCTATTGCAACG,0
GAGCTCTCATATAGAA,0
GAGCTCTGATATTGGG,0
GAGCTCTGGCCATTCT,0
GAGCTCTGGTAGTGGT,0
GAGCTCTTTCTCTAGC,0
GAGCTGACACTTATAC,0
GAGCTGAGGACAAATT,0
GAGCTGGAAGGTCCGT,0
GAGCTGGCCGTCTTGT,0
GAGCTGGGTAAAAGCA,0
GAGCTGTGTCGACGGT,0
GAGCTTAACCTATTGA,0
GAGCTTAGACGAGACA,0
GAGCTTATAACTTTAT,0
GAGCTTCATACAAAAC,0
GAGCTTCATATTGCGT,0
GAGCTTGACCTCAAGC,0
GAGCTTTCTAACAACA,0
GAGCTTTGCAAATTGA,0
GAGGAAAAAACAATCA,0
GAGGAAAACAAAATTC,0
GAGGAAACTCAGCCAT,0
GAGGAAAGGTTAGAAA,0
GAGGAAATAAATATGC,0
GAGGAACAGAAAACGG,0
GAGGAACATGTTGCAC,0
GAGGAACGCGAGATAC,0
GAGGAACTAGACAAGC,0
GAGGAAGAAACATACA,0
GAGGAAGCTATAAAAA,0
GAGGAATAATATTCCG,0
GAGGAATCCTCAAAGT,0
GAGGAATGATCAACCA,0
GAGGAATTCATGATGC,0
GAGGACAAAATCCTAT,0
GAGGACACTCCCATCC,0
GAGGACAGAAAACCCG,0
GAGGACATGGGATATT,0
GAGGACATTGGATCCA,0
GAGGACCTCCAGATCC,0
GAGGACGAATTTTGTA,0
GAGGACGGATCAACAC,0
GAGGACTAATATCCCC,0
GAGGAGAGACTATTAA,0
GAGGAGATAGCCAAAC,0
GAGGAGCGTACACGGG,0
GAGGAGCTTTACTAAA,0
GAGGAGGTAATGTAAA,0
GAGGAGTGCCGAGATT,0
GAGGATAACCTGTCTG,0
GAGGATAATATCGTCT,0
GAGGATACGTCCCAAT,0
GAGGATAGGATGGAAA,0
GAGGATCAGATATTAA,0
GAGGATCCTCCGACAA,0
GAGGATCGGATTGTGA,0
GAGGATGTATCTGGCT,0
GAGGATTAACGTGATT,0
GAGGCAAAGCCAGCTT,0
GAGGCACAAATACACA,0
GAGGCACGACAGATGG,0
GAGGCAGAACATAACA,0
GAGGCAGGTAATTAGA,0
GAGGCATAGACACACT,0
GAGGCATAGTACGTGA,0
GAGGCATCAAACCACT,0
GAGGCATGATACAACA,0
GAGGCCAAATCAAAAA,0
GAGGCCAATAGTACCA,0
GAGGCCAGAGCTCACG,0
GAGGCCCTAGTATGTA,0
GAGGCGAACAGCATCC,0
GAGGCGAAGCAGTATG,0
GAGGCGAGTGGCTGTA,0
GAGGCGCAATTCAGTA,0
GAGGCGCGGGGTTAGG,0
GAGGCGGAGCAGAGAT,0
GAGGCGTACCACTTTT,0
GAGGCGTTCACATACC,0
GAGGCGTTTGCTTACA,0
GAGGCTAACTTCGAAG,0
GAGGCTAAGGGAGAGA,0
GAGGCTAGAATAGCCC,0
GAGGCTATATAACAAA,0
GAGGCTTATCATATCT,0
GAGGCTTCATGCCCTC,0
GAGGCTTGAACGAACC,0
GAGGCTTTATCACCAT,0
GAGGGAAGGCTTACGC,0
GAGGGACAAAGACTCC,0
GAGGGACACACATAAG,0
GAGGGACGGAACCACT,0
GAGGGACTCCATTTCC,0
GAGGGATTAACGGCGA,0
GAGGGCAAGAATTCTC,0
GAGGGCTTAACTAAAT,0
GAGGGGAGTTCTAAAG,0
GAGGGGCCGATAGTGT,0
GAGGGGCTCTAACCTA,0
GAGGGGGCGAAGCAAG,0
GAGGGTAGTCGTAAAA,0
GAGGGTCTTTCGCATC,0
GAGGTAAAACATGATT,0
GAGGTAACATGACAGA,0
GAGGTAATGCCCGCGG,0
GAGGTAATGCGAATAC,0
GAGGTACATCTTTTAA,0
GAGGTACCTAGCAGAA,0
GAGGTACTACTCATCC,0
GAGGTAGCCTCTAAAC,0
GAGGTATATGAAATTA,0
GAGGTATCATTCCGAA,0
GAGGTCACAGACTGCC,0
GAGGTCAGGACAAAGT,0
GAGGTCATGAACCGAG,0
GAGGTCATTTTCAGAC,0
GAGGTCGGAAATCGAA,0
GAGGTCGTAGTGAAAC,0
GAGGTCTAAAATGAGC,0
GAGGTCTCATCCAGTT,0
GAGGTGGCAACCTCAC,0
GAGGTTAAAGATACAT,0
GAGGTTACTAACTAAT,0
GAGGTTAGGTGATTGA,0
GAGGTTCCGTCATTTG,0
GAGGTTCTCTTCTCTC,0
GAGGTTGGTTAAACAG,0
GAGGTTTAGAATATGT,0
GAGGTTTCCAGCAATT,0
GAGTAAAAACCAACAG,0
GAGTAAAAGAGAAATA,0
GAGTAAAATATTCCTA,0
GAGTAAACGCAGGCGA,0
GAGTAAATAATCCTTA,0
GAGTAAATGTACAATG,0
GAGTAACAGAAACGGA,0
GAGTAACATTTTAGAA,0
GAGTAACCCAAGAGTG,0
GAGTAACCTAACCGGA,0
GAGTAACGAGGGAGAC,0
GAGTAACGTCATTGAC,0
GAGTAACTCAGTTTGC,0
GAGTAACTTATATCCA,0
GAGTAACTTGGTGCAG,0
GAGTAAGACAGGAGCT,0
GAGTAAGAGAACAATA,0
GAGTAAGTCTATTACA,0
GAGTAATACACCTTTA,0
GAGTAATACATAATAT,0
GAGTAATACTCTCACA,0
GAGTAATACTGAGCAC,0
GAGTAATTATAGTCAT,0
GAGTACAAATCTCCTT,0
GAGTACCTTTATATAA,0
GAGTACGATTAAGATG,0
GAGTACGTATAGGGCG,0
GAGTACTACTATTTCC,0
GAGTACTAGATCCTAG,0
GAGTACTATCATACAA,0
GAGTACTCCTATATCA,0
GAGTACTCGTCAGAGC,0
GAGTACTTGTAGAAAT,0
GAGTAGACACAACTAC,0
GAGTAGCATGTGCTGC,0
GAGTAGCTTAAAGTTG,0
GAGTAGCTTAATGCCT,0
GAGTAGGCAGACAACA,0
GAGTAGGCCCCATGGT,0
GAGTAGTTCAAATGAT,0
GAGTAGTTGGTTTAGC,0
GAGTATAATCATAGAA,0
GAGTATACACCGATCA,0
GAGTATACATATGCAA,0
GAGTATATGTCACTGA,0
GAGTATCAACACTTCG,0
GAGTATCGTCTTCTAT,0
GAGTATCTTTTTATAA,0
GAGTATGAGGTCGTCC,0
GAGTATGATTAGAGGC,0
GAGTATTACGCTAAAC,0
GAGTATTGGCACAAAA,0
GAGTCAAAATATTCCA,0
GAGTCAAGAGAATTAA,0
GAGTCAATGAACTTGA,0
GAGTCAATGTAGAAAA,0
GAGTCACATCAAAAGT,0
GAGTCACGAAGGATAA,0
GAGTCACTGCAAAACA,0
GAGTCATACTTATGCC,0
GAGTCATCAAAAGCAA,0
GAGTCATCAGCTGAGT,0
GAGTCATCAGGTAATA,0
GAGTCCAAACATGGAT,0
GAGTCCAAGTGCATAT,0
GAGTCCACAGTTATAC,0
GAGTCCAGATGAAGTT,0
GAGTCCGAGTATACAA,0
GAGTCCGCCTTAACGT,0
GAGTCCTCAACTAGCG,0
GAGTCCTCGTGTCCAG,0
GAGTCGAACGAACGCG,0
GAGTCGAACGTCGACT,0
GAGTCGACTGACACGG,0
GAGTCGATAGTTTAGG,0
GAGTCGCGAAATACAT,0
GAGTCGCTTGGCTCCT,0
GAGTCGGATAGTTACT,0
GAGTCGTAAAAGTGGG,0
GAGTCGTAGGTCCTTA,0
GAGTCGTCCGGGTAAA,0
GAGTCTAAAAATGACT,0
GAGTCTACTAGGCAAA,0
GAGTCTATCGAGCATA,0
GAGTCTCAATTCAAAT,0
GAGTCTCTTTCTGATG,0
GAGTCTGAGATTTAGT,0
GAGTGAAACTACCTTC,0
GAGTGAAATCGTCTGT,0
GAGTGAACGTTTGATA,0
GAGTGAACTAACCGCA,0
GAGTGAATCATTATGA,0
GAGTGAATTAAAACAG,0
GAGTGACCGCTTAAGG,0
GAGTGACGAATGTACC,0
GAGTGAGTGGGACCCT,0
GAGTGATAATGTTAAC,0
GAGTGATAGCAGGACT,0
GAGTGATAGGCCTTAA,0
GAGTGATCGTGCCCGA,0
GAGTGATTAACCTATC,0
GAGTGCAAAATTTGTT,0
GAGTGCACTTAATCAG,0
GAGTGCAGAACAAGCG,0
GAGTGCCTAAATACCA,0
GAGTGGATAAGCAAAG,0
GAGTGGCAACCGAATC,0
GAGTGGTTTCATTGTG,0
GAGTGGTTTCGTTGGA,0
GAGTGTAAGAAAGGAT,0
GAGTGTCAAACTTCGG,0
GAGTGTCACGAACCCC,0
GAGTGTCCCCAAACGA,0
GAGTGTTCCCATGCGC,0
GAGTTAAGTAGAGAAT,0
GAGTTAATGCATGTGG,0
GAGTTAATTTAGAGCC,0
GAGTTAATTTTCACCC,0
GAGTTACATTGACGAA,0
GAGTTACTTCAGACGA,0
GAGTTATTAAAGTTTG,0
GAGTTCACACCAATTA,0
GAGTTCACAGTGTGAA,0
GAGTTCACTACGAAAC,0
GAGTTCATAACCCTGA,0
GAGTTCATCCACTTGT,0
GAGTTCATGCGAATAC,0
GAGTTCGCGTCCTCAC,0
GAGTTCTAGCGAGAAA,0
GAGTTCTCTGACTGCG,0
GAGTTCTCTGTATTCC,0
GAGTTCTGACCATTAA,0
GAGTTCTGACTTGATT,0
GAGTTCTTATATACGG,0
GAGTTCTTCTTGCTAG,0
GAGTTGAAGTCAAAAA,0
GAGTTGACGAGTTAGG,0
GAGTTGACTAAAGCAT,0
GAGTTGCCCGAGTTTT,0
GAGTTGGCCTAAGATT,0
GAGTTGGGCACTCGCA,0
GAGTTGTTAGGGTCGG,0
GAGTTTAAAATCAGAA,0
GAGTTTAGATCATCTA,0
GAGTTTATCCATTACA,0
GAGTTTATTGAAGGCA,0
GAGTTTCAGCAAAGAT,0
GAGTTTCATTACCATC,0
GAGTTTGGCATAGCTT,0
GAGTTTTATGTAAACC,0
GATAAAAAACCAAGAG,0
GATAAAAAAGAGCGAC,0
GATAAAAAGAACCGCT,0
GATAAAAGAGCTGAGA,0
GATAAAAGGCCAAACA,0
GATAAAAGGTGCAATA,0
GATAAAAGTCAAACAA,0
GATAAAATCCATAACG,0
GATAAAATCCCTCACA,0
GATAAAATTATGTAAA,0
GATAAAATTCACACTA,0
GATAAACAAAAGCCCC,0
GATAAACACACTTGCA,0
GATAAACAGAACCCAG,0
GATAAACCCAAATTTA,0
GATAAACGGGAACGAC,0
GATAAACGGGTCGAAA,0
GATAAAGAACCGATAA,0
GATAAAGAGTACACTA,0
GATAAAGATTTTAGGC,0
GATAAAGCATGCCCAG,0
GATAAAGCATGCCCTA,0
GATAAAGCTTGTAAGA,0
GATAAAGGGCTAAAGA,0
GATAAAGGTGTACAAT,0
GATAAAGTGATCAATA,0
GATAAAGTGTAGTATA,0
GATAAATAAGCCACTA,0
GATAAATACTGTTGGA,0
GATAAATATATTTCAA,0
GATAAATATTACGTGG,0
GATAAATTCACGCTCT,0
GATAAATTTACATGCA,0
GATAACAAATAGTTCC,0
GATAACACAAAAAGAC,0
GATAACACATCCTACC,0
GATAACACCATCCCAC,0
GATAACACCTAATATC,0
GATAACAGAACCTTGA,0
GATAACATAAAGGACA,0
GATAACCATTAAACGT,0
GATAACGATAAAAAAA,0
GATAACGATTCCGAAG,0
GATAACGCAGTACTTG,0
GATAACTAAGTCGTTA,0
GATAACTAGTCAACTA,0
GATAACTAGTCCAGCT,0
GATAACTATGCCGCTT,0
GATAACTGGTTGATAT,0
GATAACTTACCACATT,0
GATAACTTAGATTGAT,0
GATAAGAAACGACATT,0
GATAAGAACCGATAAG,0
GATAAGAAGCATATCA,0
GATAAGAATGTAAATG,0
GATAAGACGCCTTGTG,0
GATAAGAGACCAAAAT,0
GATAAGAGGTGGCCGC,0
GATAAGAGTCTACTCA,0
GATAAGAGTTCTAAAC,0
GATAAGATAAAAGTCA,0
GATAAGATAATCAAAC,0
GATAAGCACGAAACCA,0
GATAAGCATCAAAAAA,0
GATAAGCCCCGCCGAT,0
GATAAGGATCATAAAT,0
GATAAGGTCTCAAATG,0
GATAAGGTTCTTTGGG,0
GATAAGTAATGGGCAG,0
GATAAGTATAATAACA,0
GATAAGTGTAAGGATA,0
GATAAGTTAACCTTAG,0
GATAAGTTATGTAGAG,0
GATAATAAGCTTGAGA,0
GATAATAATATTATTA,0
GATAATACAATAACAG,0
GATAATACCACTTTTC,0
GATAATAGGTCCCAAA,0
GATAATAGGTGGACAT,0
GATAATATAAACGTAA,0
GATAATATTGTTACCA,0
GATAATCATTTTAATT,0
GATAATCCAGCATAAC,0
GATAATCCCGCCTCAT,0
GATAATCGAAAATTCT,0
GATAATCTACGAGACA,0
GATAATCTCATGAACC,0
GATAATCTTGCTATAT,0
GATAATCTTGGACCCA,0
GATAATGAATAGGATT,0
GATAATGACCAACGAT,0
GATAATGCATGAGGTC,0
GATAATGGCTATGTTT,0
GATAATGTACCCCGCA,0
GATAATTAAATAACAA,0
GATAATTAGAATGTAT,0
GATAATTCTTACGACT,0
GATAATTGACAGTTTA,0
GATAATTGAGACTAAC,0
GATAATTGAGCTATCC,0
GATAATTTCATATACA,0
GATAATTTTTTTTTCA,0
GATACAAAACTTGTAC,0
GATACAAAAGACCAGA,0
GATACAAACATCGGGG,0
GATACAAACTATGATA,0
GATACAAATGAGGAGA,0
GATACAACACCAAGAA,0
GATACAACCGTTACAA,0
GATACAACGGCCAGTT,0
GATACAACGTAAAATT,0
GATACAACTGATAATC,0
GATACAAGAATCTCAT,0
GATACAAGAGTAGGTT,0
GATACAAGGCAGAAAC,0
GATACAATGTAGGGTA,0
GATACAATTCCTCAGC,0
GATACACAACTTGTAA,0
GATACACACCCAAGGC,0
GATACACGCGTATCCG,0
GATACACTATGACCGG,0
GATACAGATAACCTAG,0
GATACAGATTACTGAC,0
GATACAGATTCATAAT,0
GATACAGCACGCTGCT,0
GATACAGGCAAACGCC,0
GATACAGTTTTACTAA,0
GATACATAATGCTAAA,0
GATACATCCCTAAAAA,0
GATACATGAATCGAAT,0
GATACATGCACCTGAG,0
GATACATTAAGATTGT,0
GATACATTACAAAGAC,0
GATACATTACAACACT,0
GATACATTATAGTACA,0
GATACATTCAACTGAG,0
GATACCAAATGCTTGT,0
GATACCAACAGGCAAG,0
GATACCAACTAGCTAC,0
GATACCAATGTAATGA,0
GATACCCCCGCCAATA,0
GATACCCCGAGTCCAA,0
GATACCCCTACTGCTT,0
GATACCCCTTCTACAA,0
GATACCCGTTTGTCAG,0
GATACCGCCAGTCATT,0
GATACCGCGGTGTAAG,0
GATACCGTGAATACGG,0
GATACCTAACTGAAAC,0
GATACCTATCGAAGAA,0
GATACCTCCACGAAGC,0
GATACCTGACCTGTAG,0
GATACGCAGTATCATA,0
GATACGCATGGAATAT,0
GATACGCCCCTGATCC,0
GATACGGTAATATTGA,0
GATACGTCATATAAGA,0
GATACGTCCTCGATGC,0
GATACGTCGGGGTACG,0
GATACGTGCGCTGAAC,0
GATACGTGGACAAAGA,0
GATACTAACCAAAGAT,0
GATACTAATCCCACAC,0
GATACTACACAAGTTT,0
GATACTACTCCGGGTC,0
GATACTAGGGTCATTA,0
GATACTATCGGTACTA,0
GATACTCTGGGCAACC,0
GATACTGAACTCGTAG,0
GATACTTAAAACTGAT,0
GATAGAAAAACGGTGG,0
GATAGAAAAGGGTCTA,0
GATAGAAACATATATC,0
GATAGAAACTGACATA,0
GATAGAAATATGCCAA,0
GATAGAAATCAGATCC,0
GATAGAACTATAAGAC,0
GATAGAAGCCTATATC,0
GATAGAATAAGTTATT,0
GATAGAATATCAGTTG,0
GATAGACCAAAAAGAC,0
GATAGACGTCTTCTGA,0
GATAGACTAGGAAAAA,0
GATAGAGAAAAGTTAA,0
GATAGAGACGATAAAC,0
GATAGAGGGATAACAC,0
GATAGAGTACCAGGAG,0
GATAGATAAACCTATA,0
GATAGATAGAATCATC,0
GATAGATATTAAACAG,0
GATAGATCGCTCGGAT,0
GATAGCATAACAGATG,0
GATAGCATACCCGGAA,0
GATAGCATCCATAAAA,0
GATAGCCAAAGACAAT,0
GATAGCCATGACTCAC,0
GATAGCCCAGTCAGAG,0
GATAGCCCCATTTCGT,0
GATAGCCCCTGAGCAT,0
GATAGCCGGCCCTCCG,0
GATAGCGATTCCTTAT,0
GATAGCGCATAAATAT,0
GATAGCGGTTGCACAC,0
GATAGCGTATCATTAC,0
GATAGCTACAGAGTTC,0
GATAGCTCCATACGGT,0
GATAGGAAAGATTAAA,0
GATAGGAAATACAAAT,0
GATAGGAATTATATTC,0
GATAGGAGAATTTGAC,0
GATAGGAGCATCATTT,0
GATAGGCAAAACAGAG,0
GATAGGCCAATGCTCC,0
GATAGGCCTTGCGTTC,0
GATAGGGAAGCACGCT,0
GATAGGGATTACGTGA,0
GATAGGGCATATAGCT,0
GATAGGGCTTCTCAGG,0
GATAGGTGTAAATCAA,0
GATAGTAACCCTGAAC,0
GATAGTACATATAGAG,0
GATAGTAGCAAAATCA,0
GATAGTATAACGTCAG,0
GATAGTCCTCAAATCC,0
GATAGTGAAAGTTGAA,0
GATAGTGAACAAAATT,0
GATAGTGTTATGCACA,0
GATAGTTAGAGAAAAA,0
GATAGTTTCTAAATAA,0
GATATAAACAGAAAAC,0
GATATAAACCTTATTA,0
GATATAAATACAGCTA,0
GATATAAATCAATTAA,0
GATATAAATTTGGTAA,0
GATATAACGGGTTCCC,0
GATATAAGTCAATCAA,0
GATATAATCAACAAGG,0
GATATAATGATAAAAT,0
GATATAATGCCTTATT,0
GATATAATTAAAATAC,0
GATATACCACTCTTAA,0
GATATAGACGTAAACA,0
GATATAGATGGAGAAT,0
GATATAGTAACACCCA,0
GATATAGTTAACGCAA,0
GATATATAAACTACGA,0
GATATATATAGTAACT,0
GATATATGTGCATATA,0
GATATATTAAGCTTCC,0
GATATATTACTAGATG,0
GATATATTTAGAAACC,0
GATATATTTTATTACA,0
GATATATTTTCTAATT,0
GATATCACACGTCGAA,0
GATATCACCAGTACAA,0
GATATCACTGATTGAT,0
GATATCAGCAAATATA,0
GATATCATAAACTTAT,0
GATATCATAGAGCAAA,0
GATATCCACTACTCTA,0
GATATCCCCGTTTTAT,0
GATATCCGCTATTGCT,0
GATATCCTAGGCTTTT,0
GATATCGACGAGAAAT,0
GATATCGACTAGACTT,0
GATATCGACTATACTT,0
GATATCTAACGTTAGC,0
GATATCTATCCCGAAA,0
GATATCTGAACCAATT,0
GATATCTTGAAAACAC,0
GATATGACAGGCCCAC,0
GATATGATATAAGCCA,0
GATATGATTTGAGCTC,0
GATATGCCACACATAT,0
GATATGCCATTATAGC,0
GATATGGACAATAACT,0
GATATGGATAAAATAA,0
GATATGGTAAACTAAA,0
GATATGGTACCATTGA,0
GATATGGTTCAAATAC,0
GATATGTATCCTTATA,0
GATATGTATTGATCAA,0
GATATTAAACAACCCG,0
GATATTAACTAATGCT,0
GATATTACTCTCTTTA,0
GATATTAGACAGATTT,0
GATATTATGCTCGCCG,0
GATATTCAATGGAGCG,0
GATATTCACCACTAAT,0
GATATTCAGGTTAACG,0
GATATTCTATGTCACT,0
GATATTGCAGACAAAT,0
GATATTGCGATACGAT,0
GATATTGTGCCAATAA,0
GATATTTCTCGAGAGT,0
GATCAAAAATAGAAAC,0
GATCAAAACCATTTAC,0
GATCAAACAACTGACT,0
GATCAAACTATTCCAA,0
GATCAAAGAATGACAG,0
GATCAAAGAGAATATA,0
GATCAAATAAATACAC,0
GATCAAATCAAGGCAC,0
GATCAAATGAAAGGCA,0
GATCAACAACCACTCG,0
GATCAACCACCATGTA,0
GATCAACCCCTAACGT,0
GATCAACTAAGGTAAA,0
GATCAACTACTCTTAA,0
GATCAACTAGCCTATA,0
GATCAAGCGTCCAGTT,0
GATCAAGGCAAACCCA,0
GATCAAGTCTACGACT,0
GATCAATACCAAACGA,0
GATCAATTGAGCGTAT,0
GATCAATTTACATACG,0
GATCACAAAGAGTTAG,0
GATCACAAATTCGCTA,0
GATCACAACTTGTTTA,0
GATCACAAGACATATA,0
GATCACACCAGATTTC,0
GATCACATAATGGGAT,0
GATCACATAGGGATGA,0
GATCACATGCCTGCCA,0
GATCACCAAATCCCCC,0
GATCACCGCGAAGTTA,0
GATCACCGGGTGATGC,0
GATCACCTAAGAAGGC,0
GATCACGAGCACCCAG,0
GATCACGATCCGTTAT,0
GATCACGTGCTTCTCC,0
GATCACTAACCTTGGT,0
GATCACTCTAAAGAAT,0
GATCAGAATACACAAC,0
GATCAGAATAGAAAAC,0
GATCAGAGGAGTGCAT,0
GATCAGAGTTCCCTGA,0
GATCAGATTGACAATC,0
GATCAGCAAAAAAGAA,0
GATCAGCGCATTAATT,0
GATCAGCGGAGAGGAT,0
GATCAGGAACCTACGA,0
GATCAGGAGACTAGTA,0
GATCAGGAGATGTGCA,0
GATCAGGGAGAGAATA,0
GATCAGGTAGGAAATC,0
GATCAGTAACCCGACT,0
GATCAGTAACTTTTTA,0
GATCAGTCTAAGCTGA,0
GATCAGTTAACCAGCT,0
GATCATAAATCTAATA,0
GATCATAACGCACTTG,0
GATCATACCTTCTACG,0
GATCATACGACATTTT,0
GATCATCAAGCACTAA,0
GATCATCCAATTATAT,0
GATCATCGTCAACAAA,0
GATCATCTGGCATAAA,0
GATCATGATTAGTTAA,0
GATCATGTCCCAGGTA,0
GATCATTAAGACAGAC,0
GATCATTAAGCTATTA,0
GATCATTACCAATTAC,0
GATCATTCTATACAAA,0
GATCATTTAAATAGAG,0
GATCATTTATAAATGA,0
GATCATTTTATCATCG,0
GATCCAAAAGGTGATA,0
GATCCAAACACTTACA,0
GATCCAAATGTTATAA,0
GATCCAACAAACAACG,0
GATCCAAGTCTCACAA,0
GATCCAAGTTCCCTGA,0
GATCCAATCAAAAAGC,0
GATCCAATCTCCAAAT,0
GATCCACAAGCGATAA,0
GATCCACATCTAGTTT,0
GATCCACCGGTTCTAG,0
GATCCACTAAGCAGCC,0
GATCCACTGTGGCTAC,0
GATCCAGATGATATGT,0
GATCCAGGGAGAAAAC,0
GATCCAGGTATCAGAT,0
GATCCATAACCAGCTA,0
GATCCATAATGGACCC,0
GATCCATCTGAGATAA,0
GATCCATGTAACACAC,0
GATCCCACACTGCCAC,0
GATCCCACAGTAAAAA,0
GATCCCATGGTCCGAC,0
GATCCCGACCGTGGCG,0
GATCCCGCTTCCCAAG,0
GATCCGATAAATTCCA,0
GATCCGCTTGCCCCAA,0
GATCCGTAACACAATA,0
GATCCTAATAAGGATA,0
GATCCTACAAAGTACT,0
GATCCTCAAATAACAA,0
GATCCTCACGCAAATG,0
GATCCTGTGGAATTAG,0
GATCCTTCAAAGTTAA,0
GATCCTTTAGACTTCA,0
GATCCTTTATCTATCA,0
GATCCTTTTAATACAT,0
GATCCTTTTCACTCGA,0
GATCGAAAAAATCTAC,0
GATCGAACAAGGCCGA,0
GATCGACAATCCTATG,0
GATCGACATAAAGATA,0
GATCGAGGAAGATAGT,0
GATCGATCGACTATCA,0
GATCGATGAGGTAACA,0
GATCGATGCGATTACT,0
GATCGCAAGACAGGAT,0
GATCGCATCATTCCGG,0
GATCGCCACATTATGC,0
GATCGCCAGTGCAGCC,0
GATCGCCGACTCTCAG,0
GATCGCCTAACCGTAT,0
GATCGCCTGGGAATGC,0
GATCGCGTTTCGATAC,0
GATCGCTACGCAAGAA,0
GATCGGAAACACTTAG,0
GATCGGAATGTAAAAT,0
GATCGGGCGACTAGTT,0
GATCGGTTTTACGACC,0
GATCGTAACGGTGAAA,0
GATCGTAAGTGGAGCA,0
GATCGTAAGTGGTATA,0
GATCGTAATATAATTC,0
GATCGTAGAGAAGAGA,0
GATCGTCGAAAGGAAT,0
GATCGTGAACCTTTTA,0
GATCGTGACTTTTCTA,0
GATCGTTAGCAATAAG,0
GATCGTTTCCATAAGA,0
GATCTAAATCTCAACC,0
GATCTAACTGTAGCAT,0
GATCTAATAATGATAA,0
GATCTAATCTCGTAAC,0
GATCTAATTAAACGCG,0
GATCTAATTTTGCAGA,0
GATCTACGAAGGACCC,0
GATCTAGTAGCCAGCA,0
GATCTAGTATAAACTT,0
GATCTATACTCATTAT,0
GATCTATAGTCACAGA,0
GATCTATATCGACAGG,0
GATCTATCAAGTCTAA,0
GATCTATGTTAATGCG,0
GATCTCCACAACTGCA,0
GATCTCCGTATAAAAT,0
GATCTCGTTAATTGCC,0
GATCTCTTCATACCAA,0
GATCTCTTCCTTGCAC,0
GATCTGAAAAATGATA,0
GATCTGAACCAGGGTA,0
GATCTGAAGCGTAGAG,0
GATCTGAATTGAGCCG,0
GATCTGAGAGGTAATT,0
GATCTGATACCGAAGC,0
GATCTGATAGATTTAG,0
GATCTGATATTGGTGT,0
GATCTGCTATCCCTTA,0
GATCTGGAATACCAGA,0
GATCTGGGAAAACGTG,0
GATCTGGTAAATATGC,0
GATCTGGTTTTTCCAA,0
GATCTGTAAAACGGCT,0
GATCTGTACTCATTGA,0
GATCTGTCCGCGATAA,0
GATCTTAAAGCTAGGT,0
GATCTTAACCAATATA,0
GATCTTAAGCCACCCC,0
GATCTTAATCGATGCA,0
GATCTTAGTCATCTAA,0
GATCTTCTGGGCTTTA,0
GATCTTTCGAACCCCA,0
GATCTTTGCCTCATTC,0
GATGAAAAACATATAA,0
GATGAAAACCGAAAAC,0
GATGAAAAGAACTAGA,0
GATGAAACTCTGCGTA,0
GATGAAAGTTCCCAAC,0
GATGAAATGACGAAGC,0
GATGAACCAAGTTTAC,0
GATGAACCAGGAGAAT,0
GATGAACGACCCGTCA,0
GATGAACTGGCGAGGA,0
GATGAAGACGAGGAAG,0
GATGAAGCCCATAAGG,0
GATGAAGTTAAAAACC,0
GATGAAGTTAAAGAAA,0
GATGACCAGAGAATGA,0
GATGACCATGTTTTAT,0
GATGACCTTCCGAGAT,0
GATGACTAATCCTGGT,0
GATGACTCATCATTAA,0
GATGACTGAAGTTCTC,0
GATGACTTTGACGTAC,0
GATGACTTTTGACAAT,0
GATGAGAAAAACGAAT,0
GATGAGAACACTAGGG,0
GATGAGACTTAATGCT,0
GATGAGATAATTAGGT,0
GATGAGATATAGATCC,0
GATGAGATCAATGTCC,0
GATGAGCAGAGATTCA,0
GATGAGCCTATAAGAA,0
GATGAGCTAGAAGCGC,0
GATGAGTAAATTGTAA,0
GATGAGTAACTGTTTA,0
GATGAGTAATAATTTC,0
GATGAGTTTAACTCTT,0
GATGATAAAGAAGGCA,0
GATGATAAATAATTAA,0
GATGATAACCCCCTGA,0
GATGATAACTAGTCTA,0
GATGATAAGTTTTTAG,0
GATGATAATCAAACAA,0
GATGATAATGGTTGAT,0
GATGATAATTTTGGTA,0
GATGATAGAGCAACCA,0
GATGATCAGACACTCG,0
GATGATCCCTAAAATT,0
GATGATCCGTAACTAC,0
GATGATCCTAATAGTA,0
GATGATGAATAGCACC,0
GATGATGAATTTCAGA,0
GATGATTAATAAAAAG,0
GATGATTACCACACTA,0
GATGATTAGGGGCTAG,0
GATGATTATGCAGCTC,0
GATGATTCAATGTCAC,0
GATGATTCCCCTTCCA,0
GATGATTGCCCTAAAG,0
GATGCAAAAATAGCTT,0
GATGCAAACGTCCATG,0
GATGCAAATACGAAAT,0
GATGCAACAAGACCGG,0
GATGCAAGCTATGTTG,0
GATGCAATATAACCCG,0
GATGCAATTGCTAGAG,0
GATGCACACGTCGACG,0
GATGCACCCGAATAGG,0
GATGCAGCATACATAT,0
GATGCAGCCAGGACTA,0
GATGCAGCTAAAAACG,0
GATGCAGTAAAATCGC,0
GATGCAGTGAATGAAC,0
GATGCATCATTAAACC,0
GATGCATGGTGCCTGA,0
GATGCATTTAAATCCT,0
GATGCCAAAACAAAGA,0
GATGCCAGCCCACGGG,0
GATGCCAGCGGATATT,0
GATGCCGAACTTCCCA,0
GATGCGAATAACGTAT,0
GATGCGCGACAATCAA,0
GATGCGCTATTGGAAG,0
GATGCGGGCCCAAGAA,0
GATGCTAAATGAACAC,0
GATGCTAAGGCCCGCA,0
GATGCTAATTTTCATA,0
GATGCTACAGAGATGC,0
GATGCTATAGTGCAAA,0
GATGCTATTTGGGCAA,0
GATGCTCAATAATTAA,0
GATGCTCTCAAATTGT,0
GATGCTGCATGGATAA,0
GATGCTTCTAGAGTAT,0
GATGCTTGACCTAGAT,0
GATGGAACTTGTTATA,0
GATGGACAAATGGCCA,0
GATGGACACTGGGTCA,0
GATGGACATTAGATCA,0
GATGGACCAAGGATTT,0
GATGGAGCTGATGGAT,0
GATGGAGTGTGAGTAC,0
GATGGATATGCTAGCT,0
GATGGATTGATCGCAC,0
GATGGCACATCCCTAT,0
GATGGCAGGGATATTA,0
GATGGCATATAACTAA,0
GATGGCCCAAATGATC,0
GATGGCCTGAAGCGTT,0
GATGGCGGGTCCTAGT,0
GATGGGGTCTTTAACG,0
GATGGGTCCTCAGTGC,0
GATGGGTCTTAGATCT,0
GATGGGTGCTTAGATA,0
GATGGTAAAATGCCTT,0
GATGGTAGAAGTAATC,0
GATGGTAGAATTGGCA,0
GATGGTATAATGGTTA,0
GATGGTCCTGCGTGGG,0
GATGGTCTAAAACATT,0
GATGGTCTAATTAACA,0
GATGGTTATACTAGAT,0
GATGGTTTGAGAAATT,0
GATGTAAAAGCATGGT,0
GATGTAAACAAGACAG,0
GATGTAACCACTAGGC,0
GATGTAAGTAATTACA,0
GATGTAATTCTGTTAA,0
GATGTACCCTAACGCT,0
GATGTAGAATGTGAAA,0
GATGTAGGATCAACTG,0
GATGTAGGCTTGACCC,0
GATGTAGTATATACCC,0
GATGTATAAAACATTA,0
GATGTATACCTAAGGA,0
GATGTATATGCGATAA,0
GATGTATCAGTGCCTC,0
GATGTATCCTGATTCG,0
GATGTATCTTGTGTTA,0
GATGTCAATTATTATT,0
GATGTCACTAAAAAAC,0
GATGTCAGAAAACGAG,0
GATGTCATGGGCTGCA,0
GATGTCCATCAATTAA,0
GATGTCCCAAAGACAG,0
GATGTCCGCAAACGCA,0
GATGTCCTCATGGAAA,0
GATGTCTATTGAACCA,0
GATGTCTCGTCCCTTA,0
GATGTCTTATAACTGG,0
GATGTCTTGTGTAACG,0
GATGTGACATGATAGT,0
GATGTGACCAAATTTC,0
GATGTGACTCCGAAAA,0
GATGTGATCCATGGCA,0
GATGTGATGTACATCA,0
GATGTGCAAATATTCC,0
GATGTGCAATCGCCCG,0
GATGTGCTGGATCAAG,0
GATGTGCTTATATTCA,0
GATGTGGACGCCTCTC,0
GATGTGGCATTAGCGA,0
GATGTGGCTTACATGG,0
GATGTGTCTGTGACTT,0
GATGTGTTAAAAACAA,0
GATGTGTTTAAATAAG,0
GATGTTAATATAAACC,0
GATGTTACTACAGTCG,0
GATGTTACTATACTCG,0
GATGTTACTGAATACC,0
GATGTTATCTTGCAAA,0
GATGTTGAATATGAAA,0
GATGTTTCCAGCAATG,0
GATGTTTCCTTACGGT,0
GATTAAAAACCCTAGG,0
GATTAAAAACTCCCAT,0
GATTAAAAATATAATA,0
GATTAAAATCGCGACA,0
GATTAAAATTGACCAC,0
GATTAAACAACCACAA,0
GATTAAAGAACTCTAA,0
GATTAAAGCAAACACC,0
GATTAAAGCGGATTTA,0
GATTAAATAGCAGCTG,0
GATTAACACCACCGGA,0
GATTAACACCTTTGGT,0
GATTAACACGTAATGA,0
GATTAACATTCAAAAC,0
GATTAACCACTTAATG,0
GATTAACCAGATCACT,0
GATTAACCCCAGATAG,0
GATTAACCGTGCAATT,0
GATTAACTGTGCGCGT,0
GATTAAGAATCTGCTG,0
GATTAAGCTAAAATCA,0
GATTAATAAGGCATAC,0
GATTAATACACAATAA,0
GATTAATACATAAAAA,0
GATTAATACATCCCTT,0
GATTAATACTAATACT,0
GATTAATATGTGTTAC,0
GATTAATCTTTAAAAT,0
GATTACAACCGTTCAA,0
GATTACAACGAGGCAC,0
GATTACACAGAATATG,0
GATTACAGAATGGCAC,0
GATTACCACGGGCGAC,0
GATTACCCGTAGACAC,0
GATTACCGAGAAAAGA,0
GATTACGCCCGGCTGA,0
GATTACGGTATAAATT,0
GATTACGTTTCAACCC,0
GATTACTCCGCCAAGC,0
GATTAGAAAAGACAAT,0
GATTAGATAGGAGACA,0
GATTAGATCCTTATAA,0
GATTAGATTACAGGAC,0
GATTAGATTGGGGTAC,0
GATTAGCAAGAAGACC,0
GATTAGCACGATAAAC,0
GATTAGCGAGTAAAAG,0
GATTAGCGTACATCCG,0
GATTAGCTAAGTAAAC,0
GATTAGCTAGATTTGA,0
GATTAGCTCCATAGTA,0
GATTAGCTCCTCTTTA,0
GATTAGGACAGCCGCT,0
GATTAGGATAAGTCGC,0
GATTAGGCCGCGCCAA,0
GATTAGGCGTACTGAA,0
GATTAGTTATCAACCC,0
GATTATAAGACCCCCT,0
GATTATAAGGGTAATT,0
GATTATAATACGAGAA,0
GATTATACAGCCTAGA,0
GATTATACCATAAAGA,0
GATTATACCCCCTTGT,0
GATTATAGATGAACAT,0
GATTATAGTCGAATTG,0
GATTATATAGGACACT,0
GATTATATGGACTTGC,0
GATTATATTCAAGAAT,0
GATTATCAGTGCTGTC,0
GATTATCATTAGCAGC,0
GATTATCCTACACGCG,0
GATTATCCTCTAGTTC,0
GATTATCGCGTTCATT,0
GATTATGAGATCAACT,0
GATTATGCGGTCTTTC,0
GATTATGGAAAAGGGT,0
GATTATTAAACATATT,0
GATTATTATGAGAAAA,0
GATTATTTCAAGTCGC,0
GATTCAAAATTTGAAT,0
GATTCAAACGACAATA,0
GATTCAAAGCGTCCAT,0
GATTCAAAGGGATAAG,0
GATTCAACATAGTTAA,0
GATTCAACTGAAAGAA,0
GATTCAAGACCATTAC,0
GATTCAAGTGCATTAA,0
GATTCAATCAAAATAC,0
GATTCAATGAACTCGC,0
GATTCAATTATTGAAA,0
GATTCAATTTACCAGA,0
GATTCACCGGGTGCAA,0
GATTCACGCTAGTGAC,0
GATTCATAATATTTAA,0
GATTCATAATCTTCCG,0
GATTCATATGAAATTA,0
GATTCATGTACTAGTG,0
GATTCCAACTTAAAAC,0
GATTCCATTACATTTA,0
GATTCCCAGGGATAAC,0
GATTCCCCAATTAACA,0
GATTCCCTTTGTTAAG,0
GATTCCGAGTCTCTAA,0
GATTCCGGATTGAAAG,0
GATTCCTAAAAGCGTA,0
GATTCCTTTATAATCA,0
GATTCGAAAATTAAAT,0
GATTCGAAAGGGAACA,0
GATTCGAAAGTGCCGA,0
GATTCGATGAATATCT,0
GATTCGCCAAGCAATA,0
GATTCGGTCGATACCC,0
GATTCTAATATCTCCT,0
GATTCTACCCTTTAAC,0
GATTCTACTAGCTAGA,0
GATTCTTACTGAAATA,0
GATTCTTGTTTATATC,0
GATTGAAAAGCACAGC,0
GATTGAAACGACTCCA,0
GATTGAAGGTAACGGT,0
GATTGAATCTCGGATA,0
GATTGACAAATTGTAG,0
GATTGACAGATATTAA,0
GATTGACCATATTAAC,0
GATTGAGATTTCACTA,0
GATTGAGCATAATTTA,0
GATTGAGGAAAGACCA,0
GATTGAGGAAAGTTTA,0
GATTGAGTTCACAAAG,0
GATTGATCAGTAGATT,0
GATTGATTGAAGAATC,0
GATTGCATACCTAATT,0
GATTGCCAGCTCGATG,0
GATTGCCGAAAGTCCA,0
GATTGCGAGGAAACCG,0
GATTGCGCAATTATAG,0
GATTGCTAGGTTCAAA,0
GATTGGACGTAACGAT,0
GATTGGACGTATCTCC,0
GATTGGATAATACAAG,0
GATTGGCTTCGAATGG,0
GATTGGTAATAGACTT,0
GATTGTAACACCGGTG,0
GATTGTACTGTCCAAT,0
GATTGTAGAATTGAGC,0
GATTGTAGACAAACCT,0
GATTGTATACACTGCA,0
GATTGTCAGGCACTAG,0
GATTGTCGAGACTATA,0
GATTGTCTACTAATAG,0
GATTGTCTGACAATGC,0
GATTGTCTGGACTCAC,0
GATTGTGACTCTAAGC,0
GATTGTGCTAACAAAA,0
GATTGTGTCGTAAGCT,0
GATTGTTAACGCATCT,0
GATTGTTATGATGAGG,0
GATTTAAAACTCGGTA,0
GATTTAACCCAGTCGT,0
GATTTAACCTTAAAAA,0
GATTTAACGAACCACT,0
GATTTAACGCTTTAGC,0
GATTTAATAAAACCTA,0
GATTTACAATCTATTT,0
GATTTACAGTGCTCCC,0
GATTTACATAATTCAA,0
GATTTACCCCCCAGAG,0
GATTTACCGAATGTAT,0
GATTTAGACACCTATA,0
GATTTAGTTAAACTAA,0
GATTTATAAAGACGCC,0
GATTTATAATGGTTTC,0
GATTTATACCTCTGGC,0
GATTTATAGTCTTAAT,0
GATTTATCGAGGTTGA,0
GATTTATGACCCAAAC,0
GATTTATTCTGCCCAT,0
GATTTATTGCTACCCT,0
GATTTATTTAGAAAAG,0
GATTTCAAAAGATACC,0
GATTTCAACAAGGATA,0
GATTTCAATCCGTCCA,0
GATTTCACAATATACC,0
GATTTCAGCGGTATGT,0
GATTTCAGGAACGCAC,0
GATTTCATCACGGATA,0
GATTTCATCATGGCAC,0
GATTTCCAAACAAAGA,0
GATTTCCAAACACTAA,0
GATTTCCAGGCACATA,0
GATTTCCTGCATACTA,0
GATTTCGCTACAGCTA,0
GATTTCGCTTCTTCCA,0
GATTTCGTATTTAATT,0
GATTTCTACACTGACA,0
GATTTCTACCCTTAAG,0
GATTTGACAGTTAAGC,0
GATTTGACTACATTCC,0
GATTTGATGATACTCC,0
GATTTGCAGTAGGACA,0
GATTTGCGATAAATTT,0
GATTTGGAAGCTTTAA,0
GATTTGGAATGATCGC,0
GATTTGGCTTGACGCA,0
GATTTGTATCCCGTAC,0
GATTTGTTTCAAAGCG,0
GATTTTCAAAACCAAG,0
GATTTTCCCAGATTTG,0
GATTTTCGCCTTTAAA,0
GATTTTCGGTATAAAG,0
GATTTTGCGCGAGACC,0
GATTTTGGGACTAGTA,0
GATTTTGTTCACTACC,0
GATTTTTAACTGGAGG,0
GATTTTTACCCAAATA,0
GATTTTTACCCCATCT,0
GATTTTTCCAGACTGA,0
GATTTTTGAAAGAGCG,0
GATTTTTTAAAATAAA,0
GATTTTTTAGCACACT,0
GATTTTTTCCACACAA,0
GATTTTTTTACAAATG,0
GCAAAAAAAAAAATAA,0
GCAAAAAAAACACTGT,0
GCAAAAAAATATATCA,0
GCAAAAAAGAACCGAA,0
GCAAAAAGACGTCCAG,0
GCAAAAAGAGACACTC,0
GCAAAAAGAGCTATAA,0
GCAAAAAGTTGGCGGA,0
GCAAAAATAACGCACC,0
GCAAAACACGACGCGG,0
GCAAAACCAAACGATT,0
GCAAAACCTCGTGAAT,0
GCAAAACGAATGGCGA,0
GCAAAACGGACAGCAT,0
GCAAAAGCTCGATCAT,0
GCAAAAGGGACCCTGA,0
GCAAAATAAGTTATGA,0
GCAAAATAGACAAGGC,0
GCAAAATCAGGTTTCT,0
GCAAAATCTGACAGGG,0
GCAAAATTCTCCGAGG,0
GCAAAATTTCACCAAC,0
GCAAACAAACTATAAA,0
GCAAACAAATTATATA,0
GCAAACAACGTTAAGT,0
GCAAACAATAGAGTTA,0
GCAAACAGACCAGCCC,0
GCAAACAGTTCAAAGT,0
GCAAACATTCAAGATT,0
GCAAACCACGCAGTAA,0
GCAAACCAGGCTATGG,0
GCAAACCATTTACACA,0
GCAAACCGTTTAAGAT,0
GCAAACCTTAATTGAC,0
GCAAACGAAATTTTTT,0
GCAAACGAACCAACAT,0
GCAAACGACAGACAAC,0
GCAAACGACCAATTAC,0
GCAAACGCACCTTCGC,0
GCAAACTCCATGATTA,0
GCAAACTGGAAATAAA,0
GCAAACTGGTTAAGGG,0
GCAAACTTCCCTAGTT,0
GCAAAGACGGCTACGT,0
GCAAAGCATTACCATT,0
GCAAAGCCCTTATTTC,0
GCAAAGCCTTGCCCTT,0
GCAAAGGACAAATTTA,0
GCAAAGTAAAAGGCTT,0
GCAAAGTAACCTATAA,0
GCAAAGTCTAAAACAA,0
GCAAATAAGAACAAAC,0
GCAAATAAGACGGCCA,0
GCAAATAAGTAATGAA,0
GCAAATACATCAATTA,0
GCAAATAGCAAGCACC,0
GCAAATAGTAAAATCC,0
GCAAATAGTAATAAAG,0
GCAAATATGACAATAA,0
GCAAATCAAATGTAGA,0
GCAAATCATGACAGCT,0
GCAAATCGAGTGGAAG,0
GCAAATCGTTAACATT,0
GCAAATCTTGCACCTG,0
GCAAATGTTATTTCAA,0
GCAAATTAACAATTAA,0
GCAAATTAAGGACTGG,0
GCAAATTAATAGTTTG,0
GCAAATTGAAGTTAGA,0
GCAAATTGATAAAAAA,0
GCAAATTGCTCTGCCC,0
GCAAATTTATTGGGTA,0
GCAACAAACGATTGAA,0
GCAACAAAGCCTATTC,0
GCAACAACAAGAGGAA,0
GCAACAACTCAGTAGG,0
GCAACAAGTGATGAGC,0
GCAACACATGGAATAT,0
GCAACACCCCAGAATA,0
GCAACACGCATCCACG,0
GCAACACGGTAAAAAA,0
GCAACAGAACCAGTAT,0
GCAACAGCTGCCCAAA,0
GCAACAGGCATACTAT,0
GCAACATGATAGTTAT,0
GCAACATTACAAAGCG,0
GCAACCAAATCAATAC,0
GCAACCACCACAAGTA,0
GCAACCACCGCCTCGA,0
GCAACCACTAATGCGG,0
GCAACCATGAACGATA,0
GCAACCCTCGATAAGC,0
GCAACCCTTATGTGGC,0
GCAACCGCAAAAATAC,0
GCAACCTAAACAACAT,0
GCAACCTAACAAGGCT,0
GCAACCTAAGAAACAA,0
GCAACCTCCCTAGTAA,0
GCAACCTGTAATAGAC,0
GCAACCTGTACTTTCT,0
GCAACCTTAAAATCCT,0
GCAACGGATACAAAGC,0
GCAACGGATCGTACCC,0
GCAACGGGCACACGGC,0
GCAACTAAATAGCACA,0
GCAACTAACCACTGTT,0
GCAACTAAGAGAACAC,0
GCAACTACAAGTGGCA,0
GCAACTAGCGCTCTTT,0
GCAACTGGGTTAAGCA,0
GCAACTGGTGCCGGGT,0
GCAACTTACATAACCC,0
GCAAGAAACTGGGACA,0
GCAAGAACAATATAAA,0
GCAAGACATCTTAAAG,0
GCAAGACCACCTGTAT,0
GCAAGACGAAAGAGTA,0
GCAAGACTATAGGTTA,0
GCAAGAGGAGTAATAA,0
GCAAGATGTCGGCAAC,0
GCAAGATTAATTAGCA,0
GCAAGATTGGGTAGAC,0
GCAAGCACAGATCTTC,0
GCAAGCGCACATTAGC,0
GCAAGCTAACTTGGAA,0
GCAAGGAATCAAAAAT,0
GCAAGGATGTTCCGTG,0
GCAAGGCAACTTGCCA,0
GCAAGGCAATGTGTTG,0
GCAAGGCAGCCAGCAT,0
GCAAGGCAGGTCGCTT,0
GCAAGGCTGATATGTG,0
GCAAGGGATCGTGTTA,0
GCAAGGGGTCAAAGAA,0
GCAAGGGTTAATATTT,0
GCAAGGTCTGAATAGA,0
GCAAGTAACATACACA,0
GCAAGTACTAAACCGT,0
GCAAGTACTAACTGCT,0
GCAAGTCTCAATGTCA,0
GCAAGTTAAGATATTT,0
GCAAGTTCATGGGAAA,0
GCAAGTTTTCTCAACA,0
GCAATAAAAATCTCCA,0
GCAATAAAAATCTGCC,0
GCAATAAACCAGATGT,0
GCAATAACATCATAGA,0
GCAATAACTAAAAAAA,0
GCAATAATCACACAAA,0
GCAATACAGAGCTAGA,0
GCAATACCCGAAAACC,0
GCAATACTTTTGACCA,0
GCAATATAACAAACAG,0
GCAATATAACTATAAA,0
GCAATATAGGTCGAAA,0
GCAATATGAATCCATT,0
GCAATATTAAGGCAAA,0
GCAATATTTTCATAAA,0
GCAATCAGACTTATTA,0
GCAATCATATAGTATT,0
GCAATCCAAAGAGACT,0
GCAATCCACCCCATTG,0
GCAATCCCCATTCAGG,0
GCAATCCGAACTTCTA,0
GCAATCCGGGTCGAAA,0
GCAATCGAGAAGAGCA,0
GCAATCTATTGTATAT,0
GCAATCTCCTTCCGGA,0
GCAATCTGATAGAGAT,0
GCAATCTTTATGAACA,0
GCAATGAACCTCCAGT,0
GCAATGAAGAACATTT,0
GCAATGAAGCAATGAC,0
GCAATGAATTAGCAAA,0
GCAATGACAGAAACTA,0
GCAATGCCGAATCTTA,0
GCAATGGCCAGCAAAA,0
GCAATGGCGTAGCTAA,0
GCAATGGGTTGACTAT,0
GCAATGGTACCAACCA,0
GCAATGTGGCACAATT,0
GCAATTAAACTAAAAG,0
GCAATTAAATAGCAAT,0
GCAATTAAGATAATGC,0
GCAATTACACTATCGG,0
GCAATTACAGGATGAA,0
GCAATTAGCTAGACTC,0
GCAATTATAAAGAACA,0
GCAATTCAAAATATAG,0
GCAATTCAAACGGGTA,0
GCAATTGAAAGCTGCA,0
GCAATTTAGCCAAAAC,0
GCAATTTAGCTTGATG,0
GCAATTTATGCATATA,0
GCAATTTATGCGGAAT,0
GCACAAACATAGACGC,0
GCACAAACTTCGCCGA,0
GCACAAAGATGGAATG,0
GCACAAAGTTCCATAG,0
GCACAAATATAACAAC,0
GCACAAATCAGGAACA,0
GCACAAATCCATTACG,0
GCACAAATCTTCGTTG,0
GCACAAATGTATGTCC,0
GCACAACAATGCAGGT,0
GCACAACACCCCGTGT,0
GCACAACTCCGAGTTT,0
GCACAAGCAAGTATAC,0
GCACAATAATTACATA,0
GCACAATCAATCGGAC,0
GCACAATCATTAGGTA,0
GCACAATCCTACTACG,0
GCACAATCTTTAAGTC,0
GCACAATTCTCCAGAT,0
GCACACAAGCACCTCC,0
GCACACATATAGGGTC,0
GCACACATGGACTTCG,0
GCACACGAATAGTCAG,0
GCACACGGACAAATTG,0
GCACACGGCTAACTCA,0
GCACACGGTAGAGAAG,0
GCACACTAATTAGTTG,0
GCACAGGAGAGGCATA,0
GCACAGGTGTCCCCAA,0
GCACAGTTCTATGATA,0
GCACATAAACCAGTAA,0
GCACATACAACCCTCG,0
GCACATCAAACACTGA,0
GCACATCACGTAACCT,0
GCACATGGGCTAGAAG,0
GCACATGTGAATTGTC,0
GCACATTATCCCACAA,0
GCACATTTTTGGTTTA,0
GCACCAAAAACTAGCC,0
GCACCAAAGACCATTA,0
GCACCAAATCGTCAAA,0
GCACCAACCATGTATA,0
GCACCAAGCAATAAGA,0
GCACCACAGATCAAAG,0
GCACCACATAACTCCA,0
GCACCAGCCCAACAAA,0
GCACCAGGATATAAAT,0
GCACCAGGTAAACGCT,0
GCACCATAAATCCAGA,0
GCACCATTATTCTAAG,0
GCACCATTCTAGAGCG,0
GCACCATTTACTACCT,0
GCACCCAAGTCCCAAA,0
GCACCCAATAGTGACC,0
GCACCCACGGACCTAA,0
GCACCCAGAGTTACAC,0
GCACCCGATAACAATA,0
GCACCCTAAGTTGTAC,0
GCACCCTATGGTCGCA,0
GCACCCTGAACGATGC,0
GCACCGAAACCAAATC,0
GCACCGAATAATCTTA,0
GCACCGCAGTCACATC,0
GCACCGCCATCCATGG,0
GCACCGGGTATGCCTA,0
GCACCGTACGATAGCC,0
GCACCGTATGCATTAA,0
GCACCGTTCTTTGTTA,0
GCACCTCATCATAGGC,0
GCACCTCATCCTAATC,0
GCACCTCGGGGGCTAA,0
GCACCTGCAATTTATG,0
GCACCTGGCTAGAGAG,0
GCACCTTCTCGTTGCC,0
GCACCTTGAGCAAAAA,0
GCACGAAAAAACCGCG,0
GCACGAACCTATCCAT,0
GCACGAACTCTAAACA,0
GCACGAAGACTTTCGT,0
GCACGAAGCGCCGTCA,0
GCACGACAGTCAAGTG,0
GCACGACCTCCCGCTG,0
GCACGAGCGTTCGGAT,0
GCACGAGGTTCAATGT,0
GCACGATACTGATTTT,0
GCACGATAGATAGAAA,0
GCACGATCAAGTAAGA,0
GCACGATCAGCACTTG,0
GCACGATTTCCATCAA,0
GCACGCAATAGAAAGT,0
GCACGCATGCGCATGA,0
GCACGCCCCTTCTATC,0
GCACGCCCTGTGCCTA,0
GCACGCGAAACTTAAT,0
GCACGCGAACGCTACA,0
GCACGCGGAGAATAAA,0
GCACGGAAGGATTATT,0
GCACGGAGACACTTAT,0
GCACGGCCTAATCCAC,0
GCACGGCGACCGGATC,0
GCACGGGCTAACTCAA,0
GCACGTAATTAAGGCA,0
GCACGTATTTAATGCT,0
GCACGTCAAAAGAAAG,0
GCACGTCAATATTAAA,0
GCACGTTACATTTGCC,0
GCACTAAGAATATTGC,0
GCACTAAGCCTTAGCA,0
GCACTAAGGTTAGGAA,0
GCACTAATAGGAATCA,0
GCACTAGTACAAAATA,0
GCACTAGTTTTAATAA,0
GCACTATAAGGCAAGT,0
GCACTATTAGGCGCCC,0
GCACTATTGAGCAACA,0
GCACTCCGCACCCTCT,0
GCACTCGACACAAGTG,0
GCACTCGTATGTAGTG,0
GCACTCGTCACTGTAA,0
GCACTCTTGAACATTG,0
GCACTCTTTAACCCTT,0
GCACTGGTTAGGGGAC,0
GCACTTAAGTGGTATT,0
GCACTTAATTCTAAAA,0
GCACTTACCAGAACCT,0
GCACTTACGTAAAGTA,0
GCACTTTCGAAATGTA,0
GCAGAAAAAGGAAGTT,0
GCAGAAAACTTCACTC,0
GCAGAAAAGCAAGTCA,0
GCAGAAAATACCCCCA,0
GCAGAAACAAAATCTC,0
GCAGAAAGCTAGTGTC,0
GCAGAACAGTTAAAAA,0
GCAGAACTACACTGCT,0
GCAGAAGAAAACTCAC,0
GCAGAATAATTCAAAG,0
GCAGAATAGTTGGTAA,0
GCAGAATGAAACGTCC,0
GCAGAATGAACTTTAT,0
GCAGAATGAGATTCAT,0
GCAGAATGTTACACTT,0
GCAGAATTAGGAGCGA,0
GCAGAATTATGTGCGC,0
GCAGAATTCCACCACA,0
GCAGAATTGAACATAG,0
GCAGACAACAATGATA,0
GCAGACAAGGACCATG,0
GCAGACAGTAGAAGCT,0
GCAGACATGTGCCAAA,0
GCAGACGCAAGAACGC,0
GCAGACGGCAACGTTC,0
GCAGACTAAGACAAAT,0
GCAGACTGACTATTCC,0
GCAGAGACATGCCATT,0
GCAGAGAGATTTTTAC,0
GCAGAGATATTACCTA,0
GCAGAGCACGGCGTGT,0
GCAGAGCGAAAAGGTA,0
GCAGAGCGGGTTATAA,0
GCAGAGGAATGTCTAC,0
GCAGAGGATGGGGAAG,0
GCAGAGTAGCAGTAAA,0
GCAGAGTAGTTCGAAC,0
GCAGAGTATCACATCA,0
GCAGATAAATCCGTCT,0
GCAGATAACAGTGTTA,0
GCAGATAACTAGCCAT,0
GCAGATAAGAACACGA,0
GCAGATATGTTATTTT,0
GCAGATATGTTCTTAC,0
GCAGATGAACCCGAAT,0
GCAGATGGCGTAAAAT,0
GCAGATGTAAACTAGT,0
GCAGATTAAAACGAAA,0
GCAGATTAACTTCCTG,0
GCAGATTCGATCGAGT,0
GCAGCAAAAGTATAAT,0
GCAGCAAACGTAGAAT,0
GCAGCACCCGATGCTC,0
GCAGCATAATAATCCA,0
GCAGCATACAATAGGA,0
GCAGCATACTCGGTTA,0
GCAGCATCCTTCAAAA,0
GCAGCATTCATCCGTG,0
GCAGCCAATTGAGCAT,0
GCAGCCAGGCAATCGA,0
GCAGCCAGTAAGGAAA,0
GCAGCCATAAAATACA,0
GCAGCCATAGTTAGAG,0
GCAGCCATATAAATTA,0
GCAGCCCAATTGACGC,0
GCAGCGATGCGTCTAT,0
GCAGCGCAAAATACGC,0
GCAGCGTCAAATCATC,0
GCAGCTACCTCTGTAA,0
GCAGCTGTAGAGTAAT,0
GCAGCTTACGTGGGAA,0
GCAGCTTCCATTACGG,0
GCAGCTTGCCTATCAA,0
GCAGCTTTGGTTATAG,0
GCAGGAATTGCTGTTC,0
GCAGGAGGAAATAAGC,0
GCAGGAGTTCGGAAGC,0
GCAGGATAGGACCACA,0
GCAGGATATATGGTAC,0
GCAGGATCATAAAAAT,0
GCAGGCAACTGGGTTT,0
GCAGGCATAGCACGTT,0
GCAGGCCTAGGGAGAA,0
GCAGGCCTCGGCAGGC,0
GCAGGCGAACCCGATG,0
GCAGGCTAAACGAAGT,0
GCAGGGATAAAAACAA,0
GCAGGGCTCCTAAATA,0
GCAGGGGTATGTTCCA,0
GCAGGTAATGAACGCG,0
GCAGGTCAAGGGTGCC,0
GCAGGTCTAAATCGTA,0
GCAGGTGCACTTGAAC,0
GCAGGTGTAATTTCTG,0
GCAGTAAGCCCTAGTA,0
GCAGTACCAAACGCCA,0
GCAGTACCAAATTTTA,0
GCAGTACCGCACAGGA,0
GCAGTACTTACAGCCA,0
GCAGTAGCTCGAAAAA,0
GCAGTAGGACGATTAA,0
GCAGTATAAACCACAG,0
GCAGTATAAGGTCTGT,0
GCAGTATCAAAAATCT,0
GCAGTCATAACGATAA,0
GCAGTCCCACACAGGG,0
GCAGTCCCGCGGACCA,0
GCAGTCCCTGTTTGAC,0
GCAGTCGCAGATTATG,0
GCAGTCGCTCTTAAAT,0
GCAGTCTAATAGGTTA,0
GCAGTCTGCACCCCGG,0
GCAGTCTTGAGAATAA,0
GCAGTGAATAAGTTGG,0
GCAGTGACCAATAATA,0
GCAGTGATTACGGAAA,0
GCAGTGATTTTAGAGG,0
GCAGTGCAAAGATAAA,0
GCAGTGCTATTATAAC,0
GCAGTGGAAACCCCGT,0
GCAGTGGGGTTAACGT,0
GCAGTGTAGCAATACG,0
GCAGTGTATTCGCGCA,0
GCAGTGTCTCCAACTA,0
GCAGTGTTATGTGCGT,0
GCAGTTGCTAAGACTC,0
GCATAAAACAACACCA,0
GCATAAAACATTGGAT,0
GCATAAAACCTCGTGC,0
GCATAAAGAAACAACT,0
GCATAAAGCGACAATC,0
GCATAAATGATTACAA,0
GCATAAATTTGAGAAT,0
GCATAACATAAATATA,0
GCATAACCGATTATAA,0
GCATAACCGTTATAAA,0
GCATAAGAAACCAAAG,0
GCATAAGAACTTAGCT,0
GCATAAGGAGGCACTG,0
GCATAAGTACTTTATA,0
GCATAATAAACAAAAC,0
GCATAATAACATTATC,0
GCATAATACACCTACG,0
GCATAATCAAAAACAG,0
GCATAATCACGTATGA,0
GCATAATCATACCACA,0
GCATAATCTAGGAGTA,0
GCATAATGTACTATAA,0
GCATAATTTTTCCGTT,0
GCATACAAGGGGAGTT,0
GCATACACAGAAAATA,0
GCATACACTATGCAGG,0
GCATACAGGCAAGCTA,0
GCATACAGTTTAAGTA,0
GCATACATAATTTATG,0
GCATACATGCTTGGAG,0
GCATACATTATACTCG,0
GCATACCAACCAAGCA,0
GCATACCCCTCTAGTA,0
GCATACGAACAACATA,0
GCATACGAGCTTCAAT,0
GCATACGATAGGAAAT,0
GCATACGCAAACTTTT,0
GCATACGCTTAGCAAA,0
GCATACGTTATAACAA,0
GCATACTAAACACATT,0
GCATAGAGGTCTGTCC,0
GCATAGAGTGGATGCT,0
GCATAGATGCACATCC,0
GCATAGCGGGAATGAG,0
GCATAGGCGCTATGTG,0
GCATAGGGTGGCTCAG,0
GCATAGTGCAGTCGTT,0
GCATATAAAAACGAGA,0
GCATATAACCACTATT,0
GCATATAGATCATACA,0
GCATATAGGGTATAGA,0
GCATATATAATTAACT,0
GCATATCATCTAGTCA,0
GCATATCCCAGTGATA,0
GCATATCCGTAAAACA,0
GCATATCTTCCCACAG,0
GCATATGGGCCTTTGA,0
GCATATTACAAATGGA,0
GCATATTACACTGAAA,0
GCATATTTCTTCGAAC,0
GCATATTTTTAGGGTG,0
GCATCAAAATGCAGTA,0
GCATCAAAGCGAGCCA,0
GCATCAACACATTTAC,0
GCATCAATAGTCAGCT,0
GCATCAGAAATATCCA,0
GCATCATAAACCTTCC,0
GCATCATACCCTTTAA,0
GCATCCAACCAAATTG,0
GCATCCAGAGCGATTG,0
GCATCCATCAACCAAG,0
GCATCCCTACGGAGAA,0
GCATCCGTTACATTAC,0
GCATCGAGCAGTTCGT,0
GCATCGATATATATGC,0
GCATCGATCTAGCTTA,0
GCATCGCTGACCGGAA,0
GCATCGGACGAAATTC,0
GCATCGTAGTCTGTTA,0
GCATCTAATCTGTCTC,0
GCATCTAATGGATCAA,0
GCATCTCCAACCTAAT,0
GCATCTCTATCAAGCA,0
GCATCTTATTGATGGA,0
GCATCTTCCTCAGCAT,0
GCATCTTTGAAAAGCT,0
GCATGAAAAAAAACAA,0
GCATGAAAAGCGCCTA,0
GCATGAACAAGCTGGA,0
GCATGAATTAGCTCAT,0
GCATGACATTGTAATA,0
GCATGACCTATGTTAA,0
GCATGACCTTAAATCC,0
GCATGACGGCTACCCT,0
GCATGAGATTATACAT,0
GCATGAGGCAAGGCCC,0
GCATGATAAAAAGTAA,0
GCATGATATAGTTGCC,0
GCATGATCAGTATTCG,0
GCATGATCAGTCACAT,0
GCATGATCATGGTCAG,0
GCATGATCCTATATAA,0
GCATGATCTTATGAAC,0
GCATGATGGTCTCTAG,0
GCATGCAATCCCGAAA,0
GCATGCAGTACCATAG,0
GCATGCCTAAAGTCCC,0
GCATGCCTCTGTATTT,0
GCATGCCTTAAACTGC,0
GCATGCTAAAACGAAT,0
GCATGGAAACAAATGT,0
GCATGGAATAATAAAT,0
GCATGGATCAATCCAG,0
GCATGGATCTGGACTA,0
GCATGGCCTATAGCTT,0
GCATGGTAAAAACCTG,0
GCATGGTAAAAATTGA,0
GCATGGTAACCACATG,0
GCATGTAAAATCTAAA,0
GCATGTAAGACCATTG,0
GCATGTAGATGAATCA,0
GCATGTCAAAACCAGG,0
GCATGTCGTTGAATGA,0
GCATGTCTGAACTAAT,0
GCATGTGTTAAATTAC,0
GCATGTTTGTGCAATG,0
GCATTAAATAACCTGA,0
GCATTAACCACTTAAA,0
GCATTAAGAATATCCT,0
GCATTAAGCTACAAGT,0
GCATTAATAGAGACTA,0
GCATTAATATACCCAA,0
GCATTACACAAATTCA,0
GCATTACATACCAACA,0
GCATTACTTGTCAGAC,0
GCATTAGAATATCCAA,0
GCATTAGCAAATAACG,0
GCATTAGTAGTACGCA,0
GCATTAGTGGTATAAT,0
GCATTATATCCCCTTA,0
GCATTATTTAGAAAAG,0
GCATTCAACAAAGATT,0
GCATTCAACAGTTGGA,0
GCATTCAATAATAGAT,0
GCATTCAATTATAGTC,0
GCATTCATCCCGATAC,0
GCATTCCCAGTAAGAG,0
GCATTCCTAAAAGAAC,0
GCATTCGCTACTGATT,0
GCATTCGGAAATAAAG,0
GCATTCTAAGAACAGT,0
GCATTCTCACGATGCG,0
GCATTCTCGCAAAAAA,0
GCATTGACAAAGCTTG,0
GCATTGACCAACAATT,0
GCATTGCATAACAAAC,0
GCATTGGTTACCATAA,0
GCATTGTTATTTAAAA,0
GCATTTAAGTCTAGCG,0
GCATTTACATAAACAG,0
GCATTTATAGAATGAA,0
GCATTTATGCCAATCC,0
GCATTTCCCATATGTG,0
GCATTTCGATACTCTA,0
GCATTTCTGGATCGCA,0
GCATTTGAATAAGTTC,0
GCATTTGCTGAGCCAG,0
GCATTTGGAACCCGAA,0
GCATTTGGTTGTAGAC,0
GCATTTGTGCACAAAT,0
GCATTTTGTCACTAAA,0
GCCAAAAAAAAATTTT,0
GCCAAAAATAGATAAA,0
GCCAAAAATGGGAAGT,0
GCCAAAAATTACAATA,0
GCCAAAACAAGCTAAT,0
GCCAAAACCCGGTAAA,0
GCCAAAACGCCGTATT,0
GCCAAAATAAACAGGA,0
GCCAAAATGCTTTCAT,0
GCCAAAATTAAACCAC,0
GCCAAAATTAACGGGA,0
GCCAAACACTAATTAG,0
GCCAAACAGAAGTCAA,0
GCCAAACATTTCCCAC,0
GCCAAACCAAAATGAT,0
GCCAAACCCGATTAAT,0
GCCAAACTTCGGAAAA,0
GCCAAACTTTTAATTA,0
GCCAAAGGTGAGAAAC,0
GCCAAAGTTAGGCAAA,0
GCCAAATAAACTTACG,0
GCCAAATATGTTAAAA,0
GCCAAATCACTACTGC,0
GCCAAATCTAACGAAT,0
GCCAAATCTCTGACGG,0
GCCAAATGAAGCGAGG,0
GCCAAATGTGGTAAGC,0
GCCAAATTGATCCAGG,0
GCCAAATTTTCATTTG,0
GCCAACAAGCTGCAGT,0
GCCAACAATAGTACCA,0
GCCAACAGAATCAAGA,0
GCCAACATGATCGATT,0
GCCAACATTGTCTCCC,0
GCCAACCATACGCAAA,0
GCCAACCTGTGGGTCA,0
GCCAACTAACTTTATT,0
GCCAACTAGTGACGAG,0
GCCAAGAACATTAAAA,0
GCCAAGACATCGTAAA,0
GCCAAGATTCATTTCT,0
GCCAAGCACAGAGCAG,0
GCCAAGCAGATCTGTC,0
GCCAAGCTTCCAGAGC,0
GCCAAGGAAAATTACT,0
GCCAAGGACGCTCAAA,0
GCCAAGTGGCAAGAGT,0
GCCAAGTGGTCCCCTA,0
GCCAAGTTCCCCACGT,0
GCCAATAAGCACACCT,0
GCCAATACACCAAGAA,0
GCCAATATCAATGAAC,0
GCCAATCAGAAATGTT,0
GCCAATCCAAGAATTC,0
GCCAATCCACGTCACC,0
GCCAATCTAAGCCCAT,0
GCCAATGATTCTATAC,0
GCCAATGCACCCTCGA,0
GCCAATGTCCAATCGC,0
GCCAATTAAGCTAGCA,0
GCCAATTAGGGAGGAA,0
GCCAATTCGATGTACC,0
GCCAATTGAGAGCGGT,0
GCCAATTGAGCAAACA,0
GCCAATTTGCTACAAA,0
GCCACAACAAACATCA,0
GCCACAATAAGTACAA,0
GCCACAATGATCAAAT,0
GCCACACTGTTCGATT,0
GCCACATAAACCACAT,0
GCCACATCATGAAGAC,0
GCCACCAACGATACAA,0
GCCACCATACCCAGAA,0
GCCACCATATTATTAT,0
GCCACCCCAATTTTAA,0
GCCACCCTTACACGGC,0
GCCACCGCATATTAAA,0
GCCACCGTGTACACTG,0
GCCACCTACCGTTTAA,0
GCCACCTATTGCAAAG,0
GCCACCTTTCAAATAT,0
GCCACGACATTTAAAT,0
GCCACGAGATACTGTT,0
GCCACGCCAACTCTAT,0
GCCACGCTTTGCTAAA,0
GCCACGGAACATTTTT,0
GCCACGGCAACAAGAC,0
GCCACGTAATACGGCA,0
GCCACTATAAATGCAC,0
GCCACTATATAGATTA,0
GCCACTATCGCGTAAA,0
GCCACTATTGACTACC,0
GCCACTCGGCTACATG,0
GCCACTCGGTTCTTAG,0
GCCACTCTGAGAGATA,0
GCCACTGAGTCACCAA,0
GCCACTGCGAATGTAG,0
GCCACTGGACCAATAA,0
GCCACTGGCGGTAAGT,0
GCCACTGTATCCAATA,0
GCCACTGTTTTAACGT,0
GCCACTTAACCACGTT,0
GCCACTTGCCTAAACT,0
GCCACTTTCTTGAAAT,0
GCCAGAACAAACCCTG,0
GCCAGAACAGTAATGA,0
GCCAGAACTATTGTTT,0
GCCAGAATACAACAAT,0
GCCAGAATATAACTTG,0
GCCAGACGGTGTAACA,0
GCCAGATATAAGCCTC,0
GCCAGCAAAGCTAACC,0
GCCAGCAATACCATGC,0
GCCAGCAGACGAAGGG,0
GCCAGCAGGAGCGGAA,0
GCCAGCATCAATACGT,0
GCCAGCCACAATATCC,0
GCCAGCCCTTTAACAA,0
GCCAGCCGAAATTCTT,0
GCCAGCTCCATACACG,0
GCCAGGATACCACCAA,0
GCCAGGCAAGTTGCGA,0
GCCAGGCAGCAAAATA,0
GCCAGGCCTGATAAGA,0
GCCAGGGAGTTATAGA,0
GCCAGTAAGTAGCAGT,0
GCCAGTAGCACCTCCG,0
GCCAGTCAAATATGGA,0
GCCAGTCACTACGAGT,0
GCCAGTTCATTCCACC,0
GCCAGTTTTATGAACA,0
GCCATAAAAATCCAAA,0
GCCATAAACGATTTTT,0
GCCATAAAGTCTAACC,0
GCCATAACGTTATGGG,0
GCCATAATATTGGATC,0
GCCATAATGAGTAGTC,0
GCCATACACGAAGCAA,0
GCCATACAGCCACTCC,0
GCCATACTCTGGCTTC,0
GCCATACTTAACGATG,0
GCCATAGCAAAAGCAC,0
GCCATATAAAACCCAA,0
GCCATATAACACAGAA,0
GCCATATCACAAACCA,0
GCCATATGACCAGCCT,0
GCCATATGACTCAAGG,0
GCCATCAAGCAATACA,0
GCCATCAAGCGTCCCG,0
GCCATCAATAAGCGAT,0
GCCATCACGCGGGAAT,0
GCCATCGAAATACGAG,0
GCCATCGAGTCCTCGT,0
GCCATCTGCTTGCAAA,0
GCCATCTTAAAAAAAG,0
GCCATCTTAAATTGAC,0
GCCATGAAACATTAGT,0
GCCATGAGAGCCAGCA,0
GCCATGCACTAAACTA,0
GCCATGGGATGGTAGT,0
GCCATGTAAACAATAT,0
GCCATGTAACCGTAGT,0
GCCATTAAATGATAAT,0
GCCATTAAGTAATGTG,0
GCCATTACATCAGCAC,0
GCCATTACCTGCATAT,0
GCCATTATAGAAACTT,0
GCCATTCAAACGTTAG,0
GCCATTCACATGGATT,0
GCCATTCAGGCGTGAG,0
GCCATTCCTGCCCAGT,0
GCCATTCGGTCTGTAG,0
GCCATTCTAACTCCGA,0
GCCATTCTGTACACAA,0
GCCATTGAAACTTCAA,0
GCCATTGAGACTCATG,0
GCCATTTACTTGGACA,0
GCCATTTCAAAATTCT,0
GCCATTTCACGGGCAG,0
GCCCAAAAACTTACAT,0
GCCCAAAACAATTCTG,0
GCCCAAAAGTCTTAAA,0
GCCCAAAATCAATATA,0
GCCCAAACCTTGTGGC,0
GCCCAAAGAAAGAGAT,0
GCCCAAAGAACCACGC,0
GCCCAAAGGGAACAAA,0
GCCCAAATGCCATGAA,0
GCCCAAGACATTATTT,0
GCCCAAGCCGCTAAAG,0
GCCCAATAAATTAGAA,0
GCCCAATAGTTATAAT,0
GCCCAATCACTGAAGC,0
GCCCAATTAGTCCAAG,0
GCCCACACATCAAAAC,0
GCCCACAGCCTATGCG,0
GCCCACGAAAGCACAG,0
GCCCACGCTGCAGCGC,0
GCCCACTAGCGACAAC,0
GCCCACTTAGTTCCTT,0
GCCCACTTTCAACTGA,0
GCCCAGCGATTCCCTT,0
GCCCAGCGATTTCAAT,0
GCCCAGCTGAATAAGC,0
GCCCAGTATCCAATCC,0
GCCCAGTGATACACTC,0
GCCCAGTGCTCCCCAG,0
GCCCAGTTACTCATTA,0
GCCCATCCAACCAACC,0
GCCCATCCATATCAAC,0
GCCCATCGGAAGACAG,0
GCCCATCGGCAGTGAA,0
GCCCATTAGGCAGATG,0
GCCCATTGACGTAAGT,0
GCCCCAAAAGGGAAGA,0
GCCCCAACCCAAGAGG,0
GCCCCAATATGCAACA,0
GCCCCACATCCGATAA,0
GCCCCAGAATGCAATT,0
GCCCCAGTGGCCCCAC,0
GCCCCCAACTGAAAGA,0
GCCCCCAGAAGGTAAC,0
GCCCCCCATGAACCAT,0
GCCCCCCCCACATCAA,0
GCCCCCGCAGGAGAGG,0
GCCCCCGTAAAGACTG,0
GCCCCCGTTGCGATAC,0
GCCCCCTAAAAAAAAA,0
GCCCCCTAACGGAAAG,0
GCCCCCTACTAAATTA,0
GCCCCGAATTCTTTTA,0
GCCCCGAGAACCCATG,0
GCCCCGCACTTAAACC,0
GCCCCGCCGACCCCGT,0
GCCCCGCGTGTTGAAA,0
GCCCCGCTTATCTCTT,0
GCCCCGGTCAACGAGG,0
GCCCCGTAGTTCTGCC,0
GCCCCTAATAGGAGAG,0
GCCCCTAATATGATAA,0
GCCCCTATAATGTCAT,0
GCCCCTCTAGATATCT,0
GCCCCTCTGTGATATA,0
GCCCCTGGCTCCCACA,0
GCCCGAAACCTCTAAA,0
GCCCGAAGACGTGCCA,0
GCCCGACAGTCTCGAA,0
GCCCGACATATCTGTC,0
GCCCGACATTACAAAT,0
GCCCGAGGAGAAAGTC,0
GCCCGCAAGTACTAAC,0
GCCCGCTGAACACTTA,0
GCCCGGAATAAAACAG,0
GCCCGGTCAAAGTAGC,0
GCCCGTATCTTAAAAC,0
GCCCGTCGATCAACAC,0
GCCCGTTAAGTTCCGA,0
GCCCTAAATAAGCTTA,0
GCCCTAAGTGGGCCGT,0
GCCCTACAAACGACCA,0
GCCCTACAAAGGAAAT,0
GCCCTACGCGAATGGC,0
GCCCTACTTTATCCGA,0
GCCCTATAAATAATAC,0
GCCCTATCTGTCAATC,0
GCCCTCAGCTAAAACA,0
GCCCTCCACATCTTAT,0
GCCCTCCGGTAGACAC,0
GCCCTCGTCCATACTT,0
GCCCTCTCAGAAATCC,0
GCCCTCTGTGTCATAT,0
GCCCTCTTTAAGGCTG,0
GCCCTGACATCATATG,0
GCCCTGATGTGTGTTG,0
GCCCTGATTTACTTGT,0
GCCCTGGCGGGCGAAA,0
GCCCTGTATGATTAAA,0
GCCCTTAAAAAATAAC,0
GCCCTTAATTACTGGG,0
GCCCTTATTTGCCTGA,0
GCCCTTTACAATCCCT,0
GCCCTTTATAACCTCC,0
GCCGAAAATGAAACCC,0
GCCGAAACCTGTACAC,0
GCCGAAACTAAACAAC,0
GCCGAAAGGGGAGACT,0
GCCGAACACTCCCTAG,0
GCCGAACTAACGTAAC,0
GCCGAAGCTGAAAAGA,0
GCCGAAGTACAGCTCA,0
GCCGAATGAACCACCT,0
GCCGACAAAACTAACT,0
GCCGACACAGTAAACC,0
GCCGACATAACAACGA,0
GCCGACATAGCGATAA,0
GCCGACCTGTAGATTT,0
GCCGACCTGTCTTTCC,0
GCCGACTATCCCTACC,0
GCCGAGAAATAACAAT,0
GCCGAGAAGAACCATG,0
GCCGAGATCAGTAGAG,0
GCCGAGCAAGCAAACC,0
GCCGAGCACGGCTCGT,0
GCCGAGCATGGCTGCT,0
GCCGAGTAAGCAAGGT,0
GCCGAGTCCACACCAC,0
GCCGATACAATCCATG,0
GCCGATAGGCAGTTAG,0
GCCGATATGTCTGCCC,0
GCCGATCACCTGGCTC,0
GCCGATCAGATAATAC,0
GCCGATCGATCCAAGT,0
GCCGATTTCGTATTCT,0
GCCGATTTGAGCAATG,0
GCCGCACCCTAAACCA,0
GCCGCACTACCATGAC,0
GCCGCACTAGTAGATT,0
GCCGCAGATGGAATTA,0
GCCGCAGGCAGCAACA,0
GCCGCAGTTTAGAAAA,0
GCCGCATACAGATAGT,0
GCCGCATCTCAATTTG,0
GCCGCATGTCACGTAT,0
GCCGCCCAACTTTGAT,0
GCCGCCCGTGTTTAGT,0
GCCGCCGAATGGGTAA,0
GCCGCCGGAGTTGGAA,0
GCCGCCTAATCTTAAT,0
GCCGCTGCGCAACCAC,0
GCCGCTGTGCAAAATC,0
GCCGGAAATCATTGTA,0
GCCGGAACTTCCTATT,0
GCCGGAAGTCGGCAAT,0
GCCGGAATTTAAGCTA,0
GCCGGACACTAAACAA,0
GCCGGAGACCTCGTTA,0
GCCGGATTGTCTTGAG,0
GCCGGCAATACAAATA,0
GCCGGCACTGGGGAAA,0
GCCGGCATGAAAAACC,0
GCCGGCATTTTGACCA,0
GCCGGCCTTAGCAACC,0
GCCGGCTTGATATTGC,0
GCCGGGCAATCCCTTA,0
GCCGGTACTGCTAGCC,0
GCCGGTATATAAAGTG,0
GCCGGTGATATGATGG,0
GCCGGTTTATGCCCAA,0
GCCGTAAAATTAACGA,0
GCCGTAAACGGATTTT,0
GCCGTACTCAAAAATA,0
GCCGTATGAGAAATAA,0
GCCGTCAGAGTTAATG,0
GCCGTCAGCGGGCCCA,0
GCCGTCCAGCATGGCC,0
GCCGTCGTCAAAATGC,0
GCCGTGACTAGAATTA,0
GCCGTGATCAAGTTAA,0
GCCGTGGAACATACTA,0
GCCGTGGTTGTAATCG,0
GCCGTGTATTAACCGC,0
GCCGTTCCAAAGTTTT,0
GCCGTTCTCGCAAATG,0
GCCGTTGAACTGTATT,0
GCCTAAAAAAGAATGC,0
GCCTAAAAAGCACCAG,0
GCCTAAAAGATATCAA,0
GCCTAAACCGCAATTG,0
GCCTAAACCTTTAAAA,0
GCCTAAAGAAACATAA,0
GCCTAAAGGGCCTCAA,0
GCCTAACCAAACTGAT,0
GCCTAACCCGTGAATG,0
GCCTAACGTTAAAGAC,0
GCCTAACTAATTAGAT,0
GCCTAACTATATAAAC,0
GCCTAACTGACAAAAT,0
GCCTAAGAAAGCCCTT,0
GCCTAAGAGCAATCCC,0
GCCTAAGTATTGCCAT,0
GCCTAAGTGGCGAAAA,0
GCCTAATACCATCCAA,0
GCCTAATACTCACTCC,0
GCCTAATCGTGAAATA,0
GCCTAATTAAGAAACC,0
GCCTAATTAAGTCTTG,0
GCCTACACCTTAATAC,0
GCCTACCGACTACACA,0
GCCTACTAGGCCCAGA,0
GCCTACTATATTAATC,0
GCCTACTTAAAAATTG,0
GCCTACTTCAAGACCT,0
GCCTAGAAGCGGATTT,0
GCCTAGAATTGATGTC,0
GCCTAGACATCGGTTG,0
GCCTAGATATAAAAAG,0
GCCTAGCACACCAAGT,0
GCCTAGCCAGCACAAA,0
GCCTAGCGTCTTGGGG,0
GCCTAGGATAGAACCC,0
GCCTAGGCAGACGGAA,0
GCCTAGTTAATAGTTA,0
GCCTAGTTTACTGTCC,0
GCCTATAAACACTATT,0
GCCTATAAACCAGTGC,0
GCCTATACCTTTACCG,0
GCCTATATGACCCTTG,0
GCCTATCGAAAAATTG,0
GCCTATCGGTGTAATA,0
GCCTATGACTGAACTG,0
GCCTATTGCGCAGCTA,0
GCCTCAAACCGAAAAG,0
GCCTCAGCGAGGTATC,0
GCCTCAGTCCCGTACC,0
GCCTCAGTTGGCGAGC,0
GCCTCATAGACGGCGA,0
GCCTCATAGTGCACAT,0
GCCTCATCAATAGTAC,0
GCCTCCAAGGATCCAA,0
GCCTCCAATCTTAGAA,0
GCCTCCACCATACCCA,0
GCCTCCCTGATACAAC,0
GCCTCCGAGCAAAAGA,0
GCCTCCGAGTTTAACC,0
GCCTCCTAGAAACTAA,0
GCCTCGAGGTAGAGCC,0
GCCTCGCCACGTCAAG,0
GCCTCGTTTAGTTTTA,0
GCCTCTAAACGAGGCA,0
GCCTCTAATAAGAACT,0
GCCTCTAGAAATTAAG,0
GCCTCTATCTCAATAA,0
GCCTCTATGAAATACT,0
GCCTCTCAGACACACA,0
GCCTCTCTAAAGTCTA,0
GCCTCTTATCGTATCC,0
GCCTGAAGGTAACACT,0
GCCTGAATATCGGACT,0
GCCTGAGATAGCCGAC,0
GCCTGATAAATCGGCG,0
GCCTGATATAGCTAAA,0
GCCTGATCAGAGTACT,0
GCCTGCAATGGTATCG,0
GCCTGCCACAATTAAA,0
GCCTGCGACATAATAG,0
GCCTGCGTAAAAAGAG,0
GCCTGCTACTATACAA,0
GCCTGCTTATAATGTA,0
GCCTGGAAACGCATGA,0
GCCTGGCTTAGCTGTC,0
GCCTGGGCCAAAGGAT,0
GCCTGGGCGATAGCGT,0
GCCTGTAAGGTGTGGC,0
GCCTGTACCAGACCCA,0
GCCTGTCACCGTGATC,0
GCCTGTGAATTAGAAG,0
GCCTGTTTCAAATTAC,0
GCCTTAAACAACACGT,0
GCCTTAACGGTTCACA,0
GCCTTAAGGCAGTATT,0
GCCTTAAGGTACTACG,0
GCCTTACAGAAAAAGA,0
GCCTTATCCCGTTTGA,0
GCCTTCAATATCGGTC,0
GCCTTCACCTTCAAAA,0
GCCTTCACGGGCCATT,0
GCCTTCATATAGTAGG,0
GCCTTCCAAATTGAGT,0
GCCTTCCACGGCAGCC,0
GCCTTCCATCTCTTCC,0
GCCTTCCCCACCCCCT,0
GCCTTCCGTCATAAAA,0
GCCTTCCTCACTACGT,0
GCCTTCCTCTAATTAT,0
GCCTTCGCAGACAAAA,0
GCCTTCTCGTCCACAT,0
GCCTTGAGCTAAAAGT,0
GCCTTGCGACCTGGCT,0
GCCTTGCTAGAGTACG,0
GCCTTTCACAACCCTA,0
GCCTTTCCGGAGAGTG,0
GCCTTTCCGGTAAGAG,0
GCCTTTTAAATTACTG,0
GCCTTTTTATATGCAA,0
GCGAAAAAACATAATT,0
GCGAAAAACGTAAACA,0
GCGAAAACTCTGTATG,0
GCGAAAAGTCTGCTGA,0
GCGAAAATCTAAGGTA,0
GCGAAACCAAAACAAC,0
GCGAAACCGAAACAAG,0
GCGAAAGTCACTCACA,0
GCGAAATACAAATCTT,0
GCGAAATAGGTTCAGA,0
GCGAAATATATAGATA,0
GCGAAATTAGAACTAG,0
GCGAAATTATAATAGT,0
GCGAAATTCACTGGAC,0
GCGAACAAATGAATTC,0
GCGAACAACGCTAGGT,0
GCGAACAACTAGAGCA,0
GCGAACAATCAAAGCC,0
GCGAACACAACAACGT,0
GCGAACACAACCAATC,0
GCGAACACTAAGTGGC,0
GCGAACATACCAACAT,0
GCGAACCCCAATCTAT,0
GCGAACGATAAATTTA,0
GCGAACGGACCCTTGC,0
GCGAACTCCCAGGGCA,0
GCGAAGACAATGCTCC,0
GCGAAGAGAATGAAAA,0
GCGAAGCTAAGATAAC,0
GCGAAGCTTCATAACT,0
GCGAAGTACCCTCACA,0
GCGAAGTAGGCCCTTT,0
GCGAAGTGTTCCGTCT,0
GCGAAGTTCTGGTACC,0
GCGAATAAAATGCCCT,0
GCGAATACACGTGGTA,0
GCGAATATATTAATCA,0
GCGAATCGGGTATAAA,0
GCGAATCGTCTAGGAA,0
GCGAATGAAGGATGGG,0
GCGAATGCTCATACTT,0
GCGAATGTGACCTTTA,0
GCGAATTACAAATCAT,0
GCGAATTCATAAAAAG,0
GCGACAAAATGGAAAA,0
GCGACAAACTCATATA,0
GCGACAACGATTGAAA,0
GCGACAATGACCTTAG,0
GCGACAATTTCCTAAA,0
GCGACACAATAACTTT,0
GCGACACGTTGTTCCT,0
GCGACACTGAAAACGA,0
GCGACATCATAACATG,0
GCGACATGGAAACTGT,0
GCGACATGGTCTGAAA,0
GCGACCAACCGATATA,0
GCGACCACACTATACT,0
GCGACCATTAACCAAA,0
GCGACGATATGCAATA,0
GCGACGATGAGCTTAC,0
GCGACGGAAAATAGCG,0
GCGACGGGAGATCACA,0
GCGACTCGATAGCCGC,0
GCGACTTAAAACTTGA,0
GCGAGACCGAATCGGC,0
GCGAGAGAGAAACAGA,0
GCGAGAGGACACTCTA,0
GCGAGAGTATAGATCA,0
GCGAGATATCTGCATC,0
GCGAGATCGCTTAAAC,0
GCGAGATTCGTGCAAG,0
GCGAGCAAAAGGCGTG,0
GCGAGCCACGGAAAAA,0
GCGAGCCCACCACATC,0
GCGAGCGTCTCTCTTG,0
GCGAGCTAAAGTGTAT,0
GCGAGCTATCCAAAAT,0
GCGAGGCACCCTGTGG,0
GCGAGGCTTTAAAGTA,0
GCGAGGGACAAAGAGA,0
GCGAGGTTAGTAAAAT,0
GCGAGGTTTATACATG,0
GCGAGTAAGAAAAAAC,0
GCGAGTATACTACCAG,0
GCGAGTTCTCCCTCAA,0
GCGATAAACGAACTTG,0
GCGATAAACTTTAGTA,0
GCGATAAATCTTGTAA,0
GCGATAACACAGGCCG,0
GCGATAACGATAGAAG,0
GCGATACAAACTAGTC,0
GCGATACATACTCTAT,0
GCGATACCATTATCAG,0
GCGATACTATTGATTA,0
GCGATAGCCAGGTATT,0
GCGATATAAACGATCC,0
GCGATATCAAGAGATT,0
GCGATCATCACTTAAT,0
GCGATCCTAGCGTGGA,0
GCGATCGGACGTTGCC,0
GCGATCGTAAAAAGGC,0
GCGATCTAGACTCGCC,0
GCGATCTGCTGCTTTA,0
GCGATCTTTCCCCCAG,0
GCGATGAATTTCTTTG,0
GCGATGCCCCAACCGA,0
GCGATGCGATAGTCCA,0
GCGATGTAGATATTCA,0
GCGATGTCCTTTTCGC,0
GCGATTCTTGACTTAA,0
GCGATTGGAAACTGTG,0
GCGATTGTAATGACAA,0
GCGATTTAAGGCTAAT,0
GCGATTTCCAATCTAG,0
GCGATTTTCGATCTAA,0
GCGCAAAGTTGAGTAT,0
GCGCAACAACTTCCAA,0
GCGCAACAATAAAAAA,0
GCGCAACATACGGAAG,0
GCGCAACTTCTAGATA,0
GCGCAAGCACTTCCGA,0
GCGCAAGCATGCCCTA,0
GCGCAATAAATAGACC,0
GCGCACAATAAAATAT,0
GCGCACACATACATTA,0
GCGCACACTAGTCCCT,0
GCGCACATAAACTACT,0
GCGCACCTACAAGGAA,0
GCGCACCTACGAGTTT,0
GCGCACGATCCTCTGT,0
GCGCACTAATACAAAA,0
GCGCAGAAAATCCACA,0
GCGCAGATGCATACCT,0
GCGCAGTAAAAGTAAC,0
GCGCATAAACGCAGTG,0
GCGCATAAACTCAGAT,0
GCGCATACACTATAAT,0
GCGCATAGTAAAATAA,0
GCGCATGATATCCTCG,0
GCGCATGCAATTACAT,0
GCGCATGTAAAAAACC,0
GCGCATTTCCAAGGTT,0
GCGCCAACTCAGGCAT,0
GCGCCACTGGTTCTCA,0
GCGCCAGCGTAATTGA,0
GCGCCATACAAAGTAT,0
GCGCCCACTCAGACCC,0
GCGCCCAGGCAAACCA,0
GCGCCCATGATCTCCG,0
GCGCCCCCCCATCCTC,0
GCGCCCCGCGTACAAC,0
GCGCCGAATTATAACC,0
GCGCCGCTAAACGGAA,0
GCGCCGTAAGTTATGA,0
GCGCCTATATCAAAAA,0
GCGCGAAAAAGCCCAT,0
GCGCGACTAAATCCAC,0
GCGCGAGCCAACACAT,0
GCGCGATTCTGCTAGG,0
GCGCGCAACATAAAGA,0
GCGCGCACACGTACGT,0
GCGCGCATTGAGATAC,0
GCGCGCCAGACGCGTA,0
GCGCGCTATTGACCCG,0
GCGCGCTGACCATAGA,0
GCGCGCTGTGAGACAA,0
GCGCGCTTGCGTACCG,0
GCGCGGCATTATCAAA,0
GCGCGGCATTCATCCA,0
GCGCGTAAATAACAAA,0
GCGCTAAAACCATATC,0
GCGCTAAACCCTTATA,0
GCGCTAACGGGGACTA,0
GCGCTACAACCGTATA,0
GCGCTACTAAGTGGTG,0
GCGCTAGTAAACCTGT,0
GCGCTATTGAGCTGCC,0
GCGCTATTTAAACGAG,0
GCGCTCGCCCCTCACT,0
GCGCTCGGAATTAAGA,0
GCGCTGCAGACATTCT,0
GCGCTGTCAATGATCT,0
GCGCTGTGTAAAAAAA,0
GCGCTGTTAAACGACC,0
GCGCTTAAACCCTCCT,0
GCGCTTATGCCCTTCC,0
GCGCTTCATACTAAAT,0
GCGCTTTATTCTATAC,0
GCGGAACCTAATAAAA,0
GCGGAACGGCCTTCCG,0
GCGGAAGAAAGATACA,0
GCGGAAGCGCTTCAGA,0
GCGGAAGGCCCCGGCC,0
GCGGAAGGGGGTCTTT,0
GCGGAAGTTATACACA,0
GCGGAATAAAAATACG,0
GCGGAATGAATGTAGC,0
GCGGAATGAGTGGTAC,0
GCGGACTTAATAATTG,0
GCGGAGACAAAGACCT,0
GCGGAGAGCCTACTAT,0
GCGGATAACTACAATT,0
GCGGATAGTCACGAAT,0
GCGGATTATTTATGGT,0
GCGGCAACCGTATGAC,0
GCGGCAAGATCATGAA,0
GCGGCACCCGAATACA,0
GCGGCATATTTTTTAA,0
GCGGCCAACCAGTAAG,0
GCGGCCGAACTTGCTC,0
GCGGCCTAGCCACGAA,0
GCGGCGAATTGGATGT,0
GCGGCGCATATAGCAA,0
GCGGCGGAAATTGGTG,0
GCGGCGGGTATAATCT,0
GCGGCGTAGACAGTAA,0
GCGGCTAATCCGCGCC,0
GCGGCTTCAATATCGG,0
GCGGGAAGGCTCTAAA,0
GCGGGAAGTCAAGCCA,0
GCGGGAATTCACCCTT,0
GCGGGACGTCTTAATT,0
GCGGGCAATCAAGGAT,0
GCGGGCCAACCGTAAT,0
GCGGGGATTACTAGTA,0
GCGGGTCCGTCTAATC,0
GCGGTAAAATATATAA,0
GCGGTAACGAATTTTT,0
GCGGTAAGCTACGGTC,0
GCGGTACATTAAACCA,0
GCGGTACTCCCTAATG,0
GCGGTAGCTATTAGGC,0
GCGGTATGACAAAAGC,0
GCGGTCTAGGTTCGAG,0
GCGGTCTTGAGGAACC,0
GCGGTGCAACCAGATA,0
GCGGTTACATTTCATA,0
GCGGTTATCCCAGGCT,0
GCGGTTGAAATTAATT,0
GCGGTTTAATATATAC,0
GCGTAAAAGTATATAG,0
GCGTAAACGTATAATT,0
GCGTAAAGAATATCAT,0
GCGTAAATTATGTACA,0
GCGTAACAATCTAACA,0
GCGTAACCGTTAACCA,0
GCGTAACTACTTATAG,0
GCGTAAGACTCCGATG,0
GCGTAATAATGGCTAT,0
GCGTAATAGAGGTAGT,0
GCGTAATTTGATCCTC,0
GCGTACAAAACAAGGA,0
GCGTACAAACAAACAG,0
GCGTACACTTGTCACC,0
GCGTACATTTGGTCGG,0
GCGTACCAACAAGGAT,0
GCGTACCAGATGAGTG,0
GCGTACGGTACCATAC,0
GCGTACTAAACGAAAC,0
GCGTACTCCTGTGTTC,0
GCGTACTTTTGAATAT,0
GCGTAGGTGAGTTCGT,0
GCGTAGTCCTTCGACT,0
GCGTAGTCGGTTACAG,0
GCGTAGTGCAACCTTA,0
GCGTAGTTGTGACTAA,0
GCGTATACGACAAATT,0
GCGTATATATAACAAA,0
GCGTATCAGTTAACCA,0
GCGTATGACGGGCTCA,0
GCGTATGATGGCCTGA,0
GCGTCAATATCATAGA,0
GCGTCACCCGAGACTC,0
GCGTCACCTAATCTCA,0
GCGTCATTTGATTGAC,0
GCGTCCAGTTAGTTCA,0
GCGTCCCAAAGATACA,0
GCGTCCTAGCACAGCT,0
GCGTCCTGAAAAAATA,0
GCGTCGAAATTTAATC,0
GCGTCGAATGTTAGAT,0
GCGTCGCATAAATAGG,0
GCGTCGCCTAAAAGTC,0
GCGTCGGAGCACGTTT,0
GCGTCGGTCCACATCA,0
GCGTCGTCAATGATAG,0
GCGTGAAACAGACAAA,0
GCGTGAAATATCGACT,0
GCGTGAATCCTCAGAT,0
GCGTGACAAACAACAC,0
GCGTGACACACTACAG,0
GCGTGAGAAAAATTTT,0
GCGTGAGAGTTGAACA,0
GCGTGAGTGCTCCCCG,0
GCGTGCACGATAACTT,0
GCGTGCATAATCCAAA,0
GCGTGGACTTAGATCA,0
GCGTGGCGCCGCAGAT,0
GCGTTAAAACTAAGTT,0
GCGTTAAAGCGCGAGG,0
GCGTTACAGAGCCACT,0
GCGTTACTAACTATAT,0
GCGTTAGGTCGACTAA,0
GCGTTAGTGACCTAAA,0
GCGTTATCAAAAATCT,0
GCGTTATCTCAAACAA,0
GCGTTATGAAAAAGAA,0
GCGTTCCAGACAGACA,0
GCGTTCGTAAGAATTT,0
GCGTTCTAAACCCCAA,0
GCGTTCTATCAAGCAG,0
GCGTTCTTTTATACTA,0
GCGTTGAAAATTGAAA,0
GCGTTGCCCTTAAAGC,0
GCGTTGGCAAATGGTC,0
GCGTTGTCTAATAATA,0
GCGTTTAAGATGGAAA,0
GCGTTTCTGTCCTAGA,0
GCTAAAAAAAGAAACA,0
GCTAAAAAAAGTAGTA,0
GCTAAAAATGGAAAGT,0
GCTAAAACAGAGGCAC,0
GCTAAAAGTACATTGG,0
GCTAAAAGTTTGATAA,0
GCTAAACAAAATCTAG,0
GCTAAACACCAAAATC,0
GCTAAACACCCATTGA,0
GCTAAACATAGCAGCC,0
GCTAAACGAAAACCGA,0
GCTAAACGATTTCAAG,0
GCTAAACTAATCTATT,0
GCTAAACTGTAAAGCG,0
GCTAAAGATCGCAGAG,0
GCTAAAGATTGGGAAC,0
GCTAAAGCACCATGGG,0
GCTAAAGGAATGCATG,0
GCTAAATAAGTTCGTT,0
GCTAAATAATTGGACA,0
GCTAAATCATTACAAA,0
GCTAAATCTTCAGTTT,0
GCTAAATGAGAAATCA,0
GCTAACAATGAATACA,0
GCTAACATCACATCTT,0
GCTAACCAATAAGCTC,0
GCTAACGACATGCAAT,0
GCTAACGACTGTTGCG,0
GCTAACTAGATACCCC,0
GCTAACTTAACCACCC,0
GCTAAGAAAAGAAGAC,0
GCTAAGAATGGTACCC,0
GCTAAGATACAAATAT,0
GCTAAGATACCATCTT,0
GCTAAGATCCGATTCA,0
GCTAAGATTCATTAAA,0
GCTAAGCAAAACATTA,0
GCTAAGCAACTTAGAT,0
GCTAAGCGATGTAGGC,0
GCTAAGCGCTACCCAC,0
GCTAAGGAATACATAC,0
GCTAAGGACAGTCCTA,0
GCTAAGTACTAACATG,0
GCTAAGTAGGATAAGG,0
GCTAAGTCTTGCCAAG,0
GCTAAGTTATAACATA,0
GCTAAGTTCCCTGCAA,0
GCTAAGTTTAAATGCT,0
GCTAATAACGATAATG,0
GCTAATAAGACAAATA,0
GCTAATACGTCATCCA,0
GCTAATAGAACTGTTC,0
GCTAATATAAAAAGAG,0
GCTAATATGGAATAGC,0
GCTAATATTTTCTAAC,0
GCTAATCAAAAATCCG,0
GCTAATCCAACGCCTA,0
GCTAATGTCTCGCAAC,0
GCTAATTAATCATCGA,0
GCTAATTAGTCTGAAG,0
GCTAATTCAATCTCAC,0
GCTAATTGCGAAACTT,0
GCTAATTGCGCCGCTG,0
GCTACAAAACCAACCT,0
GCTACAAACAAGAAAC,0
GCTACAAACCCCACTT,0
GCTACAACCTAGCCGA,0
GCTACAAGTGCGGGCT,0
GCTACAATAACATACC,0
GCTACACATAACATCA,0
GCTACACATATAGCTA,0
GCTACACATGCGAATA,0
GCTACAGTATAGACGA,0
GCTACATAATAGAAAC,0
GCTACATATCAAATGC,0
GCTACATGCAGAACCT,0
GCTACATTTAAGAAGT,0
GCTACCAGCTATACAC,0
GCTACCAGGTGGACTC,0
GCTACCAGGTTTCAAA,0
GCTACCATATATCGCT,0
GCTACCGTGCCTAAAA,0
GCTACCTAAGTAATAC,0
GCTACCTAGCTGCGCC,0
GCTACGAAAAAGGACA,0
GCTACGAAACAACTCC,0
GCTACGAAACATTTAA,0
GCTACGAATCTGACTA,0
GCTACGCAGCCAAAAC,0
GCTACGGCCAGGAGCA,0
GCTACGGGACAGAAGT,0
GCTACGTGTCTCACCT,0
GCTACTAACCTAAGAA,0
GCTACTAACTATTATA,0
GCTACTACTATTGATT,0
GCTACTATCGATATAA,0
GCTACTGAGTTAAGGA,0
GCTACTGATTTCTAAA,0
GCTACTTATAAGGATA,0
GCTACTTCCGTAAATA,0
GCTACTTGACGATGAA,0
GCTAGAAAAATGATAA,0
GCTAGAAAAATGGGGG,0
GCTAGAAACACCAGAA,0
GCTAGAAATCGATGAG,0
GCTAGAAATCTTAGGG,0
GCTAGAACATCTCAAA,0
GCTAGAACCACCCCGA,0
GCTAGACCGAAGATCC,0
GCTAGACGGATGAATG,0
GCTAGACGTTAAAATA,0
GCTAGAGTAATTCGAA,0
GCTAGAGTAATTCGCA,0
GCTAGATGAGTGTCAC,0
GCTAGATGTCCTTGAT,0
GCTAGCAAAGTACCCA,0
GCTAGCACCTTCCTTA,0
GCTAGCATGGGTAGTC,0
GCTAGCTAATTAGACA,0
GCTAGGAATCGTAATA,0
GCTAGGGCCAAGTATC,0
GCTAGGTGCCGTAAAC,0
GCTAGTATTACATAGG,0
GCTAGTCCGCAACAAG,0
GCTAGTCTCGAAATGA,0
GCTAGTGCACTGCGTA,0
GCTAGTTCCACCAAGC,0
GCTAGTTGGAATAATC,0
GCTAGTTTATTGTTCA,0
GCTATAACTAAAATAT,0
GCTATAAGATGAGCGC,0
GCTATAAGCCCAGCAG,0
GCTATAAGTTTCCCCA,0
GCTATAATAAGGTCTG,0
GCTATACCCTGGATAT,0
GCTATACTAAGGCCCT,0
GCTATACTCACTGGGT,0
GCTATAGAATATAACT,0
GCTATAGAGGAAATTT,0
GCTATAGGCCTACATC,0
GCTATAGGCCTGTTTT,0
GCTATAGTGGACTTTT,0
GCTATATCAAGATAGG,0
GCTATATCATAGAAGG,0
GCTATCAATGAAAATG,0
GCTATCAGAGATAAAA,0
GCTATCAGTCTCTCCG,0
GCTATCCAACCTACGA,0
GCTATCGCCATAATAA,0
GCTATCTGAGAAGGTA,0
GCTATCTGTCGTATAA,0
GCTATGAATTCTCGTG,0
GCTATGACATTTGCAA,0
GCTATGACCAGTCAAG,0
GCTATGACTGATTCGA,0
GCTATGATACCATAAC,0
GCTATTAAAAGAACCA,0
GCTATTAACGCGTAAC,0
GCTATTACCTGGAGGC,0
GCTATTAGAAAAACAT,0
GCTATTAGAATTTTAC,0
GCTATTAGCCAACGAA,0
GCTATTCATTCTGAAA,0
GCTATTCCAAAAAAGT,0
GCTATTCCATTCAACC,0
GCTATTCGACCTATAC,0
GCTATTGATGCAAAAA,0
GCTATTGCGCTGTGAA,0
GCTATTTGGACCGCCA,0
GCTCAAAACTTAGACA,0
GCTCAAAAGGTGAATA,0
GCTCAAACCTAAAGTA,0
GCTCAAAGACATAATT,0
GCTCAAATAATTAGTT,0
GCTCAACATTACAAAC,0
GCTCAACCATACATAA,0
GCTCAACTCAAAAGAA,0
GCTCAATGGCTTCCAG,0
GCTCAATTTAGAATAC,0
GCTCACACATTATGCA,0
GCTCACAGGTGCAGGG,0
GCTCACATAAGAAGAA,0
GCTCACATCGGGATGG,0
GCTCACATTAAACCCG,0
GCTCACCATAGCAGAA,0
GCTCACCCAGTTTGTC,0
GCTCACCTAGAATTTC,0
GCTCACCTATAACATT,0
GCTCACCTTGACAATC,0
GCTCACGAATAATAAT,0
GCTCACTTCCAATCGG,0
GCTCAGAAAAATGCTA,0
GCTCAGTATTAACATA,0
GCTCATACTCCTAGAG,0
GCTCATAGCATCAGAA,0
GCTCATATATCAAGCC,0
GCTCATCATAAACAAT,0
GCTCATCCGTATACCA,0
GCTCATCTAACACAAA,0
GCTCATGCCAAATGGA,0
GCTCATTAATCCCGTT,0
GCTCCAACATATTGAT,0
GCTCCAACTTTGGCTT,0
GCTCCAAGATCCACCC,0
GCTCCAATAATACTAT,0
GCTCCATAAGCTAAGT,0
GCTCCATACCTTCGTG,0
GCTCCATGGACACCAA,0
GCTCCATTGAAGAGAA,0
GCTCCCACCAAAGAGC,0
GCTCCCACGCTTATAC,0
GCTCCCATTCACGAGA,0
GCTCCCCGACCAACCC,0
GCTCCCTAAAGTCACT,0
GCTCCCTGTTAACAAG,0
GCTCCGAGTCACGAAA,0
GCTCCGTTGAACATAA,0
GCTCCTAACTGAAAAA,0
GCTCCTATAACAAACA,0
GCTCCTATTGCATGAA,0
GCTCCTCATCTATCTA,0
GCTCCTGCGGACCCCG,0
GCTCCTTTATGAGCGA,0
GCTCCTTTTAGATTTG,0
GCTCGAAAGGTAATGA,0
GCTCGAACTCGGCACG,0
GCTCGAAGTCACATCT,0
GCTCGAATAAGAGCAT,0
GCTCGAATCAATTGTG,0
GCTCGACATATTATAT,0
GCTCGACGCGAACATC,0
GCTCGACTATAACAAT,0
GCTCGAGTTTCCAACG,0
GCTCGATATATACTTA,0
GCTCGATGCTTCTGAC,0
GCTCGATTTTAGCAAT,0
GCTCGCAACAACTTAG,0
GCTCGCGTAAAACATC,0
GCTCGCGTATAGAAAA,0
GCTCGCGTGGTCAAAT,0
GCTCGCTCCGCGTATC,0
GCTCGGACGCAATTCA,0
GCTCGGATTTTAACAA,0
GCTCGGCAACATCAAA,0
GCTCGTTTAATGTCAA,0
GCTCTAAAAGGATCCC,0
GCTCTAAATCTGTAGT,0
GCTCTAAATGATAAAC,0
GCTCTACATACATTAA,0
GCTCTACCTAATCTGA,0
GCTCTACGGTGCTAGC,0
GCTCTACTACTAAATA,0
GCTCTACTTTTTACTA,0
GCTCTAGATTTCAAAT,0
GCTCTATGACACTTGA,0
GCTCTATTTTATAAAG,0
GCTCTCATTCAAACCA,0
GCTCTCCACACGACTT,0
GCTCTCGCGCAGCCTG,0
GCTCTCGCGCTACACA,0
GCTCTGAAACAATCGC,0
GCTCTGCCATATCTGG,0
GCTCTGGTAGCAAACC,0
GCTCTGGTGCATGCTC,0
GCTCTTAAAGTAGTCT,0
GCTCTTAAATCAGTTA,0
GCTCTTCCCAGATTAT,0
GCTCTTCCCGGGTTAA,0
GCTCTTCTCACCCCAC,0
GCTCTTTCAGTATTCG,0
GCTGAAAAGATACCAA,0
GCTGAAAGCACTTTGA,0
GCTGAACGCTGGAAAT,0
GCTGAACTGAGGAGAA,0
GCTGAAGTCTGAATAA,0
GCTGAATGCCAATACA,0
GCTGAATGCTTAAAAA,0
GCTGAATTAATTTAAA,0
GCTGACAATTAAGCTA,0
GCTGACACTTAAAAAA,0
GCTGACACTTATCCCA,0
GCTGACCGAAGTACAT,0
GCTGACCTGAGTGAAT,0
GCTGACGCCAATTGAC,0
GCTGACGCGGTACCAT,0
GCTGACGTCGTATATT,0
GCTGACTTGCCAGATC,0
GCTGAGATGAATAGCC,0
GCTGAGATGTGTGTAA,0
GCTGAGCACCAAATGC,0
GCTGAGTGACTCAAGG,0
GCTGAGTTAATCACTC,0
GCTGATAAGGTTGCCA,0
GCTGATCATAACAAAA,0
GCTGATCCAACACTTC,0
GCTGATCGACAAAAAA,0
GCTGATGGTCACACAG,0
GCTGCAACAGAGTCTA,0
GCTGCAACAGGGCATG,0
GCTGCACCTTACAATT,0
GCTGCATCTCAATTAA,0
GCTGCCGGCACTGCTA,0
GCTGCCTCCGAGACAC,0
GCTGCGAAGACGTCGA,0
GCTGCGACAATTAACA,0
GCTGCGAGAGCGGAAA,0
GCTGCGCCCTAGGCAA,0
GCTGCGCGCCTACCGG,0
GCTGCGCTATACCAAA,0
GCTGCGCTATCAGCTT,0
GCTGCGGAAAGTACAG,0
GCTGCGGCACGTCAAC,0
GCTGCGTAAATCACCC,0
GCTGCGTGTTACCCGA,0
GCTGCTCATGGCAGCG,0
GCTGCTCCATCATCGG,0
GCTGCTGAGAAAATTT,0
GCTGCTGGACCATTTG,0
GCTGCTTATAATTTGC,0
GCTGGAAACCACACTA,0
GCTGGAAACTCGCGCC,0
GCTGGACGAAAACGAC,0
GCTGGAGATTTACGGA,0
GCTGGAGCATAAGTCA,0
GCTGGAGCATGATTGA,0
GCTGGATAAAGCTCTC,0
GCTGGATATAAGCTAT,0
GCTGGCACAAGCTCGA,0
GCTGGCTCCGGACGAA,0
GCTGGGTCGCAAAAAA,0
GCTGGTCTAAAGAAAC,0
GCTGGTTATACGAAAA,0
GCTGTAAAGTTAACAA,0
GCTGTAACAGACTTAC,0
GCTGTAATGAAATAAT,0
GCTGTAGTTCTAAGCA,0
GCTGTATCCCACCTAG,0
GCTGTATTATTGCTCA,0
GCTGTCAAAATACAAA,0
GCTGTCACAATTATTC,0
GCTGTCAGTAAAACAA,0
GCTGTCCACTTCACAT,0
GCTGTCCATCGGTATG,0
GCTGTGAATCGTCACA,0
GCTGTGCGAAGCGGAC,0
GCTGTTAAGTTCCAAT,0
GCTGTTACCTCCACTA,0
GCTGTTCAAATGCCAA,0
GCTGTTGAGGAGTACA,0
GCTGTTGCAAATAAAC,0
GCTGTTTAACTACATA,0
GCTGTTTAGTACGACG,0
GCTTAAAAACAGAGAT,0
GCTTAAAAGAAGAACA,0
GCTTAAAGATCGTCTG,0
GCTTAAATCAACAATG,0
GCTTAAATCCAATTGA,0
GCTTAAATTTACATTT,0
GCTTAACAACCCACAA,0
GCTTAACGCTAATAGA,0
GCTTAAGAGCTAACGT,0
GCTTAAGAGTGCGCGC,0
GCTTAAGCGCAAGGCG,0
GCTTAATAGAAGCCGA,0
GCTTAATAGAGTAAAC,0
GCTTAATTAAAATGAC,0
GCTTAATTTGGCAAGC,0
GCTTACAACGTAAGAA,0
GCTTACCAAATAGAAA,0
GCTTACCAATTGTACG,0
GCTTACCGGATCGAAA,0
GCTTACCTTAATACAC,0
GCTTACGAGTATTTAC,0
GCTTACGCTGTATTTT,0
GCTTACGTAGGCAAAC,0
GCTTACTAACTTAAGG,0
GCTTACTATGTCTAAC,0
GCTTACTTTCTTTAAA,0
GCTTAGACCACGCTAC,0
GCTTAGAGCATCCTTT,0
GCTTAGATCACATAAT,0
GCTTAGCGCCTCGAGA,0
GCTTAGGAGATAGGTC,0
GCTTAGGCCATCGATA,0
GCTTAGGCTTGGCCAA,0
GCTTATAAATAATTCA,0
GCTTATAAGATACGCA,0
GCTTATAATTACCCGT,0
GCTTATACGACTATGG,0
GCTTATAGTCTCATAA,0
GCTTATCAAATAGCAA,0
GCTTATCAGATAAAGT,0
GCTTATCTGTGGATAG,0
GCTTATTAAAAGTTCC,0
GCTTATTCGAAAAGAA,0
GCTTATTTTGATACCA,0
GCTTCAACCTGGCGTC,0
GCTTCAACTACAATCA,0
GCTTCACTCCTGATGA,0
GCTTCAGAAAAGTCAA,0
GCTTCAGACTGACTTA,0
GCTTCCCAGGTGATAG,0
GCTTCCCCAAGGTCCC,0
GCTTCCCGGCTTACAC,0
GCTTCCTAGGGATTAA,0
GCTTCCTTAAATAACA,0
GCTTCCTTACGCGGGC,0
GCTTCGCCACGAAATT,0
GCTTCGTAACGTTTAG,0
GCTTCTGACACCGTGT,0
GCTTCTTAAGCTTCTT,0
GCTTCTTTCCGCATAG,0
GCTTGAACCTCAGTTA,0
GCTTGACGGACGCGTC,0
GCTTGACTCCCTTAGA,0
GCTTGACTTCCTATAC,0
GCTTGACTTCGATAAT,0
GCTTGAGCATGCTCGG,0
GCTTGATGTAAAACTA,0
GCTTGCAACGGACTAG,0
GCTTGCCGCTATGAGA,0
GCTTGCTCATTTATTG,0
GCTTGCTTCCCACGTT,0
GCTTGGAATTCGTCCT,0
GCTTGGACCCGACAAT,0
GCTTGGTAATCACTCA,0
GCTTGTAACCGGACAA,0
GCTTGTAACCTTGGAA,0
GCTTGTACAAAATCGC,0
GCTTGTATGACATTAA,0
GCTTGTCATATCCCGA,0
GCTTGTGTGCGAGACC,0
GCTTGTTATCTTTGTT,0
GCTTGTTGATGGGCAG,0
GCTTGTTGGTGTGAGG,0
GCTTTAAAACCATAAA,0
GCTTTAACCCTTACGT,0
GCTTTAAGCTCTAAAA,0
GCTTTAATGCATAGGA,0
GCTTTAATGGCACGAG,0
GCTTTAATTAGGACAG,0
GCTTTACTTACAAAAA,0
GCTTTAGAAACATCAA,0
GCTTTAGACCACAGTA,0
GCTTTAGGAACATTTT,0
GCTTTAGGGAGAGGTT,0
GCTTTATCCAAAGCAA,0
GCTTTATCCAACACAA,0
GCTTTCAATTCGGTTA,0
GCTTTCAATTTGCACA,0
GCTTTCAGGCAGACCG,0
GCTTTCCTGTATGTGA,0
GCTTTCGATCTTTTAG,0
GCTTTGAGACCGACTG,0
GCTTTGTCCCAATTTG,0
GCTTTTAACGGATATC,0
GCTTTTAAGTAATCAA,0
GCTTTTATTCGCTAAT,0
GCTTTTCCCAACTCGT,0
GCTTTTCGGTCGGTTA,0
GCTTTTCGTTAATTCC,0
GCTTTTTTTAAGCCAT,0
GGAAAAAAAGTTTACG,0
GGAAAAAAATGGAGCA,0
GGAAAAAAGAAACAAA,0
GGAAAAAAGGACAGAA,0
GGAAAAACACAAGAGG,0
GGAAAAACAGCACACG,0
GGAAAAACTAAAGACA,0
GGAAAAATCCAATGAA,0
GGAAAACACTACGCCA,0
GGAAAACCGCAGTCAA,0
GGAAAACTATCGAACG,0
GGAAAACTATGCTATA,0
GGAAAAGAAAGAATTA,0
GGAAAAGACGTCAAAT,0
GGAAAAGCGGCCATCA,0
GGAAAAGCTCGAGTAA,0
GGAAAATAACAACACG,0
GGAAAATACCCGAGTA,0
GGAAAATAGTATTTCC,0
GGAAAATCCTTTGCAT,0
GGAAAATCTTAACTAA,0
GGAAAATGCGCGACCT,0
GGAAAATTAACACATC,0
GGAAAATTACACACAA,0
GGAAAATTCCCGAGTA,0
GGAAACAAAAAACCGT,0
GGAAACAAAAACAGGT,0
GGAAACAAGTAATAAT,0
GGAAACACAAATACAA,0
GGAAACACAATAATTC,0
GGAAACACAGCAGGGC,0
GGAAACACGACATAGC,0
GGAAACACGATCTATC,0
GGAAACATACCCATTG,0
GGAAACATCAGAAATA,0
GGAAACATCGGTGCCA,0
GGAAACATGACTACCG,0
GGAAACCAAAAAATAA,0
GGAAACCACAGAGCAT,0
GGAAACCGATAAATCA,0
GGAAACCTTAATATAA,0
GGAAACGCATGACAAT,0
GGAAACTAACCAACTC,0
GGAAACTACGATAAAA,0
GGAAACTACTGGCTAT,0
GGAAACTAGAATATAC,0
GGAAACTAGCTGTTTA,0
GGAAACTGTCTCGTGT,0
GGAAACTGTTGAGTGC,0
GGAAAGATTCCAGACG,0
GGAAAGCAACCGCGAT,0
GGAAAGCCTCGAATTA,0
GGAAAGGACAAAAGTA,0
GGAAAGGCATAAACGA,0
GGAAAGGCATTATTGT,0
GGAAAGGGGGATCCTT,0
GGAAAGGTCACGTGGC,0
GGAAAGGTGAAAAAAA,0
GGAAAGTAACGGAAAA,0
GGAAAGTAATATAACA,0
GGAAAGTAATTCAAAT,0
GGAAAGTACATCCAAG,0
GGAAAGTAGGGCAACA,0
GGAAATAAATGTTTGT,0
GGAAATACAAACCAGA,0
GGAAATACATGTTAGT,0
GGAAATACTTTGTTCG,0
GGAAATATACTGCAAT,0
GGAAATATCGATGTGT,0
GGAAATCACAAAGCTT,0
GGAAATCACATAGAAG,0
GGAAATCCGGCAAGAT,0
GGAAATCGATCCGGCC,0
GGAAATCGCGCAATGA,0
GGAAATCTCTCTCGGC,0
GGAAATCTTAACATAA,0
GGAAATGAAATTCCAG,0
GGAAATGAATTTAACC,0
GGAAATGCAACTACAT,0
GGAAATGGAGTACGCT,0
GGAAATTATTGCAGTA,0
GGAAATTCATTATGCA,0
GGAAATTCCACCGTTA,0
GGAAATTCTCGAATGA,0
GGAAATTTGGTCGGAC,0
GGAACAACACTACCGG,0
GGAACAACAGCTAGCT,0
GGAACAACGACATGTG,0
GGAACAAGCGTATGCA,0
GGAACAAGGTACGGGC,0
GGAACAATAAGGCGGG,0
GGAACAATAGATTAGG,0
GGAACACAATCTCTAT,0
GGAACACCCGAAGATG,0
GGAACACCGAATAACC,0
GGAACACTGAAACGTA,0
GGAACACTTGATCTAC,0
GGAACAGAGGTAATAA,0
GGAACAGAGTTACATG,0
GGAACAGATAATGATC,0
GGAACAGGCACCAGGT,0
GGAACATAACATACTA,0
GGAACATACTAGTTTA,0
GGAACATCCACATAAT,0
GGAACATGAAGTGATG,0
GGAACCAATCCCAATT,0
GGAACCACGTCGATGC,0
GGAACCAGTCTAGCTT,0
GGAACCATGAGTCACT,0
GGAACCATTAGCACAG,0
GGAACCCCAAACGGTC,0
GGAACCCCAATTTCAC,0
GGAACCCCGGTTTAAA,0
GGAACCCCTCAAAAAC,0
GGAACCGATAGCTTAA,0
GGAACCGGGCGATCGG,0
GGAACCGGTCCTAATC,0
GGAACCGTAAGCGTGA,0
GGAACCTGCTAATCTT,0
GGAACCTGGAACATGT,0
GGAACCTTTAAAACAA,0
GGAACGACATCCTGAG,0
GGAACGCAAACTTTAA,0
GGAACGCCTACATTTG,0
GGAACGCTAAAAACAA,0
GGAACGGCAACGTGAA,0
GGAACGGTAATACTAC,0
GGAACGGTTGAGGCCG,0
GGAACGTAAACCTAAA,0
GGAACGTCAGATTTAA,0
GGAACGTTCGGTAATA,0
GGAACTAAAAGGTCAT,0
GGAACTAATACATACC,0
GGAACTACTCCTAAGA,0
GGAACTACTTATGAAC,0
GGAACTAGATGCTTTG,0
GGAACTATAATCAATT,0
GGAACTCAGACAGGTA,0
GGAACTCGTGCAAACA,0
GGAACTCTTACCTCAT,0
GGAACTGAAAATTAAC,0
GGAACTGCCGTGCTGT,0
GGAACTTAAAGACCAG,0
GGAAGAAAAATTTATA,0
GGAAGAAAATAAAAAA,0
GGAAGAAACCTGAAAG,0
GGAAGAAAGAATGCAG,0
GGAAGAAGCCCTGGCA,0
GGAAGAAGTATGTTGT,0
GGAAGAATACCAGGAA,0
GGAAGACCGGAAGATA,0
GGAAGACGAAAAAGAG,0
GGAAGAGAAGCGAACT,0
GGAAGAGCTCATTAAC,0
GGAAGAGGAAAAAAAG,0
GGAAGATACGTGGCGT,0
GGAAGATATACGTGAC,0
GGAAGATGAAAGGCCC,0
GGAAGATGCGAGCGAG,0
GGAAGATTTGGTAAAC,0
GGAAGCAAACCAAGAT,0
GGAAGCAATATATACG,0
GGAAGCACTATCGTGG,0
GGAAGCAGGGGTAAAC,0
GGAAGCATGTAAGAAA,0
GGAAGCGGTCTCTTAT,0
GGAAGCGTCTATAATA,0
GGAAGCGTTAATACGA,0
GGAAGCTCGAGAAATC,0
GGAAGCTTACCTAGCG,0
GGAAGGAAAAACCACA,0
GGAAGGAATACCGCTT,0
GGAAGGACTGCAAAAC,0
GGAAGGCAAAAATCAT,0
GGAAGTCTAACCATCC,0
GGAAGTGCAAGATGAA,0
GGAAGTGTAAATTTTA,0
GGAAGTGTTCTTGGCA,0
GGAAGTTACAACCGTA,0
GGAAGTTAGCACACCA,0
GGAAGTTCGAGTTCAC,0
GGAATAAAATCGCTAT,0
GGAATAAAGTTTGACA,0
GGAATAACTATAATGT,0
GGAATAAGTGCAGAGG,0
GGAATAATAAGGGGAA,0
GGAATAATACATAAAA,0
GGAATACAATATAGTG,0
GGAATACGTTGATCTC,0
GGAATACTCTAGCTAC,0
GGAATAGCTTTCACGC,0
GGAATAGGACCGTGAC,0
GGAATAGGCCCGAAAG,0
GGAATAGGTCCATTAT,0
GGAATATAAGGCAACG,0
GGAATATAGGTGAATC,0
GGAATATATAGGCCAG,0
GGAATATCCAAGGTTA,0
GGAATATCCACGAAGA,0
GGAATATCCCTGTCAT,0
GGAATATCTTTACGGC,0
GGAATATGTAGTAAGA,0
GGAATATTACGAATGG,0
GGAATATTACGGTGAA,0
GGAATATTGCGTTACC,0
GGAATATTTGTTGCTA,0
GGAATCACATATCTAA,0
GGAATCACTAAAATAA,0
GGAATCATTTTATACG,0
GGAATCCAAGGTTAGG,0
GGAATCCAAGTATTGA,0
GGAATCCATGCACCTC,0
GGAATCGCGTAGTAGA,0
GGAATCTCGAAACGAA,0
GGAATCTCTACTGCGG,0
GGAATCTGGACGGTAT,0
GGAATCTTATCAAGTT,0
GGAATCTTGTCTTAAA,0
GGAATGAAAAGTACAT,0
GGAATGAACGGTACGT,0
GGAATGAATTTTAACG,0
GGAATGATTACGAATA,0
GGAATGCGCGAAATAA,0
GGAATGCTGAAGCTTT,0
GGAATGGAAGGAAGAA,0
GGAATGGCAATACATA,0
GGAATGGTGGATGTGC,0
GGAATGTCGCAAGTAC,0
GGAATTAAAAGCTCAC,0
GGAATTAAGAACCACC,0
GGAATTAGTCGAAAAT,0
GGAATTATTCAAATAC,0
GGAATTATTCCGATAA,0
GGAATTCATAACAAGT,0
GGAATTCATAATAGAA,0
GGAATTCCGTAAGACT,0
GGAATTGACAAAACAG,0
GGAATTGCACATGAGA,0
GGAATTGGTACAATAT,0
GGAATTGGTAGAAAAT,0
GGAATTGTGGACAAAA,0
GGAATTTAATACCCTA,0
GGAATTTAGCTTCAAA,0
GGAATTTATACTTTAT,0
GGAATTTCAAAAAAAG,0
GGAATTTGGTACTTGT,0
GGAATTTTCCCTGACA,0
GGACAAAAATCCCGAA,0
GGACAAAACCCTTTTT,0
GGACAAAAGCTATTGA,0
GGACAAAAGTATGTCT,0
GGACAAACCAGACCCG,0
GGACAAACTCATGGAA,0
GGACAAATAACAAGGA,0
GGACAACACAAATGTG,0
GGACAACCAGGGTGCT,0
GGACAACTTCAACACC,0
GGACAAGACGAAATAC,0
GGACAAGACGAACATA,0
GGACAAGCCTATAGTA,0
GGACAAGCGCACAAAA,0
GGACAAGGGAGTGAAT,0
GGACAATAAAACCATC,0
GGACAATAACCCGCTC,0
GGACAATAATGACCGG,0
GGACAATCGTTTAGAC,0
GGACACAAATCATTTA,0
GGACACATTCTCAAAA,0
GGACACCTACCAGATA,0
GGACACGATCTCTGAG,0
GGACACGCCACCTGAG,0
GGACACGGTCCTGGAT,0
GGACACTTGCAAGTAA,0
GGACAGAAAAGGGACA,0
GGACAGAATGTGGCTA,0
GGACAGAGCCGCCCCT,0
GGACAGATGGCTACAT,0
GGACAGCGTCTCACCT,0
GGACAGGCCAGTAGAA,0
GGACAGGGTTCATGTA,0
GGACAGTACAATTAGC,0
GGACATAAATCAAAAA,0
GGACATAAGTATCATT,0
GGACATAAGTGTCAAC,0
GGACATAAGTTTAAAA,0
GGACATACACCATGAC,0
GGACATACCTCACGAT,0
GGACATCACGACCTCG,0
GGACATGCTGATTAAT,0
GGACATGGCCGGGTAA,0
GGACATGTATTAAAAC,0
GGACATGTCCGACGTC,0
GGACATTACCATCATG,0
GGACCAAACTTGCCGC,0
GGACCAACTCCTCTCA,0
GGACCAATACAAAATG,0
GGACCAATGGTTGTAC,0
GGACCACCGTGTCATG,0
GGACCAGAACACCCAT,0
GGACCAGATGGGGAAG,0
GGACCAGGCTCAAGAC,0
GGACCAGTATATCAAT,0
GGACCAGTCAGGTCAC,0
GGACCATAGAGCACCC,0
GGACCATATAAAATTT,0
GGACCATCACTCACAA,0
GGACCATGATGGCCTT,0
GGACCATTATGAAAAG,0
GGACCCACATCCACTA,0
GGACCCCCAATTAATA,0
GGACCCCTAAACTATT,0
GGACCCGGAGTATTAA,0
GGACCCTAATAATCAC,0
GGACCCTAATCTCACA,0
GGACCCTATACGACAT,0
GGACCCTGTACAGGAA,0
GGACCGAAATAGACAC,0
GGACCGAATCGATCCC,0
GGACCGAGTACTGTCT,0
GGACCGATTAACAGTC,0
GGACCGCACTCCCTTA,0
GGACCGGAGTATTCTG,0
GGACCGTGACATTAAA,0
GGACCGTTAATGACGA,0
GGACCTAAGGCCAGGA,0
GGACCTAATAAATAAA,0
GGACCTGATTATACCC,0
GGACCTTCGGGAAAAA,0
GGACCTTGCAGAACTA,0
GGACCTTTTTAGACAA,0
GGACGAACATATGGTC,0
GGACGAAGATGCAAAG,0
GGACGAATGCCCTAAA,0
GGACGACATACGATTT,0
GGACGACTAAGGGAAA,0
GGACGAGATTAGCGAC,0
GGACGAGGACAACAAA,0
GGACGATATATAAAAG,0
GGACGATCAACTTAGT,0
GGACGATTAATATTAA,0
GGACGCAATGCGCGTA,0
GGACGCAGAGCACCCG,0
GGACGCATATAGACTG,0
GGACGCATTTTATCGT,0
GGACGCGTATAGCGAA,0
GGACGGAAAAATATAA,0
GGACGGAAAATTTGTT,0
GGACGGAAATTTAAAT,0
GGACGGGCATAGCTTG,0
GGACGGGTATCTTAGG,0
GGACGGTAGCAACGCA,0
GGACGGTAGCAGAATC,0
GGACGGTCCTCCCCAT,0
GGACGGTTTTGCTCAT,0
GGACGTAACTAACTAC,0
GGACGTAATATATGCC,0
GGACGTACCCGGGATC,0
GGACGTATACCCTTAA,0
GGACGTATAGCTAAAC,0
GGACGTATATTGACCA,0
GGACGTATTATCTCGT,0
GGACGTCCAGAGCCAG,0
GGACGTCGGGTCCGAA,0
GGACGTGACGAGCTCG,0
GGACGTGCTGCCTGGA,0
GGACGTTATAGCATGC,0
GGACGTTCGCAATGAA,0
GGACGTTGCCACAATA,0
GGACGTTTAATCCGGG,0
GGACGTTTAATTAAAA,0
GGACTAAAAATTTCGG,0
GGACTAAAGCCGGCTT,0
GGACTAATATGCTTGT,0
GGACTAATTGTAACTT,0
GGACTACCTTAACAAG,0
GGACTAGACAAATTAC,0
GGACTAGAGTAACAGG,0
GGACTAGCTTACCTAA,0
GGACTAGGTCCTATTT,0
GGACTATACTGACCCT,0
GGACTATCGTAAACAA,0
GGACTATTCCGTTAGA,0
GGACTATTCCTAGTAA,0
GGACTATTGAACGCTT,0
GGACTATTTCTAACGC,0
GGACTCAGAGGCAATT,0
GGACTCCGTGTCACTT,0
GGACTCCTAGACCACC,0
GGACTCCTATCCAGAA,0
GGACTCCTCACCATCT,0
GGACTCGAACAGCTAG,0
GGACTCTTACGCATAT,0
GGACTGACACTACTAT,0
GGACTGACTCTAAAGA,0
GGACTGCAACCTGGGC,0
GGACTGGACTATATAA,0
GGACTGGCATCATACC,0
GGACTGGTTTAAACCG,0
GGACTGTAATCCTGCT,0
GGACTGTGCACAAACC,0
GGACTTAAAACTTGAT,0
GGACTTAACTCACTTA,0
GGACTTAAGATCAAAG,0
GGACTTACGAAATTGG,0
GGACTTGTCTGACAAT,0
GGACTTTAAGTTTTAA,0
GGACTTTATTCCGATG,0
GGACTTTGATTCACGG,0
GGAGAAAAGAGATGCA,0
GGAGAAAGGGCCCGAA,0
GGAGAAATCAGATACT,0
GGAGAACCTGACCGAA,0
GGAGAACTAAACAACA,0
GGAGAACTACAAGGGA,0
GGAGAACTTACCGGTA,0
GGAGAAGGAAAGCGCA,0
GGAGAAGTCATATACT,0
GGAGAATGAGAAAAAC,0
GGAGACCAAAGTACAC,0
GGAGACGACAGACTTC,0
GGAGACGCCGATGAAG,0
GGAGAGAAGTTTTTTA,0
GGAGAGACAACTAGAA,0
GGAGAGATTACAAGAA,0
GGAGAGCAAGATCAAC,0
GGAGAGCGTACGTATG,0
GGAGAGCTACTTATTT,0
GGAGAGGCACAATTTA,0
GGAGAGGGCTGAATAC,0
GGAGAGGTCCACAATA,0
GGAGATAAACATCCTT,0
GGAGATCCCCTACGAT,0
GGAGATTTAAGCAAGT,0
GGAGATTTCGTAACAA,0
GGAGCAACACAGGCTG,0
GGAGCAACAGTAATAA,0
GGAGCAATAATGGATG,0
GGAGCATAATAGTCTG,0
GGAGCATCTCCCTCAG,0
GGAGCCACATTCCGGT,0
GGAGCCAGTTCTCCTA,0
GGAGCCATCATCTAAA,0
GGAGCCCAGTCCACAC,0
GGAGCCCTCGCGAATC,0
GGAGCCTAAAGCACAA,0
GGAGCCTGCAAATAAA,0
GGAGCCTTCACCAACA,0
GGAGCGAAAAAAAAAA,0
GGAGCGACCGGTAGGC,0
GGAGCGATTAATCCCT,0
GGAGCGTATTCGGAGT,0
GGAGCGTTGATCCCCA,0
GGAGCTGTGCATTCTA,0
GGAGCTGTTAAGCAAA,0
GGAGCTTAAAAACCAA,0
GGAGCTTAAAAGCTAT,0
GGAGCTTGTAATAACA,0
GGAGCTTTGGTCGAAA,0
GGAGGAAACATCTATT,0
GGAGGAATAGGCTCTT,0
GGAGGAATAGTAACAC,0
GGAGGACATACAAGCC,0
GGAGGACCAAATTTGA,0
GGAGGAGAATGCAACT,0
GGAGGAGCCTACTTCT,0
GGAGGAGTCGTGATAT,0
GGAGGATAATCGATTA,0
GGAGGCCATATTCAAA,0
GGAGGCCCGACTATCA,0
GGAGGCGAGAAAATGT,0
GGAGGCTACTCAGGCT,0
GGAGGCTAGCATGGTT,0
GGAGGGAGTGAAGTAG,0
GGAGGGCAAACATGTG,0
GGAGGGGCAAACTGAG,0
GGAGGTATTGATAACT,0
GGAGGTCAATACTATC,0
GGAGGTGAAAAACAAC,0
GGAGGTGGATATACAC,0
GGAGGTTACAACTAAA,0
GGAGGTTCTGTGGTAT,0
GGAGTAAAGAATCCTG,0
GGAGTAATAAACTAAA,0
GGAGTACAATTCAGTT,0
GGAGTACCAGCATATA,0
GGAGTACGTGGAAGTT,0
GGAGTACTCAATAATC,0
GGAGTAGCCACCCTAC,0
GGAGTAGTATGACAAT,0
GGAGTATAGAAAAACC,0
GGAGTATCACGTAGAA,0
GGAGTATCCTTAGGAG,0
GGAGTATTAGGCTTAG,0
GGAGTCACCATTACCT,0
GGAGTCACGTCAATGC,0
GGAGTCATACGCAGGC,0
GGAGTCTCAACCAAAA,0
GGAGTCTTAACAAGGT,0
GGAGTGACTTGGCCAG,0
GGAGTGCACAGAGAAC,0
GGAGTGCACGGTAATG,0
GGAGTGCAGATATATG,0
GGAGTGCGGTGTCCAG,0
GGAGTGGCATCTTTCT,0
GGAGTGGGACGACAAA,0
GGAGTGTTCGACCTCC,0
GGAGTTACAGATTTAA,0
GGAGTTACATCGGTGG,0
GGAGTTATACCAGAAG,0
GGAGTTATCAATTTTT,0
GGAGTTATTTCTCTTA,0
GGAGTTCAACAGTTAA,0
GGAGTTGATGTAGGTG,0
GGAGTTTGACCAAAAA,0
GGAGTTTGAGATACAC,0
GGAGTTTGATAATCAC,0
GGAGTTTGTCAATAAT,0
GGATAAAAAAACAGAA,0
GGATAAAAAAAGAACG,0
GGATAAAATTTCCGTA,0
GGATAAACCCTTATCA,0
GGATAAAGAAAGTACA,0
GGATAAAGATTATAGC,0
GGATAAAGCTTATACC,0
GGATAAAGGAGACCAT,0
GGATAAAGGATGGATT,0
GGATAAATGACCTCAG,0
GGATAACATAGAAATA,0
GGATAACCCAATGGAG,0
GGATAACCTACCTAAG,0
GGATAACGTCCATAGC,0
GGATAAGACAAATCTT,0
GGATAAGATAAGAATC,0
GGATAAGGCATGTAGA,0
GGATAATAGATACATC,0
GGATAATCGGTTGTAT,0
GGATAATGATTGACAT,0
GGATAATTACACATAT,0
GGATACAAAAAAAGAC,0
GGATACAATTAATTTA,0
GGATACAGAACTTTCA,0
GGATACATTATGCATA,0
GGATACCTAATTTTCT,0
GGATACGCATCAATGG,0
GGATACTGATTGAGGA,0
GGATACTTCGAAAAAT,0
GGATAGAGCTCTGATT,0
GGATAGAGTTAGCGGG,0
GGATAGATAGGTATAG,0
GGATAGATTATAGTAT,0
GGATAGCCGATCGAGA,0
GGATAGCTTTCCGCCT,0
GGATAGGATTAATATG,0
GGATAGTTATAACTAT,0
GGATATAAGCATAATA,0
GGATATACACTAATAG,0
GGATATACCTAGATTT,0
GGATATATGAAAAAAA,0
GGATATATTAACGACA,0
GGATATCAAAGTCAGT,0
GGATATCCAGTCCTAG,0
GGATATCCTCCATAAA,0
GGATATCGCTGTACAC,0
GGATATCTCAGGTGGC,0
GGATATGAGATTCTTA,0
GGATATTAATAATCAT,0
GGATATTGTGCCCTGG,0
GGATATTTCAGACTCA,0
GGATCAAAACTAATCC,0
GGATCAACAAATCCTA,0
GGATCAACTAGGTATC,0
GGATCACCAACCGCAA,0
GGATCAGACAATAATG,0
GGATCAGTTAAACTGA,0
GGATCATAATTTATTG,0
GGATCATACACCTATG,0
GGATCATATGTCAGTG,0
GGATCCACATCTATGA,0
GGATCCCATCAGAAAT,0
GGATCCCCACGGACGA,0
GGATCCTCGACAGAAC,0
GGATCCTTGAGACCAG,0
GGATCGAATGAAAGCA,0
GGATCGACTCCTCGCG,0
GGATCGATGGCTTCGT,0
GGATCGCGACGATACT,0
GGATCGCTGCGTACGG,0
GGATCGGCATTTAACA,0
GGATCGGGGATCGTCA,0
GGATCGTAGAATGAAG,0
GGATCGTAGAGAAAAT,0
GGATCGTATCAACTTA,0
GGATCTAATAGTATGT,0
GGATCTAGATTCTTAA,0
GGATCTAGGGAATCAA,0
GGATCTCAAACATATC,0
GGATCTCAACTAAGTT,0
GGATCTCGGACCCTAT,0
GGATCTCTAACTGACA,0
GGATCTCTATAAACAA,0
GGATCTCTTCGAGAAA,0
GGATCTGCGTCCTCTT,0
GGATGAAAAACTTCAT,0
GGATGAAACTATAACT,0
GGATGAAATATACAGT,0
GGATGAACCGAAAAAC,0
GGATGAATAACTTAGG,0
GGATGACACTTACCCC,0
GGATGACATTACACTG,0
GGATGACCCCTTACCA,0
GGATGACGATAATTAA,0
GGATGAGAAAATTTAC,0
GGATGAGGCTGTTGAA,0
GGATGAGTCCCATAAA,0
GGATGATTAATATTTA,0
GGATGCATCTAAAGAT,0
GGATGCCAAAGAATCG,0
GGATGCGAAGAAATCC,0
GGATGCGAGTAGGAAA,0
GGATGCTCTCATTAAT,0
GGATGGCACGTTTGAT,0
GGATGGTTCTAGATAG,0
GGATGTAATATATAGA,0
GGATGTACCATTGGGA,0
GGATGTACTTTCACCT,0
GGATGTAGAACAAATG,0
GGATGTCACTGAGTTA,0
GGATGTCCGGTAGAAT,0
GGATGTGAATGCCAGA,0
GGATTAAAACGATGAG,0
GGATTAACACTATTTC,0
GGATTAACATTTGTAG,0
GGATTAAGATTATAGT,0
GGATTACCTAAAACCT,0
GGATTACGTAACGTTG,0
GGATTACTGCCCAAAA,0
GGATTACTGGTAAAAT,0
GGATTAGGGATTTCCA,0
GGATTATAGTGACCTA,0
GGATTATATCATCTGG,0
GGATTCAAACGCAATC,0
GGATTCAACGATACCT,0
GGATTCAATACTATAA,0
GGATTCATAACAGACA,0
GGATTCATAACGTTTA,0
GGATTCCATCCCTGAA,0
GGATTCGACCCACTAC,0
GGATTCGGTAAATTAC,0
GGATTCTACCATCTGT,0
GGATTCTCGACAAACG,0
GGATTCTTACAGCAAC,0
GGATTGAAAAGCCCGA,0
GGATTGAAAGATTAGT,0
GGATTGAAATGATTCA,0
GGATTGAACTGGTTGG,0
GGATTGAATGGTAGAA,0
GGATTGATCTCAGACA,0
GGATTGTAATTATATC,0
GGATTTAAAATACTTT,0
GGATTTAAGACAGTCG,0
GGATTTACATCTAACA,0
GGATTTACTAAGGCGC,0
GGATTTATTAGTAGAA,0
GGATTTCCCCTTAACC,0
GGATTTCGACTGATTC,0
GGATTTCTAGGGAGTT,0
GGATTTCTCGTGCTTT,0
GGATTTGTTTTCTTAG,0
GGATTTTAACCCATGG,0
GGATTTTATGCTGGTA,0
GGATTTTGATGAACTT,0
GGATTTTGTTATGCGT,0
GGATTTTTCTGGATAG,0
GGCAAAAAAACACTGT,0
GGCAAAAAAGTACTAA,0
GGCAAAAACGTGTCCC,0
GGCAAAAAGTAAACCC,0
GGCAAAAGGCTCAGGA,0
GGCAAAATACCAGCCT,0
GGCAAAATGATTTAGA,0
GGCAAAATGTATGCGA,0
GGCAAACAAGTAGAAT,0
GGCAAACACAGTTAAG,0
GGCAAACAGCCCACCG,0
GGCAAACCAAGTAGCG,0
GGCAAAGCAACAAATA,0
GGCAAAGCAGGCAATT,0
GGCAAAGTGCGCGGCT,0
GGCAAATAAATCCATT,0
GGCAAATAGAACATAC,0
GGCAAATATACCTGAA,0
GGCAAATATCATGTCA,0
GGCAAATGACACACTT,0
GGCAAATGATCACTCC,0
GGCAAATGTCCGATAT,0
GGCAAATTACCAATAT,0
GGCAAATTTATGTTGT,0
GGCAACAAAAAGATTG,0
GGCAACAACATGAACA,0
GGCAACACAGATAAGA,0
GGCAACATCTTCAAAT,0
GGCAACCCACACCAAC,0
GGCAACCCACCCAAGT,0
GGCAACCCTCACCCCT,0
GGCAACCGACATTATG,0
GGCAACGTTAAATTCT,0
GGCAACTACCAGGAGA,0
GGCAACTACGCATCCT,0
GGCAACTCCCACGTGT,0
GGCAACTCTGATAAAA,0
GGCAAGCTTATACCGG,0
GGCAAGGCGCTATGAC,0
GGCAAGTAAGCCGTAT,0
GGCAAGTGACAGTAAA,0
GGCAATAAAAGTCCCC,0
GGCAATAACGTAAAGA,0
GGCAATCAATGGACCG,0
GGCAATCAGAAAATAT,0
GGCAATCATACTAGTG,0
GGCAATCTGACAATAA,0
GGCAATGGGGGGGCTA,0
GGCAATGTTACACTAA,0
GGCAATGTTTGCAAGG,0
GGCAATTATCGAAACC,0
GGCAATTATGAGTATT,0
GGCAATTGAGCTATAC,0
GGCAATTTGTGAAGAA,0
GGCACAAAAAGAAATT,0
GGCACAAAAGTCCAAT,0
GGCACAAACAACTCAA,0
GGCACAAACATACAAT,0
GGCACAAAGAAGTAGG,0
GGCACAAAGACCTCAT,0
GGCACAATAAATAAAA,0
GGCACACCGACAATTG,0
GGCACACCGATAAACC,0
GGCACACTATCCCCCG,0
GGCACAGACCATTCCC,0
GGCACAGGAGAGCTGC,0
GGCACAGGCTCAGCCA,0
GGCACAGTAGAGAGCA,0
GGCACAGTTTAGATAC,0
GGCACATAGCTTTCAG,0
GGCACCAATCTGGCCA,0
GGCACCACTCCTCCAG,0
GGCACCCTAACAATGC,0
GGCACCGTGCCCCACT,0
GGCACCGTGTTTAATA,0
GGCACCTCATGGACAT,0
GGCACCTGACAAAAGA,0
GGCACCTTAGGAAAAA,0
GGCACGACTCGAGTCA,0
GGCACGATCCATTTAC,0
GGCACGCTCTAACCAA,0
GGCACTAAACTCGCCA,0
GGCACTATACACTAAA,0
GGCACTGCAAATTTGA,0
GGCAGAAAAGCCATAT,0
GGCAGAACCAGATATA,0
GGCAGACACAATCAAA,0
GGCAGACACCATGAAC,0
GGCAGACCACGTGCAG,0
GGCAGACCGACACTAC,0
GGCAGAGAGCGGCATA,0
GGCAGATATTCGGCAA,0
GGCAGCCAAAAACGCA,0
GGCAGCCTGGACGAGA,0
GGCAGGAAGGAAGGCG,0
GGCAGGCGCCTGATTC,0
GGCAGGGCAGTTCAAT,0
GGCAGGTTGATTCTGT,0
GGCAGTAAAAAGTTTA,0
GGCAGTCCGGCCCAAA,0
GGCAGTGACAAAATTT,0
GGCAGTTACAAGGGTA,0
GGCAGTTATGCTTTTG,0
GGCATAACCGAACAAA,0
GGCATAACTCAAAGCT,0
GGCATAACTCTATAGC,0
GGCATAACTGGAGCAG,0
GGCATAAGACCACAAA,0
GGCATAATGACAATGA,0
GGCATACACAGTAAAA,0
GGCATACCTAATCGCC,0
GGCATAGAACTGTTTT,0
GGCATAGATTCAACGG,0
GGCATATACTTATTAA,0
GGCATATCCTAGAAAT,0
GGCATATGATAACACT,0
GGCATCAATATAGCAT,0
GGCATCACACGAATTA,0
GGCATCATCTGAACTA,0
GGCATCATTAATCTTC,0
GGCATCGGAAATGAAG,0
GGCATCTCAGATGCAA,0
GGCATCTCTACCATAC,0
GGCATCTCTTCTAGAG,0
GGCATCTTACTAGTGC,0
GGCATGAAAACAAGAT,0
GGCATGACGACATACG,0
GGCATGTCCGATAAAG,0
GGCATTCCCAATTTAA,0
GGCATTGAGAGATACG,0
GGCATTGCATAATTGC,0
GGCATTGTAAGGCCCA,0
GGCATTTATTACAACG,0
GGCCAAATACATATTT,0
GGCCAAATTGATTACC,0
GGCCAACATAGCGAAG,0
GGCCAAGTCTAAGACC,0
GGCCAATAACAAGATG,0
GGCCAATACAAAACGC,0
GGCCACAAATCGCACA,0
GGCCAGACTCAAAGAC,0
GGCCAGCCCTTAATCT,0
GGCCAGGCTGTAAAGA,0
GGCCATAAACAAGAAT,0
GGCCATAATATGAACA,0
GGCCATACCGTATATT,0
GGCCATACGAAGAAAA,0
GGCCATAGCCTAAAAA,0
GGCCATAGGCCAAAAA,0
GGCCATAGTATCACCA,0
GGCCATATGATCTAAA,0
GGCCATCACTATCGTG,0
GGCCATCCGCAACAGG,0
GGCCATGATCTACCGC,0
GGCCATTAAAAGAAGC,0
GGCCATTACCACATAT,0
GGCCATTCCTGAAGCG,0
GGCCATTCGGTAGCGA,0
GGCCATTCTCAGATTT,0
GGCCATTTTGCAGTAT,0
GGCCCAAAAGAGCTAT,0
GGCCCAATACTCAAAA,0
GGCCCACACCCATACG,0
GGCCCACGATACACTA,0
GGCCCAGCCTCATACA,0
GGCCCAGCGCCTCAAT,0
GGCCCAGGTCGATTTA,0
GGCCCATTATGAATGT,0
GGCCCCACCAACAAAT,0
GGCCCCTTCACCCGCT,0
GGCCCGCCTCCGACAT,0
GGCCCGGCTAATACAG,0
GGCCCGTATGAGAGAT,0
GGCCCTATACAAACCA,0
GGCCCTCGAATAATAG,0
GGCCCTCTATTTATAA,0
GGCCCTGCGCAGCTTG,0
GGCCCTGCGTAAACTA,0
GGCCCTGGGTTTGCCT,0
GGCCCTTCAAATTGAC,0
GGCCCTTCTAAGTTAT,0
GGCCCTTGATAACATC,0
GGCCGAAATATAATGA,0
GGCCGAACTAGTGACA,0
GGCCGACAAACTTATC,0
GGCCGCCAGCAGGTTC,0
GGCCGCGCTGATAAAA,0
GGCCGCTAGAGGCAGA,0
GGCCGCTCTCAGACTT,0
GGCCGGACATACATAA,0
GGCCGGCAGCTTCATG,0
GGCCGGCCTTGCAACG,0
GGCCGGCTATGATACC,0
GGCCGGGAGCGAATCA,0
GGCCGGGTATTCAGAC,0
GGCCGTAAAAACCAAG,0
GGCCGTCCAGCACGAA,0
GGCCTAAATTTGCCCG,0
GGCCTAATTAGCATCT,0
GGCCTACGTGAACTAG,0
GGCCTAGCAGTGTTTG,0
GGCCTATCGCGTTAAA,0
GGCCTATGAAGACGAA,0
GGCCTCAAAAAGGTGT,0
GGCCTCACGTGCCACC,0
GGCCTCATTGTCGCTA,0
GGCCTCCACCTTAATA,0
GGCCTCCGGCGTTTAA,0
GGCCTCGGACCCGACT,0
GGCCTGTTACCGTTTT,0
GGCCTGTTGTGCTCTA,0
GGCCTGTTTGACACAC,0
GGCCTTCAATGATAAA,0
GGCCTTCCTCACATAC,0
GGCCTTCTTTAACCAA,0
GGCCTTGGAAACACTT,0
GGCCTTTGAAGCATTG,0
GGCCTTTTCAGCAAAC,0
GGCGAAAATCAAGCAT,0
GGCGAAAGCACTACAA,0
GGCGAACACGCCGCGG,0
GGCGAACATACAAAAC,0
GGCGAACCTTTCTTGT,0
GGCGAACTGGCGGGCA,0
GGCGAAGCTAAGATAT,0
GGCGAATTTGACACAG,0
GGCGACGAAACTCGAT,0
GGCGACGTGCTCAGAA,0
GGCGACTGGCAATCCA,0
GGCGAGAACCAGAATG,0
GGCGAGAGTCGCAAGA,0
GGCGAGCATACAATGA,0
GGCGAGGTAAAACGTA,0
GGCGATAATCCACAAA,0
GGCGATAGCAGCTCAT,0
GGCGATAGGAACGGGG,0
GGCGATCCTCGAAACA,0
GGCGATCTTTCCCCCA,0
GGCGATTATAAAAGTT,0
GGCGATTTAGAAGTCA,0
GGCGCACGTACTTTAA,0
GGCGCAGGCAAGTATA,0
GGCGCAGTTCGATCAT,0
GGCGCATAGACTAAAG,0
GGCGCCACAGGCTAAC,0
GGCGCCACATAGCCAG,0
GGCGCCCCATTATTCA,0
GGCGCCGTAGATTAAG,0
GGCGCGAAGCCACTAC,0
GGCGCGAATTCGGACC,0
GGCGCGATTCAATTTA,0
GGCGCTAATTGAACGC,0
GGCGCTACAAGGATAA,0
GGCGCTCAATAAAACC,0
GGCGCTCGCCAGATAT,0
GGCGCTCGGCCTCGAG,0
GGCGCTCGTCAAACAT,0
GGCGCTGGTGAATCGC,0
GGCGGAAGAAAGCTTA,0
GGCGGAATTGGGTAAC,0
GGCGGAGTACCCATAC,0
GGCGGATATTAATTCC,0
GGCGGATGAAAAAATA,0
GGCGGCAATAAAGCTC,0
GGCGGCGACCGCCTAC,0
GGCGGCTCATAACAAA,0
GGCGGTCAAAAGCACT,0
GGCGGTCATCTATCAT,0
GGCGGTCATGTCCATA,0
GGCGGTTATTTAACAG,0
GGCGTAAAAAACGAAT,0
GGCGTAAAATTTAAAT,0
GGCGTAACCTACGCAC,0
GGCGTAACTATACTTA,0
GGCGTAGAGGCTTACT,0
GGCGTATGAAAACAGC,0
GGCGTCAAGAGGGAAT,0
GGCGTCAGACGAGTAA,0
GGCGTCAGGACGAGGC,0
GGCGTCATGGTGAGAG,0
GGCGTCCCGAATTACT,0
GGCGTCGATTAGATAC,0
GGCGTCGTATGAAATT,0
GGCGTCTATCAAACTC,0
GGCGTCTGTAAATTAA,0
GGCGTTCACAAAAAAT,0
GGCGTTCACATAGCCC,0
GGCGTTCATCAAGAAC,0
GGCGTTTACTATGCGT,0
GGCTAAAACTCGACCA,0
GGCTAAAAGCTCTTTA,0
GGCTAAAGATAACCAT,0
GGCTAACAATAAAATG,0
GGCTAACAGAGGTTAT,0
GGCTAAGATCATAAGG,0
GGCTAAGGTTGGCCAA,0
GGCTAATAAGGAGGAC,0
GGCTAATAATTCCAAT,0
GGCTAATACTCAACCA,0
GGCTAATGTCTCACAG,0
GGCTAATTTAATTTAT,0
GGCTACATCAAAAATA,0
GGCTACCCAGAAAACA,0
GGCTACCTAGAGACAC,0
GGCTAGATTATTATAA,0
GGCTAGCAAGAAAAAG,0
GGCTAGGTCCCTCCGA,0
GGCTAGGTCCCTCCGC,0
GGCTAGGTGTAATCAA,0
GGCTAGTATTCGTCGA,0
GGCTAGTCTTGATAAA,0
GGCTATAAACATTACA,0
GGCTATAACACTATTG,0
GGCTATAAGATAAATA,0
GGCTATAGCCGTGACG,0
GGCTATATACTCATGA,0
GGCTATATGAGACCTC,0
GGCTATCCGATTTGAG,0
GGCTATCTACATCCTG,0
GGCTATGGCAATTACA,0
GGCTATTCGTACGAAC,0
GGCTCACTTTAGTATC,0
GGCTCATTACAAAAGA,0
GGCTCCGCAAACAACA,0
GGCTCCGCACCTTCCT,0
GGCTCCGCGCAACAGA,0
GGCTCCTCAGCAAAGC,0
GGCTCGAGTAGGTAAA,0
GGCTCGTCGATCCAAG,0
GGCTCTATGGCCTGTC,0
GGCTCTTAGAGCCGTA,0
GGCTGAAAGGCCAACA,0
GGCTGAAGCAAGTAGA,0
GGCTGACATATGATCC,0
GGCTGAGTTACTCCTT,0
GGCTGATACGTACACA,0
GGCTGATAGCCCCTTG,0
GGCTGATCAGCTACCA,0
GGCTGCACACAAAAGA,0
GGCTGCACCAAAACCT,0
GGCTGCACTAGTAAAC,0
GGCTGCCCATACTCAG,0
GGCTGCCTGTGCAACA,0
GGCTGCCTTCCGAGGC,0
GGCTGCGCATATCAAG,0
GGCTGCGTAATTTCGT,0
GGCTGCTTCTTGGATT,0
GGCTGGACCATGAAAA,0
GGCTGGTAGGCTCGCT,0
GGCTGTAAAACCCACG,0
GGCTGTAATCACGATC,0
GGCTGTATAACTGAGT,0
GGCTGTATATCAAACC,0
GGCTGTGCTTCACAGT,0
GGCTGTTGGAGACGAT,0
GGCTTAAAAACATGTT,0
GGCTTAAAATACTGGT,0
GGCTTAAATAAGATTG,0
GGCTTAAATTACTGAA,0
GGCTTATCGAACAGAC,0
GGCTTCACAAAAACAA,0
GGCTTCATGTACCTGA,0
GGCTTCGTGAAGAATA,0
GGCTTGAAATATAAAG,0
GGCTTGAGATGTCTGT,0
GGCTTTAAAATAAGGA,0
GGCTTTAGAAGAGAAT,0
GGCTTTAGATCTTATT,0
GGCTTTGTTACAAATG,0
GGGAAAAATCGATATA,0
GGGAAAACAAGTTAGA,0
GGGAAAACACTTACAT,0
GGGAAAATACTATTAA,0
GGGAAACAATGCTCAC,0
GGGAAACCATGTACGT,0
GGGAAATACCAAAACT,0
GGGAAATACTAGACAA,0
GGGAAATGAAAAGTCG,0
GGGAAATGACCCGAAG,0
GGGAAATGCCGCAAAA,0
GGGAAATGCTTTGAAG,0
GGGAACACTATCTCGG,0
GGGAACAGCCCTTTAC,0
GGGAACATTAGCAGAA,0
GGGAACGAGTTAAGTG,0
GGGAACGTTACTTTCA,0
GGGAAGACCACTTAGA,0
GGGAAGATCAATACTA,0
GGGAAGGCGACAAAAA,0
GGGAAGTAACATAAGC,0
GGGAAGTCAGCTACCA,0
GGGAAGTGTCACTAAC,0
GGGAATAATCATCGAT,0
GGGAATACCGATTAAA,0
GGGAATAGCTCAATAA,0
GGGAATATCTTCCCTC,0
GGGAATATGACACTGA,0
GGGAATATGACATATA,0
GGGAATCACCCTCATT,0
GGGAATGATTTTTTCA,0
GGGAATGCAAAGTCTG,0
GGGAATGCATAGGATT,0
GGGAATGTAGACAAAA,0
GGGAATTAGCGGTCCA,0
GGGAATTATTAACCCA,0
GGGAATTCCAACTGTA,0
GGGAATTCCCAGAGAC,0
GGGACAAAAATTAATA,0
GGGACAACCTAGGAGA,0
GGGACAACCTATAGCA,0
GGGACAACGATAATGA,0
GGGACACAAGCTCACG,0
GGGACACGATAAGAAT,0
GGGACATATAATTAAT,0
GGGACCATAATGACGT,0
GGGACCCATACTATGT,0
GGGACGAATCACCAAT,0
GGGACGAGCCAATTCT,0
GGGACGGTCCACAAAT,0
GGGACGTTTCGACATT,0
GGGACTACAGATGTGA,0
GGGACTGTTATAAGAT,0
GGGAGAAAATTCACAG,0
GGGAGAACCGAACGAT,0
GGGAGAAGTCGTATCC,0
GGGAGACAAAACTAAC,0
GGGAGACGTAGCCAAC,0
GGGAGAGATACCATCC,0
GGGAGAGCTATGATCC,0
GGGAGATAAGACTTAC,0
GGGAGATTTGAATCAC,0
GGGAGCCCAGTCCCGG,0
GGGAGCCCCTAACCGC,0
GGGAGCCCGTCAGAAC,0
GGGAGCTGCAAGCATA,0
GGGAGCTGTCACTTGT,0
GGGAGCTTAAGGGTAT,0
GGGAGGAGCAAATGTC,0
GGGAGGCAATGGAACC,0
GGGAGGGGGAAAATGA,0
GGGAGGTCCTTAGTAT,0
GGGAGTTGATGAGAAT,0
GGGAGTTTATCGAATG,0
GGGATAAAAGCCATGC,0
GGGATAAATCCATAAC,0
GGGATAATCACTAGAT,0
GGGATAATGACTATCA,0
GGGATAATGTTCCATT,0
GGGATACAGTTACAAT,0
GGGATACTACAGGCTT,0
GGGATACTCTAAATAA,0
GGGATAGAGTACTTTA,0
GGGATATAATAAGATT,0
GGGATATTTTTTTACG,0
GGGATCAATCCCACCA,0
GGGATCATCTATCACT,0
GGGATCGGAACAAACA,0
GGGATCTATCCCCATA,0
GGGATCTCGTAAGGTT,0
GGGATGAAAATTCAAT,0
GGGATGAATCCCTACG,0
GGGATGACCTTGAATC,0
GGGATGGCCTAGTAGA,0
GGGATGGCTTAGCAAT,0
GGGATGGTAACGGCCT,0
GGGATGTACACAGATA,0
GGGATTAACACGTAAT,0
GGGATTACACGATTTA,0
GGGATTAGAGTGATAC,0
GGGATTCAATTAAAAA,0
GGGATTGTCGAAGTGC,0
GGGATTTTCTCAACTA,0
GGGCAAAGCAAGAAAT,0
GGGCAACACCCTACAA,0
GGGCAACCGAGTGCTG,0
GGGCAACCGGATCACA,0
GGGCAACGTTACAACA,0
GGGCAACTGTATGTGA,0
GGGCAAGCGTCAAAGT,0
GGGCAATCCTGGATGG,0
GGGCACATCAAAAGAT,0
GGGCACATGGTCGGGA,0
GGGCACATTATACAAC,0
GGGCACCAAAAGCGAG,0
GGGCACCTTCCTCAGC,0
GGGCACGACTAGTCCA,0
GGGCACGCAAACTATT,0
GGGCACTCCTCCACGG,0
GGGCAGACTCTAAGAA,0
GGGCAGATGTGAATAC,0
GGGCAGTAAACGACAC,0
GGGCATGGCAACAGTT,0
GGGCCACAGATTCAAG,0
GGGCCACAGGACAGAT,0
GGGCCACCACAAAAAG,0
GGGCCACCTCGTTAAG,0
GGGCCAGTCTAATATC,0
GGGCCATAAAGCTACC,0
GGGCCCACTGCTTAGG,0
GGGCCCATCTATGACC,0
GGGCCCATTAAAAACC,0
GGGCCCCAAACGACTT,0
GGGCCCCATACGGCCA,0
GGGCCCCTACTCTTGT,0
GGGCCCTAGTAGAACA,0
GGGCCGCAAATAATAG,0
GGGCCGCGAGACCTAA,0
GGGCCGCTTCACGGCA,0
GGGCCGGTGCAGGAAT,0
GGGCCGTGTGATCACA,0
GGGCCTAACATTTCTC,0
GGGCCTGATGTCTCCG,0
GGGCCTTTAGTGACTC,0
GGGCGAAAGAGTAAGA,0
GGGCGAAAGCCGAAAT,0
GGGCGAACCGAACTGA,0
GGGCGACATGTGCACT,0
GGGCGACGCCTAGACA,0
GGGCGAGGACCCCTTT,0
GGGCGATATGGTCGGA,0
GGGCGATTACTCAGGT,0
GGGCGCAAAACTTGCG,0
GGGCGCACTATATAAA,0
GGGCGCGCGATCTGTT,0
GGGCGCTCAAAAGCAA,0
GGGCGGCATCCCAGAA,0
GGGCGGTGAACTATAG,0
GGGCGTCCTCACCTAG,0
GGGCTAAAAATCCGTC,0
GGGCTAACCCGTCGAC,0
GGGCTAACTGTGCCTA,0
GGGCTAATTATTTGAC,0
GGGCTAATTTAGACCC,0
GGGCTCACACACCGTT,0
GGGCTCGCACACACAA,0
GGGCTCGGAAAGTGGA,0
GGGCTCTTTGTAGTAC,0
GGGCTGAATCCTTCAA,0
GGGCTGCCACTAAAAA,0
GGGCTGCGCAAGTCCA,0
GGGCTGTCATAAGGGT,0
GGGCTTATGCAACATA,0
GGGCTTGCAGTAAATT,0
GGGCTTTCTGGAGCTT,0
GGGGAAACTCGGAGCG,0
GGGGAACTCCAAAGCT,0
GGGGAACTTATACGAC,0
GGGGAAGTCCATGCCC,0
GGGGAATAAGTTCAAC,0
GGGGAATATAGCCAGG,0
GGGGACACAATTGTGG,0
GGGGACACTCGGAAAT,0
GGGGACAGACACTAAT,0
GGGGACTATTAGCGTT,0
GGGGAGAAGTAAACTA,0
GGGGAGAATTGTGCGC,0
GGGGAGGTCTTAACAA,0
GGGGAGTTCGTGAGGT,0
GGGGATACTAAAATCA,0
GGGGATCCCCACAAAA,0
GGGGATGCCCCATAAC,0
GGGGATTAAATATGAG,0
GGGGATTAGCACCACT,0
GGGGATTATTATGAGA,0
GGGGCAAGGCATAAAC,0
GGGGCAATCCCAAATA,0
GGGGCCAACAAAAGGT,0
GGGGCCATAACTTCCA,0
GGGGCCGCCGGCGCCC,0
GGGGCCTAGAAACGAA,0
GGGGCGATTGTTGTAA,0
GGGGCGCCCTTGGCCT,0
GGGGCGCGAAATCGTG,0
GGGGCGTAAAACAAAG,0
GGGGCTATTGGTCAAG,0
GGGGGAAAATAAACGG,0
GGGGGAGATGCATCTA,0
GGGGGCCCCTCAATTA,0
GGGGGCCCCTGTAGCC,0
GGGGGCCTAAAAAGTA,0
GGGGGCGAGACTTAAA,0
GGGGGCGGAGGATCGA,0
GGGGGCTCCCTCAAAT,0
GGGGGTAACTGTCTAA,0
GGGGTAACTATTTGAA,0
GGGGTACTTTAGGAAA,0
GGGGTAGATTACTAGT,0
GGGGTAGCATGGTTAC,0
GGGGTATAACTTTGCG,0
GGGGTATAGTGTTCGA,0
GGGGTATTCAAATAAA,0
GGGGTATTGCGAGTGC,0
GGGGTCAAACCGTATA,0
GGGGTCAATACATAAA,0
GGGGTCACTAAACCGG,0
GGGGTCCCACATTCGC,0
GGGGTCTCCTCAGTCG,0
GGGGTGTGATAAGAAT,0
GGGGTTATAAACCTTA,0
GGGGTTATAAGCCCGG,0
GGGGTTATGAATTGGA,0
GGGGTTTCATTTCAAA,0
GGGGTTTGATTGAATA,0
GGGTAAACATTCTAAT,0
GGGTAAACTAAAAAGG,0
GGGTAAAGACTTCATT,0
GGGTAAATTAGCAAAT,0
GGGTAAATTAGCGTGA,0
GGGTAAATTATCATCT,0
GGGTAACACGATGAAA,0
GGGTAACTAAACCACA,0
GGGTAACTTGACTAAC,0
GGGTAATACAAAGTAA,0
GGGTAATCATACTGAT,0
GGGTACAAAAAAATAT,0
GGGTACAACAGCTTAG,0
GGGTACATAAAAGAGA,0
GGGTACGAAAGCCTTA,0
GGGTACGCCACGGATA,0
GGGTACGGTTATTGAA,0
GGGTACTTCTCACGAA,0
GGGTACTTGAATGCTC,0
GGGTAGAACCACCATT,0
GGGTAGAATATGCGAG,0
GGGTAGATTGACTACA,0
GGGTAGGAATACTGGC,0
GGGTAGTCATAACGTC,0
GGGTATAGATACCCAC,0
GGGTATCATGACATCT,0
GGGTATCGTGAGGGCG,0
GGGTATTAGCCGGAGT,0
GGGTATTTAGTATGAA,0
GGGTCAACTGCACAAT,0
GGGTCACCCTCTATGG,0
GGGTCACGTAAACAGC,0
GGGTCACTGCGAACCT,0
GGGTCAGATCGACCTG,0
GGGTCATCGACAGATC,0
GGGTCATTACCAAGTT,0
GGGTCATTCAAGAAAC,0
GGGTCCATTGTGCCAC,0
GGGTCCCGAAGACTCC,0
GGGTCCCGAATGAACT,0
GGGTCCCTAACCTAGA,0
GGGTCCGAGCACCGCC,0
GGGTCCGGTTAGATTG,0
GGGTCTACTCTAACAT,0
GGGTCTCGCGAACAAG,0
GGGTCTGGATCCTTGG,0
GGGTCTTAAATCACCA,0
GGGTCTTTGACCACGA,0
GGGTGAAACACAATCT,0
GGGTGAAATTCACAAC,0
GGGTGAACGGGTAATG,0
GGGTGAGGCATGTACA,0
GGGTGCCGGCGATTAC,0
GGGTGCTTACCCAAAC,0
GGGTGCTTTCAACGGG,0
GGGTGGACTAGACTGA,0
GGGTGTAACACCGTTA,0
GGGTGTAACCCCAATT,0
GGGTGTACACTAACAA,0
GGGTGTCCCGGGGAAA,0
GGGTGTCTAAATTAAA,0
GGGTGTGAGGAACGAT,0
GGGTGTGTACCATAAA,0
GGGTTAAGTCATAAAG,0
GGGTTAATGAATACTT,0
GGGTTACATCAAAAAA,0
GGGTTACTATTATCCG,0
GGGTTAGGCCCAACAT,0
GGGTTAGTACCTTACC,0
GGGTTATAAACCAAGG,0
GGGTTATAACCTAACA,0
GGGTTATCAATTTCGG,0
GGGTTCCCAACAATCT,0
GGGTTCTCAAAAGTGA,0
GGGTTGACACTAAAAG,0
GGGTTGAGATAACTCA,0
GGGTTGCAATCACATT,0
GGGTTTCCGGAACGGA,0
GGGTTTCTAAAGACAC,0
GGGTTTGGTTATGTAA,0
GGTAAAAACAGTAAGA,0
GGTAAAAATGAAAAGC,0
GGTAAAACATACATAG,0
GGTAAAACGTCCGAGC,0
GGTAAAAGAATAAGGA,0
GGTAAAAGATTCTATA,0
GGTAAAAGGAAGGTAA,0
GGTAAAAGGTAGATGC,0
GGTAAAAGTCGCCGCC,0
GGTAAAATGCTAAGGG,0
GGTAAACAAAATAGAA,0
GGTAAACAAGCGCCTC,0
GGTAAACAATTGAGCT,0
GGTAAACAGGTCCTTA,0
GGTAAACCTAGGCTCT,0
GGTAAACCTTACAGAA,0
GGTAAACTATAGAGTG,0
GGTAAACTTTGACCCA,0
GGTAAAGAAATTCACA,0
GGTAAAGGGAGCTCGT,0
GGTAAATAAAAATAGT,0
GGTAAATATAAATAAC,0
GGTAAATATCCATACA,0
GGTAAATGCGACATCG,0
GGTAAATTACAAAACT,0
GGTAACAGTTATACTT,0
GGTAACATAAGTAAAG,0
GGTAACATTCCGGATG,0
GGTAACCCGTTTGGGG,0
GGTAACGAAAACACGA,0
GGTAACGAGTGCAACT,0
GGTAACGCGAGAATAA,0
GGTAACGCGCTGCTCT,0
GGTAACTTATCTTAGT,0
GGTAAGACCAAAATAG,0
GGTAAGACTTTCCAAT,0
GGTAAGATGTAATATA,0
GGTAAGATTAGTTCAA,0
GGTAAGCCAAACGAGT,0
GGTAAGTACTAGTTCC,0
GGTAATAAATGGTTTC,0
GGTAATAATAATGTAC,0
GGTAATAATAGAAATC,0
GGTAATCAACCAACTT,0
GGTAATGAGCTTAAAA,0
GGTAATGATAGATATC,0
GGTAATGCGTCCAACG,0
GGTAATGCTGAGTTTA,0
GGTAATGGTGATATGT,0
GGTAATTAACCAAATA,0
GGTAATTATTTAATGA,0
GGTAATTGAACACATA,0
GGTAATTGTTAAATTA,0
GGTACAAATGTGAAGG,0
GGTACAACATGCTACA,0
GGTACAACGTAGCTCA,0
GGTACAACTCATTACG,0
GGTACACGAGATCTTA,0
GGTACACGATGTTTAG,0
GGTACACTAACTAACA,0
GGTACAGAACACAGGA,0
GGTACAGACCAACCGT,0
GGTACAGAGAAAACCA,0
GGTACAGTACTTTCGA,0
GGTACAGTTGGTACCG,0
GGTACATCTATTAATT,0
GGTACCAAACAGAATT,0
GGTACCAACTCCAAAT,0
GGTACCAAGAGCATGG,0
GGTACCACCCTGGATT,0
GGTACCACTTATAACA,0
GGTACCAGAACCTAAA,0
GGTACCCTAACGGAAT,0
GGTACCCTGGGATCCC,0
GGTACGAAAGTTATAA,0
GGTACGAGACTAACTC,0
GGTACGCAGACACAAA,0
GGTACGGAGATGTAAA,0
GGTACGTACCGGTCTA,0
GGTACTAGAATACCAA,0
GGTACTCGTGATAAAA,0
GGTACTCTCCAGCGAG,0
GGTACTCTCGACGTAG,0
GGTACTGAACTAATCA,0
GGTACTGTACGAATCC,0
GGTAGAAACTAAATCA,0
GGTAGAAAGTATTTCA,0
GGTAGACACAATAACC,0
GGTAGACTGTAACCTT,0
GGTAGAGTATAGAATC,0
GGTAGAGTCCTGAAAA,0
GGTAGAGTTTTGAAAC,0
GGTAGCAAGCTAGCAG,0
GGTAGCACAGCCCTGC,0
GGTAGCGTACAAAATA,0
GGTAGCGTGGATTCAA,0
GGTAGGACGCTTAGAC,0
GGTAGGACTAACCAAA,0
GGTAGGCAAGATGTAA,0
GGTAGGCCTTTTTAGT,0
GGTAGTACTGACTACC,0
GGTAGTAGAAAAACTT,0
GGTAGTCAATATCCCC,0
GGTAGTCACGCCAGAT,0
GGTAGTCCTTACATAC,0
GGTAGTCGTGCAAAAG,0
GGTAGTCTAACGAAAG,0
GGTAGTCTACCGTATA,0
GGTAGTCTCACGGAGA,0
GGTAGTGATAAATACT,0
GGTAGTTCGTACAAAC,0
GGTAGTTCTGAAACCA,0
GGTAGTTTCACCTGTG,0
GGTATAAAAACCCAAC,0
GGTATAACGTTAATGA,0
GGTATAAGCTTATATG,0
GGTATAAGGACCGGAC,0
GGTATAATGATGACAT,0
GGTATACGTACTAACC,0
GGTATAGTGGGGCATT,0
GGTATAGTTTTTCGAG,0
GGTATATAACGCTGAA,0
GGTATATTACGAACAG,0
GGTATATTACTGTATA,0
GGTATCACAATTGCAA,0
GGTATCACCAAAAATT,0
GGTATCCCGTGAGGAC,0
GGTATCCGACTGAAAA,0
GGTATCCTCACTATTT,0
GGTATCGGCGTCGCTC,0
GGTATCTAAAATTAAC,0
GGTATCTAGGACGGAA,0
GGTATCTCCCCAATCC,0
GGTATCTTGATTCCAA,0
GGTATCTTGCCAACAA,0
GGTATGAGCTCAAGTT,0
GGTATGATAATCAAGC,0
GGTATGCAATTGCAAT,0
GGTATGCTCTATAACT,0
GGTATGTAAAATAGAG,0
GGTATTAAAACAAATG,0
GGTATTAACCTGATTC,0
GGTATTAGCTCAGATA,0
GGTATTAGTGATTGTA,0
GGTATTCAATTAGTAA,0
GGTATTCACTAGAATT,0
GGTATTCCTCATTCAT,0
GGTATTCGTATCCTGA,0
GGTATTGGAACAGAAA,0
GGTATTGTAACAAGGG,0
GGTATTTAAAAATAAA,0
GGTATTTACCCGTAGG,0
GGTATTTCACGAGGTG,0
GGTATTTGAAACGGTC,0
GGTATTTGTTATACAC,0
GGTATTTTCGCTCAGA,0
GGTCAACTAGACACCC,0
GGTCAACTAGTGTGAG,0
GGTCAAGACATGACCC,0
GGTCAAGCAGCCAAAG,0
GGTCAAGGCCGTCCAA,0
GGTCAATCTTAATCAT,0
GGTCAATGATATAAAT,0
GGTCACAAAACCTATT,0
GGTCACCATGGAAAGC,0
GGTCACCCTCGCGAAA,0
GGTCACCGTCAAAGAC,0
GGTCACCGTCAGAATT,0
GGTCACCTTCAATGAA,0
GGTCACTAAAACAAAT,0
GGTCACTTACATGAGA,0
GGTCAGAAATTATTAT,0
GGTCAGAACTAAAACT,0
GGTCAGAAGTCAGAAT,0
GGTCAGACTTTGGAAA,0
GGTCATAGACAATGCA,0
GGTCATCAGCAGTACT,0
GGTCATCCGAAATGGT,0
GGTCATCTCCGTTACT,0
GGTCATTATGACAATT,0
GGTCCAAAACTCACCT,0
GGTCCAAACCAAAGCA,0
GGTCCAAATTCATTGG,0
GGTCCAACAGTTTGTT,0
GGTCCACAAGAGCCAT,0
GGTCCAGAGGAAAACA,0
GGTCCAGCAAGCACCG,0
GGTCCATAAACTACTC,0
GGTCCATCATACGACG,0
GGTCCATCTATGAGAA,0
GGTCCATGTCGGTATG,0
GGTCCCAATTACTCCA,0
GGTCCCACACACTCTC,0
GGTCCCACCTTAATGT,0
GGTCCCATCTAGAACT,0
GGTCCCCGTAAAATAG,0
GGTCCCGACGACAGAC,0
GGTCCCGTCATGACAC,0
GGTCCCTGACACATCT,0
GGTCCCTTCTAGCAAA,0
GGTCCGACAAAGTTAT,0
GGTCCGGAATCCTACG,0
GGTCCGGAATTTAAGA,0
GGTCCTAAATCGGATG,0
GGTCCTACGGAACATA,0
GGTCCTATGGACACTC,0
GGTCCTCCTAAAAACC,0
GGTCCTGAGATTAAAG,0
GGTCCTTCTAGGCGTT,0
GGTCCTTCTTAGGACG,0
GGTCCTTGTCTGTGTC,0
GGTCGACGGACACATG,0
GGTCGAGTCCGAAAAT,0
GGTCGCCTTCAGTAAA,0
GGTCGGACTAACTTAA,0
GGTCGGTAGAGTTGTA,0
GGTCGGTTCAGCAATC,0
GGTCGTAGATGTAACC,0
GGTCGTCATATATCGA,0
GGTCGTCGATTGCGAA,0
GGTCGTGATGTTGAAG,0
GGTCGTTCAAAATAAG,0
GGTCTACGATAGAATT,0
GGTCTAGAAGAGACAA,0
GGTCTATGTGCTTATA,0
GGTCTATTATCACCAA,0
GGTCTGAAAAAACAAG,0
GGTCTGGTTATAAATT,0
GGTCTTAACCCCTATT,0
GGTCTTTCGGAACGTC,0
GGTGAAAATCAGCTCC,0
GGTGAAACCTGACTGG,0
GGTGAAACGAGAACAT,0
GGTGAAATACGCAACC,0
GGTGAAATATTGCGTA,0
GGTGAACAGACAATAA,0
GGTGAACATACCAAAA,0
GGTGAACATTGCGGTA,0
GGTGAACTCCAATATT,0
GGTGAAGCCCAGAACC,0
GGTGAAGTGTATCAGA,0
GGTGAATTATAAAACG,0
GGTGAATTTTTAATAA,0
GGTGACACATAACTCC,0
GGTGACATAAAAATTT,0
GGTGACGCTACCATCA,0
GGTGACTAATATCCAT,0
GGTGACTCAGCTTCAA,0
GGTGACTCCTACAACT,0
GGTGAGACGAAGGCCG,0
GGTGAGCGATTATTAA,0
GGTGAGCTTCCGAACA,0
GGTGAGTTCATACCTA,0
GGTGATAAACAAAAGC,0
GGTGATACATGTAGAC,0
GGTGATAGCAAGCGTA,0
GGTGATAGCCATGACA,0
GGTGATATAAAGATCA,0
GGTGATCAATGGAGAA,0
GGTGATCAGTGATTCC,0
GGTGATCTCCGAAAGC,0
GGTGATGTCACAAATA,0
GGTGATTCACTATCTT,0
GGTGCAAAATAATACA,0
GGTGCAATGGATGCGG,0
GGTGCATGTAAATAAC,0
GGTGCCCAGAAACAGA,0
GGTGCCCCGAAATTCA,0
GGTGCCCTAATATCCA,0
GGTGCCGCTTCTGGAA,0
GGTGCGAAGAATCCAT,0
GGTGCGAAGCATTAGT,0
GGTGCGAATTTACTTG,0
GGTGCGCGTATAAAAA,0
GGTGCGTAATCCCCAG,0
GGTGCTAATATCAAAA,0
GGTGCTATAATAGCCA,0
GGTGCTCAACCGTACT,0
GGTGCTTAATATACTG,0
GGTGGAAATAAGATGC,0
GGTGGCACTAAGCCAG,0
GGTGGCTCTTTCGCCT,0
GGTGGTCGCGGCCCAG,0
GGTGGTCTACCGCTCC,0
GGTGGTTTGGAGCGAG,0
GGTGTAACAGGAGGCA,0
GGTGTAATGATTGAAA,0
GGTGTAGAACACCCAC,0
GGTGTATAAATTTATA,0
GGTGTATATTTGAAGC,0
GGTGTATGTGCCTGAG,0
GGTGTATTAAAAAAAG,0
GGTGTCAAAACGCAGA,0
GGTGTCAATACCGAGC,0
GGTGTCAATTGTAAAG,0
GGTGTCATTTGAACTC,0
GGTGTCGCAAACAAGG,0
GGTGTCGGAACCTAAA,0
GGTGTCGGTCTTACAC,0
GGTGTCTTGATTTGTA,0
GGTGTGATGCCATATC,0
GGTGTGCAAAACTTTT,0
GGTGTGCTTGGTACAG,0
GGTGTGGCACGAGACC,0
GGTGTTCTCGCATTAG,0
GGTGTTGACAAAGATG,0
GGTGTTTACGTAAAAA,0
GGTGTTTTAACAGAAT,0
GGTGTTTTAATTAAAA,0
GGTTAAACATCCGCCA,0
GGTTAAAGAAGTAACT,0
GGTTAAATAACTAATC,0
GGTTAAATATGACTAA,0
GGTTAAATTACCGACC,0
GGTTAACTATAACGTT,0
GGTTAACTGAACTCTA,0
GGTTAAGAAGAACCAA,0
GGTTAAGGTAATGCCA,0
GGTTAAGTTACCACTT,0
GGTTAATATTACGGGA,0
GGTTAATCATGATTAA,0
GGTTAATCTCGAGTAA,0
GGTTAATGCATTGAAC,0
GGTTAATTAATGACCA,0
GGTTAATTATTGGGCT,0
GGTTACAAAACAAGTA,0
GGTTACAAAATTTCTA,0
GGTTACAAACATAATA,0
GGTTACACACGTCCAC,0
GGTTACATGAATACGC,0
GGTTACTAAATCCCTA,0
GGTTACTCGCAAACTA,0
GGTTACTGAAAAAGCA,0
GGTTACTTCCTAGACG,0
GGTTACTTTCAATATA,0
GGTTAGAAACTATCTT,0
GGTTAGAGACGATATG,0
GGTTAGAGCATATAAA,0
GGTTAGCGACCTGGCA,0
GGTTAGGAGACCTCTG,0
GGTTAGTAAAATTAGC,0
GGTTAGTTTGACCAAC,0
GGTTATAAGAAGACAA,0
GGTTATAATCAACCAT,0
GGTTATACCCACCTCA,0
GGTTATACTTTAATGC,0
GGTTATATTCCCAATA,0
GGTTATCTCAGTTTTG,0
GGTTATCTGTCAAGTC,0
GGTTATGTATACAAGG,0
GGTTATTCACCTAGAG,0
GGTTATTTAACGAAAA,0
GGTTCAATGCACAGTC,0
GGTTCACACTTTGCAA,0
GGTTCACCTACAAAAT,0
GGTTCACTAAGATAAT,0
GGTTCAGGACAAATCA,0
GGTTCATCAATTTGAA,0
GGTTCCAAAGCGGCGA,0
GGTTCCATGAATATTT,0
GGTTCCATGGTACATA,0
GGTTCCCATTGCAGGG,0
GGTTCCCCACTACTAA,0
GGTTCCCGAATTGATC,0
GGTTCCGTTCATATGA,0
GGTTCGCTGAGGTCAA,0
GGTTCGGAGCAGACCA,0
GGTTCGGGGGTTATAC,0
GGTTCGTAATCCAGCG,0
GGTTCGTGAATTAGGC,0
GGTTCGTTCTTTAGCA,0
GGTTCTCAAAAACACG,0
GGTTCTTACCGGCCAA,0
GGTTCTTGACGTCACC,0
GGTTCTTTAATATCAA,0
GGTTCTTTCTAGGCAA,0
GGTTGAATAAACTGAA,0
GGTTGAATACTTAGAA,0
GGTTGACCGAATTAGT,0
GGTTGACCTCATTTAT,0
GGTTGACTGAACAACG,0
GGTTGAGATACAAAAT,0
GGTTGAGTATTGGTAG,0
GGTTGATACTTAATGG,0
GGTTGCCAAAAAAATT,0
GGTTGCGCAGTCATGA,0
GGTTGCGTCTTAGAAC,0
GGTTGCGTTGGTATGA,0
GGTTGCTTCACCGAGC,0
GGTTGCTTTATTGACA,0
GGTTGGAATAGTAAGC,0
GGTTGGCCTAAAATTC,0
GGTTGTAAGGATACAG,0
GGTTGTATGATTAATT,0
GGTTGTCAGTTTTACA,0
GGTTGTGAATGTACAA,0
GGTTGTGGTATTACTC,0
GGTTTAAACACTCCGA,0
GGTTTACAAACACAAT,0
GGTTTACAACCCCAAT,0
GGTTTATAATCTCATT,0
GGTTTCCGCAGCATAA,0
GGTTTCGAAATCAGCA,0
GGTTTCGACTCCTACT,0
GGTTTGAGAAACGCTC,0
GGTTTGAGACCCAGTC,0
GGTTTGCATCTTAACA,0
GGTTTGGTGAGTGCAA,0
GGTTTGTACAACATCG,0
GGTTTGTCCAAGCAAC,0
GGTTTTACAGATCTAC,0
GGTTTTGGGTACCTTG,0
GTAAAAAAAAAAGGTA,0
GTAAAAAAAACTAGCT,0
GTAAAAAAACCCCTAC,0
GTAAAAAAATATAAAC,0
GTAAAAAAATCAAAGC,0
GTAAAAAAATGAGCTA,0
GTAAAAAAGAGCAAGC,0
GTAAAAACCAAACATA,0
GTAAAAACTCGTTATT,0
GTAAAAAGATGTCACT,0
GTAAAAAGATGTTAAC,0
GTAAAAAGTAAGGGCT,0
GTAAAAATAATCCCCA,0
GTAAAAATATTAGCCA,0
GTAAAAATCCAAGGCT,0
GTAAAAATCCAGTGAG,0
GTAAAAATCCCCATAT,0
GTAAAACATTACAAAG,0
GTAAAACCCATACTAG,0
GTAAAACCTCTACAGT,0
GTAAAACGTCGCAGGA,0
GTAAAACTATTACCAT,0
GTAAAACTCGAACTGT,0
GTAAAAGAGCACAAGT,0
GTAAAAGATCCATGGA,0
GTAAAAGCCACAAATC,0
GTAAAAGTTAATACAA,0
GTAAAATAAAAAAAAG,0
GTAAAATAACATGGAA,0
GTAAAATAAGACTAAT,0
GTAAAATACATCTTGC,0
GTAAAATAGATCAACT,0
GTAAAATAGTACCTTA,0
GTAAAATAGTAGAATG,0
GTAAAATATACAAGAG,0
GTAAAATATCCACGAC,0
GTAAAATGATCAACTA,0
GTAAAATGCTAAAAAC,0
GTAAAATGGCTAACAA,0
GTAAAATTACAACCCG,0
GTAAACAAAGACATAA,0
GTAAACAACATAACTC,0
GTAAACAACCACCGGA,0
GTAAACAATCTGCGCA,0
GTAAACACCACATAAT,0
GTAAACACTCGAAAGA,0
GTAAACAGATGTAGCG,0
GTAAACAGCAACTGTG,0
GTAAACATAATGATAG,0
GTAAACATACAACCCT,0
GTAAACATAGTCTAAA,0
GTAAACATGCTATATG,0
GTAAACCCTACAGATC,0
GTAAACCGCAGTATTA,0
GTAAACCGGACTTTAT,0
GTAAACCGGATCAGGT,0
GTAAACCTGCTATTAT,0
GTAAACGAGAGGGGAT,0
GTAAACGCTAATCCTA,0
GTAAACGTTCTCCACT,0
GTAAACGTTTTGCATG,0
GTAAACGTTTTTCCTA,0
GTAAACTAACAACACG,0
GTAAACTAATTTGAAA,0
GTAAACTACCCATAAA,0
GTAAACTCACACTCTA,0
GTAAACTCACGAATCC,0
GTAAACTCATAAAAAG,0
GTAAACTGAACTAGAA,0
GTAAACTTAGTAGATA,0
GTAAACTTATATTCCG,0
GTAAACTTGTACAAAA,0
GTAAAGAAGGATATAC,0
GTAAAGACAAATGCGC,0
GTAAAGACCAACAAAT,0
GTAAAGAGCGGCGTAC,0
GTAAAGATTACACCGT,0
GTAAAGATTCTCCTGA,0
GTAAAGATTGAGCAGC,0
GTAAAGCCAGTACATG,0
GTAAAGCCGGTAACGC,0
GTAAAGCGAACTGAAA,0
GTAAAGCGGGTCAAAA,0
GTAAAGCTAGTGAAAA,0
GTAAAGGCAAATATAA,0
GTAAAGGCAATATATT,0
GTAAAGGTGTAGCAAG,0
GTAAAGTATTGTAAGA,0
GTAAAGTCACACTCAT,0
GTAAAGTTATTTCCCC,0
GTAAAGTTGACCAATG,0
GTAAATAATAGCAACC,0
GTAAATACTTTTAATA,0
GTAAATAGGTCGACAT,0
GTAAATAGTAAATGAG,0
GTAAATAGTTTATCCA,0
GTAAATATGACACGAT,0
GTAAATATGGGCGCTT,0
GTAAATATTGACACCT,0
GTAAATCAGCTTAATC,0
GTAAATCATACAAAAG,0
GTAAATCCTAAATAGT,0
GTAAATCGGTAACTTC,0
GTAAATCGTCATTAAC,0
GTAAATCGTTCACAGG,0
GTAAATGACGCTTGGG,0
GTAAATGGGATAAGCA,0
GTAAATGTAACAGAGA,0
GTAAATGTAGGAATTG,0
GTAAATGTATTCAGAT,0
GTAAATGTCCCGACAG,0
GTAAATTAAGATATGC,0
GTAAATTATCCCTTAA,0
GTAAATTCAGTAAATC,0
GTAAATTCTTACAAAT,0
GTAACAAAAACAGACT,0
GTAACAAGGAAGATCT,0
GTAACAATTCAATATA,0
GTAACACACCACTAAG,0
GTAACACAGAAAGGTC,0
GTAACACATAATATAC,0
GTAACACCTTCCATAC,0
GTAACACGATCCCTAA,0
GTAACACGATTACCCA,0
GTAACACGATTGTCAT,0
GTAACACTAGCTTGTG,0
GTAACACTCTCCTGTT,0
GTAACAGAATAATGAG,0
GTAACAGCACAGCCAG,0
GTAACAGGACAGCCCC,0
GTAACAGGTGATATTA,0
GTAACATAAATCAAAG,0
GTAACATAAGCTACTT,0
GTAACATATCAATCAT,0
GTAACATATCTCAATC,0
GTAACATCATAAATTG,0
GTAACATCATAACAAA,0
GTAACATGATCTAAAC,0
GTAACATGTGAGTGTC,0
GTAACCAAAGGCTTCA,0
GTAACCAACTATAAGC,0
GTAACCACGGAAGTAG,0
GTAACCAGACAGGACC,0
GTAACCAGTTAAGGCC,0
GTAACCCAACTAAGAA,0
GTAACCCACATGGAAC,0
GTAACCCAGTGATATC,0
GTAACCCATAAAAAGA,0
GTAACCGCCCATCTCA,0
GTAACCTAAAATATTA,0
GTAACCTAAGAAAGTA,0
GTAACCTAAGACACTG,0
GTAACCTACAGAAATC,0
GTAACCTCAGAAAATA,0
GTAACCTGGGCAGACC,0
GTAACGAACGTAAAAC,0
GTAACGACAATTTTTG,0
GTAACGACCCCTAATT,0
GTAACGATAGGCCTCA,0
GTAACGATTTCAGATT,0
GTAACGCAGTTTTTAG,0
GTAACGCCTGAGGTAG,0
GTAACGGCATGACCTA,0
GTAACGGTGACGCGAT,0
GTAACGTACAATTTTA,0
GTAACGTGCTCCTCAG,0
GTAACGTTCCATATAA,0
GTAACTAATATCACAA,0
GTAACTATTTCTTACA,0
GTAACTCACTCACTTG,0
GTAACTCATTTTCGCA,0
GTAACTCCGCAAATAT,0
GTAACTCCTCATGCTG,0
GTAACTCTAAGTGGAA,0
GTAACTCTATTATCAA,0
GTAACTGATCTATGTT,0
GTAACTTAACTGCTAA,0
GTAACTTAATAAACAT,0
GTAAGAAAAAGAAATG,0
GTAAGAAATATGCATC,0
GTAAGAACTATACGCG,0
GTAAGAATATGATGAA,0
GTAAGAATCATAATAA,0
GTAAGAATCTCATTTT,0
GTAAGAATTAAATTCT,0
GTAAGAATTCGGTAGA,0
GTAAGACATCGAGCCT,0
GTAAGACCCTGATACT,0
GTAAGACGGAGTGCGT,0
GTAAGACTAAATAGTC,0
GTAAGACTGAACCGAA,0
GTAAGAGTCTTATTGT,0
GTAAGATAAAATGCGA,0
GTAAGATAACACGAAT,0
GTAAGATAACATAAAC,0
GTAAGATACAACACGT,0
GTAAGCACAGAGACAA,0
GTAAGCATACGACTTT,0
GTAAGCATTTGATCAA,0
GTAAGCCTATGAAGGT,0
GTAAGCCTGTTCCCAA,0
GTAAGCGAATCGCCCA,0
GTAAGCGGTCCTCCAG,0
GTAAGCGTAAAATCAG,0
GTAAGCTGAACATGTA,0
GTAAGGACTACCAAAC,0
GTAAGGCCGTTCCGCT,0
GTAAGGCGGACATTTT,0
GTAAGGGACTGTCTAC,0
GTAAGGGGCGCATGTC,0
GTAAGGTGTTAATTGC,0
GTAAGTAAGTTGTTAC,0
GTAAGTATCTGACTTA,0
GTAAGTCCCCTTCCGT,0
GTAAGTCCTTTTAGGA,0
GTAAGTCTACCATCGA,0
GTAAGTCTTCGCGAAA,0
GTAAGTGACCTTAAAC,0
GTAAGTGCGCACTGTT,0
GTAAGTGGCATATGCC,0
GTAAGTGTAATCTATA,0
GTAAGTGTTAACTAAC,0
GTAAGTTCTGAGAGAT,0
GTAATAAAAGAGGGAC,0
GTAATAAAATCGGCGT,0
GTAATAACACACAACA,0
GTAATAACAGACATTA,0
GTAATAACGACAAAAA,0
GTAATAACTAATGGTT,0
GTAATAACTGAGGTTC,0
GTAATAAGAAACCCTA,0
GTAATAAGAATGCGGC,0
GTAATAAGCACTTAAG,0
GTAATAATACGCTACC,0
GTAATAATCCTACAGC,0
GTAATACAACAGACGA,0
GTAATACAACGTCCCA,0
GTAATACAGCTAAACA,0
GTAATACAGTTTCACG,0
GTAATACCCCCCGAAA,0
GTAATACCCTGACCCT,0
GTAATACGCCTTAGCT,0
GTAATAGAAATTTGGC,0
GTAATAGACCCAATAA,0
GTAATAGCACGTGCCT,0
GTAATATAGTGCGGCG,0
GTAATATATATATGCA,0
GTAATATATCTTTAGA,0
GTAATATCCATAATCA,0
GTAATATCGATCATGT,0
GTAATATTACTGAAAA,0
GTAATCAAAACAACTC,0
GTAATCAATAGTAACA,0
GTAATCACTAACTTGT,0
GTAATCACTGACAAGC,0
GTAATCAGTAATATAA,0
GTAATCCCTTTATTAA,0
GTAATCGAAGTCGTGT,0
GTAATCGAGTACCAGC,0
GTAATCGATTCCCACT,0
GTAATCGCAAGAGTCA,0
GTAATCTAACATGTCC,0
GTAATCTAGGATTCAC,0
GTAATCTAGGTGTCTT,0
GTAATCTTAAACAAAA,0
GTAATCTTAAGCACAA,0
GTAATCTTATAGAACT,0
GTAATCTTGCATACGA,0
GTAATCTTTGTTGCTA,0
GTAATGAAAATAAATC,0
GTAATGAATAATACAT,0
GTAATGAGCAAAGCTG,0
GTAATGAGCGCTCACA,0
GTAATGATACTAAATG,0
GTAATGCAGACGAAGT,0
GTAATGCCGTAACTGG,0
GTAATGCGGTGTCTAA,0
GTAATGGACACTTATG,0
GTAATGGTAGGCGCAA,0
GTAATGTGATAGAATC,0
GTAATGTGCAGAAGCC,0
GTAATTAACTGTCGAA,0
GTAATTACACAATGTG,0
GTAATTAGAAGTGTCT,0
GTAATTCACGAAACCT,0
GTAATTCAGATCCACA,0
GTAATTCCAAACATGG,0
GTAATTCCACTGGTTC,0
GTAATTCCAGATGAAT,0
GTAATTCCTATTAAGG,0
GTAATTCTATAAGCGT,0
GTAATTCTCCCATCCC,0
GTAATTGCGATCAGAG,0
GTAATTTCGGGACATA,0
GTAATTTCGTCAGCCA,0
GTAATTTCTATAGCCC,0
GTAATTTCTCTCAGAT,0
GTAATTTGTAAATTGG,0
GTAATTTTAGACCTAA,0
GTAATTTTTCACCATT,0
GTACAAAAAAACCATA,0
GTACAAAACGATACAA,0
GTACAAAAGACCATAT,0
GTACAAAATAATTATG,0
GTACAAAATATATTGC,0
GTACAAAATTTTTTTT,0
GTACAAACGAAACACT,0
GTACAAACTTATGATT,0
GTACAAAGTAAGGACC,0
GTACAAATCAAGACTA,0
GTACAAATCTGACAAA,0
GTACAAATCTTTCCGT,0
GTACAACCATATAAGA,0
GTACAACCCTGTCTTA,0
GTACAACTAAAAACCG,0
GTACAACTAAAGTCAC,0
GTACAACTAGCTCCCA,0
GTACAAGAATCCCGCA,0
GTACAAGCATGCAGGA,0
GTACAAGGGGACAAGA,0
GTACAATCACTAAAAA,0
GTACAATCTTACATAG,0
GTACAATGCATATAAT,0
GTACAATGCTGCCCTA,0
GTACAATTCAAAAACT,0
GTACACAAAAATCCAG,0
GTACACAGAATAAGAA,0
GTACACATGATCGGTG,0
GTACACATTACCGCTC,0
GTACACCAAAAGAAAT,0
GTACACCACACTAGTC,0
GTACACCCAGAAGTAC,0
GTACACCCGCGCTCCG,0
GTACACCCTCTTAACA,0
GTACACCCTTGACCGT,0
GTACACGGATGCTAAT,0
GTACACGTATACTAAC,0
GTACACGTGGAACTAT,0
GTACACGTGGAGCCAA,0
GTACACTAGGAACCCT,0
GTACACTCAGAATATA,0
GTACACTGATTGCTTT,0
GTACACTTGTGGCACT,0
GTACAGAAAGTAAACA,0
GTACAGAGATAACATT,0
GTACAGAGGTCACAAC,0
GTACAGATTAAGTATC,0
GTACAGCAGTGGCTTA,0
GTACAGCTGTGTCATT,0
GTACAGGTTAAAGAGC,0
GTACAGGTTAGACTCT,0
GTACATAAAGCAATGA,0
GTACATAATTACAATA,0
GTACATAGTGCAGTTC,0
GTACATATATGTAAAA,0
GTACATCAAACCTGGA,0
GTACATCACCACTACA,0
GTACATCATTGCCGAA,0
GTACATCCGAATCAAA,0
GTACATGACGATGTCG,0
GTACATTAAGTGTATT,0
GTACATTACTCCAAAA,0
GTACATTCCCGTTTCG,0
GTACATTCCTAATAAA,0
GTACATTTAGTTCCAG,0
GTACCAAAAACCGAGC,0
GTACCAAAACAGAAAC,0
GTACCAAAATGCTCTG,0
GTACCAAACAATTGGC,0
GTACCAAACATCCAAG,0
GTACCAAATGGGCCTG,0
GTACCAAGAAACCCGA,0
GTACCAAGAACCTAAG,0
GTACCAAGCTCCTAAT,0
GTACCAATAAGGTAAT,0
GTACCAATGATTATTT,0
GTACCACAATCTTTCA,0
GTACCACAGATACGCA,0
GTACCACATTATGACA,0
GTACCACCACGGAAGA,0
GTACCACCCGATAATG,0
GTACCACGACGATAGG,0
GTACCAGAAAATACAC,0
GTACCAGAGTACTTAC,0
GTACCAGGATCTTATT,0
GTACCAGTAAACGTCG,0
GTACCATACGTCTGAA,0
GTACCATAGCAATCGG,0
GTACCCAGTTTCGACA,0
GTACCCATAATAATAT,0
GTACCCATCCATCAGA,0
GTACCCCATCCTAAAT,0
GTACCCCATGATAGGA,0
GTACCCCTTGTCATAC,0
GTACCCCTTTTATGTG,0
GTACCCGTACATTCAT,0
GTACCCGTAGAAAACA,0
GTACCCGTAGAGTGAG,0
GTACCCTAAAATGGCC,0
GTACCCTTCCGTACTT,0
GTACCGAACACCTGTA,0
GTACCGAAGCTCATAC,0
GTACCGCAGAGCCAAA,0
GTACCGCGTTAATATG,0
GTACCGCTCATATTCC,0
GTACCGGCATTATACC,0
GTACCGTTAAAAACTA,0
GTACCTAAACCCCCAG,0
GTACCTAAAGCTGTAT,0
GTACCTAAGGAGGGTG,0
GTACCTAATAGGCACT,0
GTACCTAGATCTCGCT,0
GTACCTCAATGGCTAT,0
GTACCTCCGAATTTGA,0
GTACCTCGCAACTTTG,0
GTACCTCGCATTACAT,0
GTACCTCTCCAGTAAT,0
GTACCTCTCTAATAAA,0
GTACCTGAAAAGTCGC,0
GTACCTGAATCATAAA,0
GTACCTGTTGGCATAG,0
GTACCTTACAGTCAAA,0
GTACCTTAGTAGTACT,0
GTACCTTCGCACAAAC,0
GTACCTTGTAATAGGT,0
GTACGAAAAATCAGTA,0
GTACGAAAACGATATG,0
GTACGAAAAGACCCAT,0
GTACGAAACAGCTCTC,0
GTACGAAGTACATTAC,0
GTACGAATATTGTGAA,0
GTACGACGCGATACTA,0
GTACGACTGAATGCAG,0
GTACGAGAATAGCATT,0
GTACGAGGCACGAACT,0
GTACGAGGTTCCGTTG,0
GTACGATGGCCAACTT,0
GTACGATTACATAAGA,0
GTACGCAACAATAAAA,0
GTACGCAGGGGCCACC,0
GTACGCCACTGAGAAA,0
GTACGCCCGGCTGACA,0
GTACGCGAGGCAGATT,0
GTACGCGCAAAAAAAC,0
GTACGCGTCATACGCG,0
GTACGGAACGTAAGTA,0
GTACGGATCAACGAAC,0
GTACGGCACCCAACGC,0
GTACGGCTGCCAGTAC,0
GTACGGGGGTTAAATG,0
GTACGGTAAATAGTCG,0
GTACGGTCTCTTTGCC,0
GTACGGTGAATAATTT,0
GTACGGTTAAGACAAA,0
GTACGTAAACTTTCAA,0
GTACGTACGTCATATG,0
GTACGTACGTTACTTT,0
GTACGTATCAAGCAAC,0
GTACGTCAACTAAGCT,0
GTACGTTCTGATTCCA,0
GTACGTTTAATTGCAT,0
GTACTAAAGAGTCCAC,0
GTACTACAGACCAAAG,0
GTACTACATCATCGTA,0
GTACTACCGACAATTG,0
GTACTACCGACAGCAT,0
GTACTACCGTTACAAA,0
GTACTACCTATCTCTT,0
GTACTACTGCTCCTCT,0
GTACTAGAGGAAGTTT,0
GTACTAGTTTAACATA,0
GTACTATAAATAATAC,0
GTACTATACTTCGTCT,0
GTACTATCGCCTCTAA,0
GTACTCAACCCCGCAA,0
GTACTCAACTCCTAAG,0
GTACTCACGCTTCAAT,0
GTACTCCGAAATCGAA,0
GTACTCCTGAAAACTG,0
GTACTCGTATACTAAA,0
GTACTCTAATACTCTC,0
GTACTCTAGGTCAAGA,0
GTACTCTATAACACCA,0
GTACTGCAGACATATG,0
GTACTGCCATCCTTAT,0
GTACTGCTATTTACTT,0
GTACTGTATAACTCAA,0
GTACTGTATCGTGTGG,0
GTACTTAAAAACCTAA,0
GTACTTAGGTTCAAAA,0
GTACTTATGATGGAAC,0
GTACTTCAGAGCAAAA,0
GTACTTCCTAAAAAAA,0
GTACTTCTCAAGCTTT,0
GTACTTGCAAATCACG,0
GTACTTTAGGCCGAAC,0
GTACTTTTGTTGATAG,0
GTAGAAAAACTTTACC,0
GTAGAAAACGTAACCG,0
GTAGAAAATGGCCGAA,0
GTAGAAACACATTTGG,0
GTAGAAACGATATCCT,0
GTAGAAAGATAGTAAT,0
GTAGAAAGATGACATA,0
GTAGAAATCCAAGTCT,0
GTAGAAATTCACGGAA,0
GTAGAAATTTGCTAAA,0
GTAGAACAAACCTCTC,0
GTAGAACTAGGTATAC,0
GTAGAACTATACGACC,0
GTAGAACTATCTCAGC,0
GTAGAACTGAAAGCTC,0
GTAGAAGAGCTTAGCA,0
GTAGAAGGCCGCTATT,0
GTAGAAGGGTAACAAA,0
GTAGAAGTCACAAGGC,0
GTAGAAGTCGGTTAGT,0
GTAGAATACATAAATT,0
GTAGAATGACTGTATT,0
GTAGAATGTGGTTAAT,0
GTAGAATTACGGCTCA,0
GTAGAATTAGATGCCA,0
GTAGAATTGATGAAGT,0
GTAGACAATCACCGTC,0
GTAGACCTACAACAAT,0
GTAGACTAGGCATGGT,0
GTAGACTTCAGGAAGG,0
GTAGAGAATCGCCAAA,0
GTAGAGACTAACTGTT,0
GTAGAGATGCTCCTAC,0
GTAGAGCCAAGCACTG,0
GTAGAGCCTATACGAG,0
GTAGAGCTGAGTATGA,0
GTAGAGGCACGCGTTC,0
GTAGAGGCTACCTAAA,0
GTAGAGTAAGAAATAA,0
GTAGAGTGAAATGATT,0
GTAGAGTGACAAAACA,0
GTAGAGTGGACTGATT,0
GTAGAGTTATTAAAAA,0
GTAGAGTTTGATACAA,0
GTAGATAAAACACCGC,0
GTAGATAAAAGGAATC,0
GTAGATAACTATAGCA,0
GTAGATAATTTCAGGC,0
GTAGATACTTATAATT,0
GTAGATAGTAAGACGC,0
GTAGATAGTCCGGTAA,0
GTAGATATAAATCGAC,0
GTAGATATACAAAACA,0
GTAGATGAAACTTCGG,0
GTAGATGCCAGAATAA,0
GTAGATGCGCAAGAGG,0
GTAGATTATAGTTAAC,0
GTAGATTGCATTCGTA,0
GTAGATTGGCGAGGTG,0
GTAGATTTAAAAAACG,0
GTAGATTTAAAAACAT,0
GTAGCAATAGACTGAG,0
GTAGCACACATACTGA,0
GTAGCACCGTAACTGT,0
GTAGCACGAGGTATTC,0
GTAGCACTACAGACAG,0
GTAGCAGAATGCCAAC,0
GTAGCAGGATATTGGA,0
GTAGCAGGTCCCAAAC,0
GTAGCATGTATCTAGT,0
GTAGCCACTTAGAAAA,0
GTAGCCATGTCGCTAC,0
GTAGCCCGGCTAGGCC,0
GTAGCCCTTAGATCTG,0
GTAGCCGAACCAACAG,0
GTAGCCGAACGTAGAC,0
GTAGCCGTGAAACCCA,0
GTAGCCTAAATGCTAA,0
GTAGCCTAGAACGGTG,0
GTAGCCTAGGTACGAT,0
GTAGCCTATAATTTTC,0
GTAGCCTCTTTAGAAA,0
GTAGCCTTTACCCCGA,0
GTAGCGACAAGATGGG,0
GTAGCGAGCTACGCAG,0
GTAGCGATAATTAATG,0
GTAGCGTAAGCATAAG,0
GTAGCTAAACATATTA,0
GTAGCTAACGGGTTTA,0
GTAGCTAATACCCGAG,0
GTAGCTATAAAGAGTT,0
GTAGCTATACTAGTGC,0
GTAGCTATATTCTTAA,0
GTAGCTATTTTTACTA,0
GTAGCTCGGTGTCTCG,0
GTAGCTCGTCTAAATA,0
GTAGCTGCGAATCCAA,0
GTAGCTTAACAATGCT,0
GTAGCTTAATCGAATT,0
GTAGCTTGATTTCCAC,0
GTAGGAACCGAGTGAA,0
GTAGGAATGATTTGTG,0
GTAGGACCATTGGCCA,0
GTAGGATAAGTACGAT,0
GTAGGCAGGCTGAGTA,0
GTAGGCATCCTGGCCC,0
GTAGGCCACTAATCCC,0
GTAGGCCGGATTAGAA,0
GTAGGCTCCCCCAAAT,0
GTAGGGTCTTATATAC,0
GTAGGTACCCTCCCAT,0
GTAGGTAGTTAACACA,0
GTAGGTATCGAATTTA,0
GTAGGTATGATTTGCT,0
GTAGGTATTACATCCA,0
GTAGGTATTTGAAATT,0
GTAGGTCCTTTTGAAT,0
GTAGGTGGGAAACCAT,0
GTAGGTTAAATATAGA,0
GTAGGTTAATATCAAA,0
GTAGGTTCGCCCCGAC,0
GTAGGTTGAACGTCTA,0
GTAGTAAACACCAAAG,0
GTAGTAACCAACCATA,0
GTAGTAACCTCCATGA,0
GTAGTAATTAAGAACA,0
GTAGTACAATATGCAT,0
GTAGTACAATCTCGGT,0
GTAGTACCCCCAGTGA,0
GTAGTACCTTAAAAAT,0
GTAGTAGCAACCCAAA,0
GTAGTAGGTCTTCATA,0
GTAGTAGGTTAGACCA,0
GTAGTAGTCGGAAAAA,0
GTAGTATAAGTTCTAT,0
GTAGTATCGTATTTAC,0
GTAGTCACGATATGTC,0
GTAGTCACTGCAGACA,0
GTAGTCAGAAGCGAGT,0
GTAGTCAGAAGGTTCT,0
GTAGTCCAAGACAAAG,0
GTAGTCCCGCGCATTA,0
GTAGTCGCGCTAGCAT,0
GTAGTCTAACAGGCCT,0
GTAGTCTATACGGACA,0
GTAGTCTGACGAATCT,0
GTAGTCTGTCAAAAAA,0
GTAGTGAATAGAAGAA,0
GTAGTGACAAAGAACT,0
GTAGTGCCAGAACGGC,0
GTAGTGGAATAGTGCT,0
GTAGTGGAGTTGCCCC,0
GTAGTGTACTCAAATT,0
GTAGTGTCCAATGTCT,0
GTAGTGTTCTACGAAG,0
GTAGTTATATAAAAAT,0
GTAGTTATCACCTACA,0
GTAGTTCAATTGCCTA,0
GTAGTTCATAAGACGC,0
GTAGTTCTTGGCAGCG,0
GTAGTTGACACAGAGA,0
GTAGTTGCAAACACTG,0
GTAGTTGGACGAGTCT,0
GTAGTTGGGCCCACGA,0
GTAGTTTCATTCACTT,0
GTATAAAAAACACTTT,0
GTATAAACCTCTCATG,0
GTATAAACTAAGCTCA,0
GTATAAACTAAGTTAG,0
GTATAAACTCCCAATA,0
GTATAAAGATAGAATA,0
GTATAAATACATAGTA,0
GTATAAATCAAAACTG,0
GTATAAATTCGGTACA,0
GTATAACAAGAAGTGA,0
GTATAACAGTCAAAAA,0
GTATAACATGCAAAAT,0
GTATAACCTGCTTAAT,0
GTATAACGACGATAGA,0
GTATAACGTTACAAAA,0
GTATAACTACTGAAAC,0
GTATAACTATCGCAGT,0
GTATAAGCATGACACA,0
GTATAAGTGAATGTAT,0
GTATAATAAGGTCGCG,0
GTATAATCATTAAGAC,0
GTATAATGAGACGCAG,0
GTATAATTACGAATCC,0
GTATAATTCCAAATCT,0
GTATAATTCTCCACTT,0
GTATACAAAAAATACA,0
GTATACAACACATTCC,0
GTATACAATACAGACA,0
GTATACAGCGAGTCCG,0
GTATACATTGGTAGTA,0
GTATACCACGGGGAAA,0
GTATACCAGTTCAGTG,0
GTATACCCAAAGAGTA,0
GTATACCCCCAACTGG,0
GTATACCTTTTTCTAC,0
GTATACGGAATACAAT,0
GTATACGGACCAAAAC,0
GTATACTAAAATAGGA,0
GTATACTAAATTTCAA,0
GTATACTAATCAATTT,0
GTATACTCTACAACAA,0
GTATAGAAGCACAAAG,0
GTATAGAATTGACAGA,0
GTATAGACAACAGTAA,0
GTATAGACCATAATAC,0
GTATAGAGCAGCCTTG,0
GTATAGAGCGAGAACG,0
GTATAGATAATTAAGA,0
GTATAGATTATACTAG,0
GTATAGATTGAGGGAG,0
GTATAGCAGATACCAA,0
GTATAGCGATGGTGAG,0
GTATAGCTACGCAAGA,0
GTATAGGTAATTCGTT,0
GTATAGGTGAAAATGC,0
GTATAGTGAAGCTCTG,0
GTATAGTGAGCGTGAG,0
GTATAGTGTGATACAA,0
GTATATAAAAACACTG,0
GTATATAACTTCCAGG,0
GTATATAAGACTACGC,0
GTATATAATGCCAAAG,0
GTATATACACAGTCCC,0
GTATATACCATTACGA,0
GTATATATAGCAGGTA,0
GTATATATCTACTATT,0
GTATATCAAAACACAT,0
GTATATCATAAAACCG,0
GTATATCCAATAACCT,0
GTATATCGAGCTAAGC,0
GTATATCGATCTAATG,0
GTATATCGGATAACAG,0
GTATATGACAAGTAAA,0
GTATATGATCACTCCT,0
GTATATGTATTGCGAT,0
GTATATTAGTGAATGA,0
GTATATTAGTTTCTCG,0
GTATATTCCCTTGACC,0
GTATATTCGTCTATCT,0
GTATATTGATACAAGT,0
GTATATTTCAATAGAA,0
GTATCAAACAGCAAGT,0
GTATCAACACCCGTAA,0
GTATCAACTTAAGATT,0
GTATCACCATTAAGTT,0
GTATCACCTCACCAAT,0
GTATCACGCCTACAAA,0
GTATCACGGCTTTTCA,0
GTATCACTGCATTGCA,0
GTATCAGAGAGCCTGA,0
GTATCAGCCTTTTGGT,0
GTATCAGCTAAGAAAC,0
GTATCATAACTAAGTT,0
GTATCATAACTTGAAA,0
GTATCATCAAGTTAAT,0
GTATCATGCTAACTTG,0
GTATCCATCCCAGTAG,0
GTATCCCAAAAGGCAC,0
GTATCCCAAATATACC,0
GTATCCCCTAAACTAT,0
GTATCCCGAAGCTTTA,0
GTATCCCGTTAAACAT,0
GTATCCCTGTAATGCC,0
GTATCCGCACGAGTAC,0
GTATCCTCACAAACCG,0
GTATCGAAACTACTAG,0
GTATCGAAAGCTGTAA,0
GTATCGAAATATACTA,0
GTATCGAGAAATAAAC,0
GTATCGAGACACGGGG,0
GTATCGAGGGTCAAAG,0
GTATCGATCAGAGGTA,0
GTATCGATGAATACTG,0
GTATCGCATCTGGATA,0
GTATCGCTTGCCAAAA,0
GTATCGGAAATAACTT,0
GTATCGTTAACAGTGC,0
GTATCGTTAGATTAAA,0
GTATCTAAAAGTCCTA,0
GTATCTAAATACGCAA,0
GTATCTAGCCTTAGTA,0
GTATCTATACTAAAAT,0
GTATCTCCAAGAATCG,0
GTATCTCCCCATGAAA,0
GTATCTCCTATTTATC,0
GTATCTCGTAAGTAAC,0
GTATCTGGTGTAAACA,0
GTATCTGTAAAAATCG,0
GTATCTTAAATAAGAT,0
GTATCTTAAATCTCGC,0
GTATCTTAACACTACC,0
GTATCTTACCTCCAGG,0
GTATCTTCAAAGCTCA,0
GTATCTTCAATGAACT,0
GTATCTTGAGGCTTTA,0
GTATCTTTAAATGAAA,0
GTATCTTTACCATTGA,0
GTATGAAAACAATCTT,0
GTATGAAAATGAAAAA,0
GTATGAAAGCCCCACA,0
GTATGAAGCTATGCAA,0
GTATGAATACGCTTTA,0
GTATGACGTTATTAAA,0
GTATGAGGACACTTCT,0
GTATGAGTATCTCCCT,0
GTATGATACAAGTCGC,0
GTATGATACGAGCCAC,0
GTATGATGTCCGACAA,0
GTATGATTGTGATAAT,0
GTATGCAAAAATATTT,0
GTATGCACCACCCCAC,0
GTATGCAGTAGGCACA,0
GTATGCATTTACAATC,0
GTATGCCCAATTCATG,0
GTATGCCTCTATAAGT,0
GTATGCGAGGTAGTAA,0
GTATGGACAGAAGGAC,0
GTATGGGCTCCGTGTT,0
GTATGGGTATAGTAGC,0
GTATGTACAATCAGCG,0
GTATGTACTTGAAACA,0
GTATGTATCTATATCA,0
GTATGTCAAAGCCTCT,0
GTATGTCAGTTGGACC,0
GTATGTCTGTACACTA,0
GTATGTGAAAACATAA,0
GTATGTGTTAAATACT,0
GTATGTTACTCTAGAA,0
GTATTAAAAAGTATAA,0
GTATTAACAAGCATTA,0
GTATTAAGAGAAGTTA,0
GTATTAAGTGACCTGG,0
GTATTAATAGCCTGAC,0
GTATTACAGAACAATA,0
GTATTACAGCTGCTGG,0
GTATTACCAAGCGAAA,0
GTATTACCAGCAAAAG,0
GTATTACCCATCTTAG,0
GTATTACCCGTCAACC,0
GTATTACTCTCCCAAT,0
GTATTAGAGGTTAGCT,0
GTATTAGCTGGTATAC,0
GTATTATATTTACCAC,0
GTATTATGAAAGAAGC,0
GTATTATGGAAAAAGC,0
GTATTATTAACAATGC,0
GTATTATTATTACACG,0
GTATTATTCTAGACAA,0
GTATTATTTCAAGAAA,0
GTATTCAAAACTACCT,0
GTATTCAACACTAAAG,0
GTATTCATCCCATTGA,0
GTATTCATGGGTCATA,0
GTATTCCAGCACTGTT,0
GTATTCCGAGGAATAT,0
GTATTCCTGTTTATAA,0
GTATTCGCGATAAGAT,0
GTATTCGGATCGCGCA,0
GTATTCGTCAACAAGC,0
GTATTCTCCACAAACA,0
GTATTCTCGAAAACTC,0
GTATTCTGTATTGCTT,0
GTATTGAAAGGTCCTT,0
GTATTGAACACGACTG,0
GTATTGACATAAACCT,0
GTATTGAGATAAAATA,0
GTATTGAGTTCCCAAT,0
GTATTGATATTTCCTT,0
GTATTGCAATAAGTAA,0
GTATTGCATAGACTCC,0
GTATTGCATGCTCTCG,0
GTATTGCATGTTCTCG,0
GTATTGCCAAACTAGA,0
GTATTGCCCTCAGCAG,0
GTATTGTATTGGGCCT,0
GTATTGTCGTTAAGCA,0
GTATTTAATAGTAATT,0
GTATTTAATTTTGACC,0
GTATTTACCTGGAAGA,0
GTATTTACGAAATGAC,0
GTATTTACTAAAGACC,0
GTATTTAGACTAGCTT,0
GTATTTCAATGTTAGA,0
GTATTTCATATAGGAG,0
GTATTTCATTACAGGC,0
GTATTTCTAGAGCATT,0
GTATTTGAATAAGCTA,0
GTATTTTAGGTTCGCA,0
GTATTTTATCAAATAG,0
GTCAAAAATTGACGAT,0
GTCAAAACATGACCTC,0
GTCAAAACTATCAATC,0
GTCAAAAGCCATGTAA,0
GTCAAAAGGGGAAGGT,0
GTCAAAATGAATCTCA,0
GTCAAACAACGTCGAA,0
GTCAAACAAGTAATAC,0
GTCAAACCCAAAGCAG,0
GTCAAACCGAAGAGAA,0
GTCAAACCGGAAAGTA,0
GTCAAACCTTATCTTT,0
GTCAAACTATAAGCAC,0
GTCAAAGAAACGCACT,0
GTCAAAGAACTCTAAA,0
GTCAAAGAGATAGCAC,0
GTCAAAGCAACCGAAA,0
GTCAAAGCCTATTGGT,0
GTCAAAGTACCTTTAT,0
GTCAAATACACCGATG,0
GTCAAATACATTACAT,0
GTCAAATCACCGAAGT,0
GTCAAATCAGTCCCCT,0
GTCAAATGCATAGCCG,0
GTCAAATGTCACAACA,0
GTCAAATGTTACTCAC,0
GTCAAATTCTTCTAAC,0
GTCAACAAAAACGTGA,0
GTCAACAAAAATAACA,0
GTCAACAAACACTTAA,0
GTCAACAAATGCGGTT,0
GTCAACAAGTTATTGC,0
GTCAACACAAACCAAA,0
GTCAACAGGAATCATA,0
GTCAACATAACATAAT,0
GTCAACCAATATAATT,0
GTCAACCACACTATCG,0
GTCAACCGTCTAAGCA,0
GTCAACGATAAAAAAA,0
GTCAACGTTAACAAAA,0
GTCAACTTTCGAACAA,0
GTCAAGAGTATATATT,0
GTCAAGATCTAGTTAC,0
GTCAAGATCTCGCGAT,0
GTCAAGCCTCGCTTAG,0
GTCAAGCGACTAACTT,0
GTCAAGGCAGGCAGGT,0
GTCAAGTATCCAAAAG,0
GTCAAGTCCAAACAAG,0
GTCAAGTGTATAAAGC,0
GTCAATAAGCATACCA,0
GTCAATAGAAAACGTC,0
GTCAATATTGGCAAAA,0
GTCAATCACGTTGAAA,0
GTCAATCAGAACGGAA,0
GTCAATCATACACATG,0
GTCAATCATGGTACGG,0
GTCAATCCTAATATAG,0
GTCAATCGGGTCTCAA,0
GTCAATCGTACCAGTG,0
GTCAATTATAAGAAGT,0
GTCAATTTGGTTTAAA,0
GTCACAAATAATACTC,0
GTCACAAATGATTTAA,0
GTCACAAGCAACGCCC,0
GTCACAAGGGGCGAGT,0
GTCACAATATTCTCCT,0
GTCACAATGAACGTTT,0
GTCACAATGACAATTA,0
GTCACACATATCGGCT,0
GTCACACGTGGACTAA,0
GTCACAGACCGGGTAA,0
GTCACAGAGTCTGGAA,0
GTCACAGTTAAAATCA,0
GTCACATAATAGAATA,0
GTCACATAGAAAGTTA,0
GTCACATATACCAATA,0
GTCACATATCCTCCTA,0
GTCACATCTGTCAGTC,0
GTCACCAGACCGTGCA,0
GTCACCAGTTACCATA,0
GTCACCATAAGAATAT,0
GTCACCCAACATTCAA,0
GTCACCCAAGAGACGG,0
GTCACCCGGAAGTCGT,0
GTCACCCTCGAGCTAA,0
GTCACCGCCCTCCTGA,0
GTCACCGGAAATCGTT,0
GTCACCGGCAACAATC,0
GTCACCTCGCTTAAGC,0
GTCACGAAAAAAAGCT,0
GTCACGAAAGCGGAAG,0
GTCACGACAATGATTC,0
GTCACGACGGATGTAA,0
GTCACGAGCTTTCAGA,0
GTCACGATTGTATACG,0
GTCACGCATATTATTA,0
GTCACTAAGTACAAAA,0
GTCACTACAAAAGCCT,0
GTCACTACCAAAACGA,0
GTCACTACCCAACCAT,0
GTCACTACGTTACCAG,0
GTCACTCCGCGACCTA,0
GTCACTCTCAGTAAAA,0
GTCACTCTCGATCAAT,0
GTCACTGCACTAATTA,0
GTCACTGGAACAACGA,0
GTCACTGTATAAAAAT,0
GTCACTGTGAGGTAGT,0
GTCACTTCTACTATTT,0
GTCACTTCTTATAACT,0
GTCAGAAAAAAAAAAG,0
GTCAGAAACGTTAACA,0
GTCAGAAAGGTACCAC,0
GTCAGAAGAAAAACTT,0
GTCAGAATATCTCTCT,0
GTCAGACGCGAAATGC,0
GTCAGACTTAATGAGA,0
GTCAGAGCAAATTTGC,0
GTCAGAGCTGTTGACA,0
GTCAGAGGTACAACAC,0
GTCAGAGTATGCATAG,0
GTCAGAGTCTTGGATA,0
GTCAGATTCTACCCAG,0
GTCAGATTGCGTGGAA,0
GTCAGATTTGGTAGAT,0
GTCAGCAATGAAATGG,0
GTCAGCAATTTAACTC,0
GTCAGCAGAATAGATA,0
GTCAGCCTAACTCACT,0
GTCAGCCTACCTTAAC,0
GTCAGCGCTCTGGTCG,0
GTCAGCTAATTTCTAA,0
GTCAGCTCATAAACAA,0
GTCAGCTTAAAGCTAA,0
GTCAGGCCACGTATAC,0
GTCAGGCCCACAGAAA,0
GTCAGGGATTCTGAAA,0
GTCAGTATCCCTAACC,0
GTCAGTCAACGAAATG,0
GTCAGTCCTTGGCAGA,0
GTCATAAACAGAATAG,0
GTCATAAAGCGGGATC,0
GTCATAAAGTACTATA,0
GTCATAACTACGCAGA,0
GTCATAAGAATGCAAG,0
GTCATAATAAAACGAG,0
GTCATAATTCAATTCT,0
GTCATACTGTACATCT,0
GTCATAGACCGAACGG,0
GTCATAGATTCTATCA,0
GTCATAGCGGACAATC,0
GTCATATAAAGATTAG,0
GTCATATAGTAGACAA,0
GTCATATCAATCTAGC,0
GTCATCAAACAGAAGT,0
GTCATCAAAGAGTAAA,0
GTCATCAAGCAAAAGG,0
GTCATCACACCGCCAT,0
GTCATCACTTGAATAG,0
GTCATCATCCTTAATA,0
GTCATCATGAAGCAAC,0
GTCATCCGAACCAAAT,0
GTCATCCGCGCTGATC,0
GTCATCTAAAACGGAG,0
GTCATCTATCGCCTAT,0
GTCATCTTATGCTTTA,0
GTCATGAACTAGAATA,0
GTCATGAGCAGGTTAT,0
GTCATGCATAAATTTT,0
GTCATGCCGGCAACTC,0
GTCATGCGACAATGAA,0
GTCATGCTGTCGTTCC,0
GTCATGGACATAAAAA,0
GTCATGGCAATGGTAC,0
GTCATGGTATTTCGGT,0
GTCATGTTTTCAACGA,0
GTCATTAATATCCCTT,0
GTCATTACCGCAAGCG,0
GTCATTAGACCTAATT,0
GTCATTCAAAGTAGAG,0
GTCATTCTATTCTCTG,0
GTCATTGGCAGCTTCT,0
GTCATTGTTCCTACGC,0
GTCATTTACACAGCCT,0
GTCATTTACGGCCCGC,0
GTCATTTTCCATGGTT,0
GTCCAAAAAAGTAGCG,0
GTCCAAAACTAATTGA,0
GTCCAAAAGACCGAAA,0
GTCCAAAGAAAAGTAA,0
GTCCAAATCCAGAGTC,0
GTCCAAATCCCAAATA,0
GTCCAACAAATTCTAA,0
GTCCAACACAAAATCT,0
GTCCAACATAATTAGT,0
GTCCAACGACAAAACC,0
GTCCAACGTCTAGCGC,0
GTCCAACTACTGTCGA,0
GTCCAAGATATATTTC,0
GTCCAAGGACCTTAGA,0
GTCCAAGGTGAGTACA,0
GTCCAATATGAGAAAA,0
GTCCAATTTGTCATCC,0
GTCCACAAACAAGATT,0
GTCCACAGTTATGATG,0
GTCCACTGCACATTGT,0
GTCCAGAGAGGCGGAC,0
GTCCAGCGGGTTCGCT,0
GTCCAGGTCCGAGTTA,0
GTCCAGTATAACTCAC,0
GTCCATAAATATTTCA,0
GTCCATAACATACTTG,0
GTCCATAACTGAGAAG,0
GTCCATAGTATACAAC,0
GTCCATATCATTTTGA,0
GTCCATCACACTCCCT,0
GTCCATCATGACTCGC,0
GTCCATCTAGTAGAGA,0
GTCCATGAGCGTAATT,0
GTCCATGCCAAAACAG,0
GTCCATTATGGAGACA,0
GTCCATTGTCTTAAAA,0
GTCCATTTGTATAATT,0
GTCCCAACCCCTTGAT,0
GTCCCAACTCAGCGAC,0
GTCCCAAGAAACATCG,0
GTCCCAATGATTTTAT,0
GTCCCAATGCAGCTTT,0
GTCCCACAGTACCAAA,0
GTCCCACCCAAACGAC,0
GTCCCACCGTTGTCCA,0
GTCCCACTGACCACCG,0
GTCCCAGTAGGTGGTA,0
GTCCCAGTCAAGAATA,0
GTCCCATACATACTTA,0
GTCCCATACGGATCAA,0
GTCCCATCTCAATACG,0
GTCCCCCAGTCCAAAA,0
GTCCCCCATCGAGAAA,0
GTCCCCCTGCCCTTAA,0
GTCCCCGCACCTACAT,0
GTCCCCGCTGTTTTCT,0
GTCCCCTGAAACGGGC,0
GTCCCCTGACTCTATC,0
GTCCCGACAAGACCTG,0
GTCCCGATGCACAATA,0
GTCCCGCATTAAATAT,0
GTCCCGGTAAAAGTAA,0
GTCCCGTACTATAGTT,0
GTCCCTAACCCCGCAA,0
GTCCCTACCAATTACC,0
GTCCCTAGAATAATGA,0
GTCCCTCCCCAGAGTT,0
GTCCCTCCCCAGGCGC,0
GTCCCTCGTCATCGGC,0
GTCCCTCTAAAACGAG,0
GTCCCTCTATTACACC,0
GTCCCTGAAATATTAT,0
GTCCCTGACCGGTAAT,0
GTCCCTGACGGGGACG,0
GTCCCTGGAATCAAAT,0
GTCCCTGGATAAATAC,0
GTCCCTGTGTACAAAA,0
GTCCCTTCAGAGGTAG,0
GTCCGAAACCAAAATA,0
GTCCGAAATAGCAGAA,0
GTCCGAAATTCCAGTA,0
GTCCGAAGACAGAACT,0
GTCCGAAGTACCCTGC,0
GTCCGACTACGGTCGC,0
GTCCGACTCTAATCAG,0
GTCCGCACTATCGACT,0
GTCCGCGACAAATCAA,0
GTCCGCGGACAAGCTC,0
GTCCGCTCCTCAAACT,0
GTCCGGAAGAAATACA,0
GTCCGGCAAAATGCCA,0
GTCCGGCAACCCATAG,0
GTCCGGCAGAATCGGA,0
GTCCGGTGCGTAAGAT,0
GTCCGGTTCGTACTAC,0
GTCCGTACAATTTAAC,0
GTCCGTCAGACCTTGT,0
GTCCGTCTATCACAAA,0
GTCCGTTAGACACCAT,0
GTCCTAAAATGGTACA,0
GTCCTAAATTGAGTCA,0
GTCCTAACATAATTCT,0
GTCCTAACCGTACTGA,0
GTCCTAATGGAAAAAA,0
GTCCTAATGGTTCAAA,0
GTCCTAATTACGCGAG,0
GTCCTACCTGAAGTAG,0
GTCCTACCTTGAGGGG,0
GTCCTACTCACAGGAA,0
GTCCTACTCCTATTAC,0
GTCCTAGACCCACGAT,0
GTCCTATCCATATTTA,0
GTCCTATGTATGGATA,0
GTCCTATTAAAACAGA,0
GTCCTCAACAAACGAA,0
GTCCTCAGATAGAGTC,0
GTCCTCAGGTGTAAGC,0
GTCCTCATTGAATTGG,0
GTCCTCGATCCCTCTT,0
GTCCTCGCAAAAAAAT,0
GTCCTCTCTTATAATT,0
GTCCTGAAAACACTAT,0
GTCCTGAAGACAACAA,0
GTCCTGAAGTATTCCG,0
GTCCTGACGAAAGATC,0
GTCCTGACTGAGGTAC,0
GTCCTGCTTAACCGAA,0
GTCCTGGCACGCCGGA,0
GTCCTGGTTAAGACTT,0
GTCCTTAGCCTTAAAT,0
GTCCTTATACCCGTAA,0
GTCCTTATTCTTCGAA,0
GTCCTTCTTAGATACC,0
GTCCTTTAATCTTACT,0
GTCCTTTAGGATATCG,0
GTCCTTTCCTCATTGC,0
GTCCTTTGTTCAGATA,0
GTCGAAACAAGAAAAA,0
GTCGAAACATATAGTA,0
GTCGAAACCCTGTCTA,0
GTCGAAAGATTATACA,0
GTCGAAAGCATTTAAG,0
GTCGAAAGCGTCTTAA,0
GTCGAAATTCCTTCTT,0
GTCGAACAAGGACACA,0
GTCGAACAGGGTATTA,0
GTCGAACCCACAATAA,0
GTCGAACCTAGTGTTT,0
GTCGAACGTTACGTGA,0
GTCGAAGAATCGCATA,0
GTCGAAGACACATACT,0
GTCGAAGGATCATAAA,0
GTCGACAAATTATAAA,0
GTCGACAACATTAACA,0
GTCGACATTCATGAGT,0
GTCGACCTCCCTCCGT,0
GTCGACGGTGTCAAAA,0
GTCGACTAACGACATT,0
GTCGACTGGTGAATTA,0
GTCGACTTTAAGAGAT,0
GTCGAGAATAACACCT,0
GTCGAGATTATAAAAG,0
GTCGAGCAAGTACTGC,0
GTCGAGTACAGTTATA,0
GTCGAGTCTTACTTAT,0
GTCGAGTTGTCTAATT,0
GTCGATAAACAAATAG,0
GTCGATATAAATTACG,0
GTCGATGCTATTTTAA,0
GTCGATGTATGTATCT,0
GTCGATTATTAGGGCA,0
GTCGATTGGCTCCACA,0
GTCGATTTAACAACAA,0
GTCGCAAAATAGAAAA,0
GTCGCAAACATAGGTT,0
GTCGCAAACGTGCACA,0
GTCGCAACGTAAAAGA,0
GTCGCAACTCTCATAC,0
GTCGCAACTCTTGCCT,0
GTCGCAATAGTATCAC,0
GTCGCACGTCACACAT,0
GTCGCAGAGTTAGGAA,0
GTCGCAGATATAAAAC,0
GTCGCAGATCTTCTAC,0
GTCGCAGCGGACGTAC,0
GTCGCAGTTAGTTATT,0
GTCGCCAGCATTCTTG,0
GTCGCCCAAATATCTG,0
GTCGCCCTGAGAGATG,0
GTCGCCCTTTAAGAAC,0
GTCGCCTATATTAATC,0
GTCGCGAAACAAACAT,0
GTCGCGCGCGCTTTAA,0
GTCGCTAATAAAGACA,0
GTCGCTACCCATAAGG,0
GTCGCTAGTCAGTACA,0
GTCGCTATACGAAAAA,0
GTCGCTCTGAAAAAGC,0
GTCGCTGAATTTTGAA,0
GTCGGAAAACCCCGTT,0
GTCGGAACTAATCAAA,0
GTCGGAATCATAAAAA,0
GTCGGAATCCCCAGTA,0
GTCGGACAAGTGAACG,0
GTCGGACCCCAGATTA,0
GTCGGAGATATGCAAA,0
GTCGGAGGTCTACTTA,0
GTCGGCACATATAGTC,0
GTCGGCACCACATAGT,0
GTCGGCATGCAAGCTA,0
GTCGGCCGAAGTATAA,0
GTCGGGACTGTCATGC,0
GTCGGGTCCGTAGAAG,0
GTCGGTATACTTGACT,0
GTCGGTCCCATACCGA,0
GTCGGTCTAAGAACCT,0
GTCGGTTAATACGGAC,0
GTCGGTTCCAATTACT,0
GTCGTAAAAACCTAAA,0
GTCGTAAGAACGGTTA,0
GTCGTAAGACATTTCC,0
GTCGTAAGTTGTGCTG,0
GTCGTACAAGAACTGA,0
GTCGTACAGCCATCGT,0
GTCGTACTAGATTCAT,0
GTCGTAGAAACCAGGT,0
GTCGTAGGTGTTAAAC,0
GTCGTATATGTTCAAG,0
GTCGTATCACCGTAGC,0
GTCGTCAACTCTAACT,0
GTCGTCAAGTATGCTA,0
GTCGTCAGCAAAGCAC,0
GTCGTCCTACCGAACT,0
GTCGTCTACCTATTGA,0
GTCGTCTTAACAATCT,0
GTCGTGAAATAAACAC,0
GTCGTGACACCGCTAT,0
GTCGTGATTAAAGGAA,0
GTCGTGGATGGTCATA,0
GTCGTTATAACAGAAT,0
GTCGTTCAAATTAAAT,0
GTCGTTTCAAAATCAG,0
GTCTAAAAGCTTACAT,0
GTCTAAAGAAAGTAGG,0
GTCTAAATCCCTAAAT,0
GTCTAACACGTCTTTA,0
GTCTAACCATTAAATT,0
GTCTAACGTATTGGAA,0
GTCTAACTAACTCACA,0
GTCTAAGAATTAGAAT,0
GTCTAAGCATTACTAC,0
GTCTAAGGATCACATG,0
GTCTAAGTTGCACATC,0
GTCTAATTCTAAAGAA,0
GTCTACAAGTGAAAGC,0
GTCTACAGCACAGCGA,0
GTCTACATAGGATAAA,0
GTCTACATCAAAACGC,0
GTCTACCAGCCATACC,0
GTCTACCCAATTGAAC,0
GTCTACCCCTAGATTA,0
GTCTAGAAGCCGTTTA,0
GTCTAGAAGGATCCAT,0
GTCTAGACCAACCAGC,0
GTCTAGCCGAACGTTT,0
GTCTAGCTAGCTTAAT,0
GTCTATAACAATCCGA,0
GTCTATAGAGCGTACC,0
GTCTATAGCTTTTGTA,0
GTCTATCCTCGTATAG,0
GTCTATCGTGAATGCC,0
GTCTATGACTTCGGAA,0
GTCTATGATCAATCGT,0
GTCTATGGGGTCAAAT,0
GTCTATTATTGACACC,0
GTCTATTCTTCCCACC,0
GTCTATTTTGAACGCA,0
GTCTCAAGGACAGGTC,0
GTCTCACATAATTCTC,0
GTCTCACATGTAAGAC,0
GTCTCACTCCGAGAAT,0
GTCTCACTTAGAAAGT,0
GTCTCAGACTACAGCC,0
GTCTCATACAACGATG,0
GTCTCATCAAAAATAA,0
GTCTCATCCCAATAAG,0
GTCTCATGACGTATAA,0
GTCTCCACTTAGTTGC,0
GTCTCCCAAATTTAAT,0
GTCTCCGCACAGTCAA,0
GTCTCCGGGGTATAGT,0
GTCTCCTTATAAGGGC,0
GTCTCGAAATTCGAAA,0
GTCTCGATATAGTGAT,0
GTCTCGCATCATCAAA,0
GTCTCGCCGTCAGTAC,0
GTCTCGTAATTTCAGT,0
GTCTCGTGACCTAAGA,0
GTCTCTAAAAAACATT,0
GTCTCTACCAAGATTT,0
GTCTCTACCCATATCT,0
GTCTCTAGATAAAGGT,0
GTCTCTATCAGATAGT,0
GTCTCTCAAATAATGA,0
GTCTCTCTGATCCAAA,0
GTCTCTTACATCCGAT,0
GTCTCTTACGATTTAC,0
GTCTGAAACGCGTTCT,0
GTCTGAATACTACCAG,0
GTCTGAATCTTCCTAG,0
GTCTGAATTTCCATCA,0
GTCTGAATTTCGGTAT,0
GTCTGACAGCAAGAGC,0
GTCTGACGAACGTTCG,0
GTCTGACGTTTTTTTC,0
GTCTGACTCTTACAGC,0
GTCTGAGTTCGCTCAT,0
GTCTGATTACCAGCGA,0
GTCTGATTCATCTCTA,0
GTCTGCAATACAAATT,0
GTCTGCCATTCGAAAG,0
GTCTGCGGTATGGAGC,0
GTCTGCTTTACTTAGT,0
GTCTGGATGCAACTAC,0
GTCTGGATTCCTAGAT,0
GTCTGGATTGAGGACC,0
GTCTGGCGTGAGGTCC,0
GTCTGGCTATTTAATC,0
GTCTGGGCCTTGAAAC,0
GTCTGGTAATCTAATT,0
GTCTGTAGCGTAACCG,0
GTCTGTATGATCGTAT,0
GTCTGTCCTTTTGCTC,0
GTCTGTGAAAATAATG,0
GTCTTAAAACAGAAAT,0
GTCTTAAAAGTTCATG,0
GTCTTAACCAAAAAGA,0
GTCTTAATAAATGTCA,0
GTCTTAATACACGAAG,0
GTCTTACCACATATAC,0
GTCTTAGTATTAGAAG,0
GTCTTATACACTTAGA,0
GTCTTATCTTGGACCT,0
GTCTTATGCAAGGTTC,0
GTCTTCATACGGATGG,0
GTCTTCCCTCGTGCGA,0
GTCTTGAACTTTACGG,0
GTCTTGACTCACAATC,0
GTCTTGACTTAACACA,0
GTCTTGATTGTATACC,0
GTCTTGCGAAACCCAA,0
GTCTTGGCTAACACGG,0
GTCTTGGTAACGAGTA,0
GTCTTGTAGACTCTTT,0
GTCTTGTGGTCTACTA,0
GTCTTTAAGGAGATTT,0
GTCTTTACAAAGGTAA,0
GTCTTTCTCATAGATA,0
GTCTTTTGGCAGTAAA,0
GTGAAAAACTCTTGAG,0
GTGAAAAATTTTATAC,0
GTGAAAACGACGCATG,0
GTGAAAATAGCGTCTT,0
GTGAAACAAGTATCAT,0
GTGAAACATTATAAAC,0
GTGAAACGCCATAGAA,0
GTGAAACTAGCCCTGC,0
GTGAAAGTTAATATTG,0
GTGAAATATCTAAAAA,0
GTGAAATCCAGTCAAC,0
GTGAAATCGGGAAAAA,0
GTGAAATGAGACCGTA,0
GTGAAATGAGGGATAA,0
GTGAAATTAAACCTAT,0
GTGAAATTAGGGGTTT,0
GTGAAATTTTTATCTA,0
GTGAACAACACCCTCA,0
GTGAACAAGCTGACTA,0
GTGAACAGCCACACCA,0
GTGAACATGATATTGG,0
GTGAACCATCATATTC,0
GTGAACCTAATCCTAA,0
GTGAACGAGGCCCGCA,0
GTGAACGTTACTTGAT,0
GTGAACTAAGTTCTGT,0
GTGAACTCAGCTTCTA,0
GTGAACTGTCTTTCGG,0
GTGAAGCCAATCTCGA,0
GTGAAGCGCTTATACC,0
GTGAATAAGAAGAACC,0
GTGAATAAGCACGATA,0
GTGAATATCTACACCG,0
GTGAATCAGATGAACT,0
GTGAATCCGCATACAG,0
GTGAATCGGAGAAGAA,0
GTGAATCGTGAACTCT,0
GTGAATGAAAGTGAAA,0
GTGAATGAATTTACCG,0
GTGAATGCCGAGGGCA,0
GTGAATGTTTATTACC,0
GTGAATTATCTATGGA,0
GTGAATTATTGCTTGT,0
GTGAATTCAAATCTTC,0
GTGACAAAAAATATCT,0
GTGACAAAAGTTACAT,0
GTGACAAATCAAGTAA,0
GTGACAACAAAGTGTC,0
GTGACAAGGAATTTCA,0
GTGACAATTTGTTACG,0
GTGACACACAACTAAG,0
GTGACACCCAGGTCCC,0
GTGACACCTACCGTGC,0
GTGACACGCTTGGCTA,0
GTGACACTAATTAGCC,0
GTGACACTACTCGTGT,0
GTGACAGAAAACAACT,0
GTGACAGCAACGAAAC,0
GTGACAGGACTTTAAA,0
GTGACATATTTTGTTT,0
GTGACATTCGCCAAAG,0
GTGACCAAAGATCTAA,0
GTGACCAAATTGACTG,0
GTGACCAACTAAAAAA,0
GTGACCATAGTTAATG,0
GTGACCATAGTTGGTT,0
GTGACCCCCCAAATTT,0
GTGACCTAAAAAACTT,0
GTGACCTACACTAAAC,0
GTGACCTCTGAGGACA,0
GTGACGAGAAAGAATG,0
GTGACGAGTTTAACAA,0
GTGACGGTAATTGACA,0
GTGACGTACGTTCACA,0
GTGACGTCGATAAGAG,0
GTGACTAAGATCTTGA,0
GTGACTAAGCTCTACG,0
GTGACTAGTGAAACTA,0
GTGACTATTATCAACC,0
GTGACTCCCCGATTAC,0
GTGACTCGCCGGCATC,0
GTGACTCGTGACCCTA,0
GTGAGAAAATCATAAA,0
GTGAGAAATTGACCGT,0
GTGAGAACGAACTTGG,0
GTGAGACCCAACATTC,0
GTGAGACCCGGTTCAC,0
GTGAGACCCTATCCTG,0
GTGAGATAAACTGAAA,0
GTGAGATAACCTTAAG,0
GTGAGATACGTCAACC,0
GTGAGATATGTCAGTG,0
GTGAGATCCGGCGCTT,0
GTGAGCAAACTCAGAG,0
GTGAGCCAACTGCCTT,0
GTGAGGAGGGAACTTG,0
GTGAGGCCCCTTCTAG,0
GTGAGGGTAATCCCTG,0
GTGAGGTGGCAAAACG,0
GTGAGTATACGACCGA,0
GTGAGTCGCGGTACAA,0
GTGAGTCTGATCCAAT,0
GTGAGTGGCAACTCCA,0
GTGAGTTCCAGCAGTG,0
GTGATAACTGGTGCTA,0
GTGATAACTTACATTC,0
GTGATAAGCTTTGTTT,0
GTGATAAGTGTCAGCA,0
GTGATAATGATACTAT,0
GTGATAATTTTTGGAA,0
GTGATACGACATACAA,0
GTGATACGGAATTCAC,0
GTGATATAACGCCGTC,0
GTGATATATGCAGCGT,0
GTGATATCAAATTTAA,0
GTGATATCTCAACGTA,0
GTGATCACAGTGCCTC,0
GTGATCATCGCGCGTA,0
GTGATCCAGCACAGAG,0
GTGATCCCTACATTAG,0
GTGATCGTTAACTAAT,0
GTGATCTACATTTAAA,0
GTGATGATTACTCATC,0
GTGATGCGGAAAATGA,0
GTGATGCTACGCTAGA,0
GTGATGCTAGCAGCAT,0
GTGATGGATGATCTAG,0
GTGATGGCACGCAAAT,0
GTGATGTCAATACCAT,0
GTGATTAAATTGTAAA,0
GTGATTAAGGTAAATA,0
GTGATTAGGCCCAAAC,0
GTGATTAGGTCTCTAC,0
GTGATTATCACAAGTG,0
GTGATTCAAATCGTCA,0
GTGATTGTCTCACTTT,0
GTGATTTTAAACTAAG,0
GTGATTTTAGGACGGA,0
GTGCAAGAAGTCTAAC,0
GTGCAAGATCACCATT,0
GTGCAAGGACCCACAG,0
GTGCAATCAACCTATA,0
GTGCACAAGGATCTCT,0
GTGCACCTCATTTAAA,0
GTGCACCTGCGTAAGT,0
GTGCACTCACCATAAA,0
GTGCAGACTAAATGCA,0
GTGCAGCCTACCCAAA,0
GTGCAGCGTTAATAGA,0
GTGCAGGCTGGTCCAA,0
GTGCAGTAAAATTCCC,0
GTGCAGTAATTTTCCC,0
GTGCATATTGATATAA,0
GTGCATCCTAGCAGGC,0
GTGCATTAATACTTCC,0
GTGCATTATAATCGGC,0
GTGCATTGAGGGGAAT,0
GTGCCAAATCTAGCTG,0
GTGCCAAGATAGAAGT,0
GTGCCACCATCGACGA,0
GTGCCACGAACGAAAC,0
GTGCCAGGCCTCACCC,0
GTGCCATACAATGAGT,0
GTGCCATCCACCGACC,0
GTGCCATTAGAAAAGC,0
GTGCCATTATTATACA,0
GTGCCCAACGCTAAGG,0
GTGCCCACTATCATTT,0
GTGCCCATATGCAAAC,0
GTGCCCCCATATCGAA,0
GTGCCCTAAATAATTC,0
GTGCCCTACTTCACTA,0
GTGCCCTTGAGACTTA,0
GTGCCGACTCATAGAG,0
GTGCCGAGCACTTGTA,0
GTGCCGATTCCGTAAA,0
GTGCCGCGTCTACGCA,0
GTGCCGTGTTGGTAAA,0
GTGCCGTTTCCTGCAA,0
GTGCCTACATGATGAA,0
GTGCCTAGAAACCAGG,0
GTGCCTAGAAGTCGCC,0
GTGCCTAGTGTAAGAC,0
GTGCCTCGAAAGGTGG,0
GTGCCTCTATTAGAGC,0
GTGCCTTACTTCTATT,0
GTGCCTTATTACGTGG,0
GTGCCTTCTACCTGTA,0
GTGCCTTTTGACAAAA,0
GTGCGAAAAAGGATTT,0
GTGCGAACTTCTGCAT,0
GTGCGAAGAGCTTGTC,0
GTGCGAAGGCGATTCA,0
GTGCGACAGAAATTGT,0
GTGCGATAATCCCATA,0
GTGCGATATATTTATG,0
GTGCGATGTTACATGA,0
GTGCGATTAAAAACAT,0
GTGCGCAATCAAACCT,0
GTGCGCAGTAAATTGC,0
GTGCGCTAGAATGAGG,0
GTGCGCTCTTTCTACA,0
GTGCGGAACTATAGGC,0
GTGCGGAAGTATTCTC,0
GTGCGGCAAAAAACGC,0
GTGCGGGCATACACAC,0
GTGCGGTAACATCGAT,0
GTGCGGTATATACAAG,0
GTGCGTCCAATTTACC,0
GTGCTAAACTTTATAC,0
GTGCTAACATTACATG,0
GTGCTAACGGCCAGGC,0
GTGCTAACTGTGCACA,0
GTGCTAAGACTCATCC,0
GTGCTACAAGTAGGAG,0
GTGCTACTAGCCACCA,0
GTGCTAGAGCTTTCGT,0
GTGCTAGTAAATCCAA,0
GTGCTATAAAAGCCCG,0
GTGCTATAAGCTTGAA,0
GTGCTATAGAATCTCG,0
GTGCTATCCCTTACAT,0
GTGCTATGGCGTTGCA,0
GTGCTCGCATTATATT,0
GTGCTCTCAATCCGGA,0
GTGCTCTTATGGCCCT,0
GTGCTCTTTAAGGCCC,0
GTGCTGAATGACGACT,0
GTGCTGGAGGGGCTCA,0
GTGCTTCTTTATTGTT,0
GTGCTTGCCGCTAATG,0
GTGGAAACATTAATAT,0
GTGGAAACCAGCCCAA,0
GTGGAAATTCAACTTA,0
GTGGAACCAGCATTAT,0
GTGGAACGACATCCGT,0
GTGGAACGTTCGTTAA,0
GTGGAATAAATAAACA,0
GTGGACACCTAAGGGA,0
GTGGACCACCCCCCAT,0
GTGGACCATCACAACC,0
GTGGACTATGGGTTCC,0
GTGGAGGAAACACGTA,0
GTGGATATCATTAGAC,0
GTGGATCCTAGGGCTC,0
GTGGATCGCCCAATAC,0
GTGGATCGGTATAAAA,0
GTGGATGAATATATAA,0
GTGGATTAATAGCCGT,0
GTGGCAAATTATCATT,0
GTGGCAATGCTATAAA,0
GTGGCAATTTAGACAA,0
GTGGCACCCCACAACG,0
GTGGCAGCCAAACGGC,0
GTGGCATCTATACCCA,0
GTGGCATGCGTATTTG,0
GTGGCATTTATCCAAC,0
GTGGCCAACTGTCCGA,0
GTGGCCGTACCATCTC,0
GTGGCCTGACACTAAG,0
GTGGCGAATAGCATGC,0
GTGGCTCCGGTTACTC,0
GTGGCTCTCAACGCCT,0
GTGGGAAAACAATTAC,0
GTGGGAACGTAAAAGC,0
GTGGGAATATTCTGCA,0
GTGGGAATTTGCATTT,0
GTGGGATACCGCAAAG,0
GTGGGCCAATTTCATA,0
GTGGGCCACAGCAGAG,0
GTGGGCCATATTCTAC,0
GTGGGCCTATATTACG,0
GTGGGCCTTACCCTAT,0
GTGGGCCTTTTTACTA,0
GTGGGCGCAGCATACA,0
GTGGGCGTATGAACCC,0
GTGGGGATATAAAATA,0
GTGGGGCAACTGAGAC,0
GTGGGGCCTAATCATG,0
GTGGGGGATATGTTAA,0
GTGGGTACATACATAC,0
GTGGGTATCCCGCATG,0
GTGGGTCTTAGCTATC,0
GTGGGTGCGCAATAAG,0
GTGGGTTCGCCCCTCT,0
GTGGTAATTAGAAGAA,0
GTGGTACAATAACCAA,0
GTGGTACATGTGATGG,0
GTGGTACCTACAAAAA,0
GTGGTAGCCTTGATAA,0
GTGGTATAACCGAAAT,0
GTGGTCAGCAATTCTA,0
GTGGTCAGGCGGGTAA,0
GTGGTCGAAAAACGCC,0
GTGGTTAACTCAAAAG,0
GTGGTTAATTTTCAGC,0
GTGGTTACCATGAAAC,0
GTGGTTCCGTACTAAA,0
GTGGTTTAATGGTTGT,0
GTGTAAAAAAAAAAAT,0
GTGTAAACATATCGTT,0
GTGTAAACTACCTCAG,0
GTGTAAAGAAGCAGAC,0
GTGTAAAGCAATTTTA,0
GTGTAACAATAGTTTG,0
GTGTAACTGAAAAACT,0
GTGTAAGGTATTTATT,0
GTGTAATACAACGACC,0
GTGTAATCCGAACTAT,0
GTGTACAACGACGTCA,0
GTGTACAATAGCGCAA,0
GTGTACGATATTGGTT,0
GTGTACTCTCTGGGAA,0
GTGTAGAAAATACTTA,0
GTGTAGATACACAGAA,0
GTGTAGCCAATACCAG,0
GTGTATAACGAAATAT,0
GTGTATAATAAATTAG,0
GTGTATCAATCGGATT,0
GTGTATCATCTCGGAA,0
GTGTATGGTTAATGAA,0
GTGTCAAAAACCGGAG,0
GTGTCAAAACAAATAC,0
GTGTCAAATCAAGTCA,0
GTGTCAAATTGAATAT,0
GTGTCAACAGTGGCTT,0
GTGTCAAGATAGTTAA,0
GTGTCAATGCCATCGC,0
GTGTCACCAATGAGTT,0
GTGTCACTGGGACCCC,0
GTGTCAGAGTGCGAAC,0
GTGTCAGCCTCTTGTT,0
GTGTCATATAATTGTA,0
GTGTCATATCAAATAC,0
GTGTCATATGCGAGTA,0
GTGTCATCGAAATAAC,0
GTGTCCAATACATGGA,0
GTGTCCACGCGGCAAT,0
GTGTCCACTCGCGTAC,0
GTGTCCCCAAGAATAC,0
GTGTCCCCAGTTATCG,0
GTGTCCCCGTCGAATT,0
GTGTCCGCTAACGGAC,0
GTGTCCGCTACCTACG,0
GTGTCCGGAATAAAAA,0
GTGTCCGGCAAGAAAT,0
GTGTCCGTCTAGGTTA,0
GTGTCCTACATACACG,0
GTGTCGAAAGTTTAAT,0
GTGTCGATAGTTAAAT,0
GTGTCGGAAGATTGTT,0
GTGTCTAGTGACACGT,0
GTGTCTATTGTCCAGA,0
GTGTCTCCGTCTTCAT,0
GTGTCTGCACTATAGG,0
GTGTCTTGCAAGTACA,0
GTGTGAACTAGATTCG,0
GTGTGACAATTTCCCG,0
GTGTGACTAGCTACCT,0
GTGTGCACGTGTAATA,0
GTGTGCATTTGTCACA,0
GTGTGCTATACGGACA,0
GTGTGCTTCGCGAGAG,0
GTGTGGCTCGAACACT,0
GTGTGTAAACGATAGC,0
GTGTGTAGTTGATTGA,0
GTGTGTCATAAGTTTA,0
GTGTGTTCATGTCAAC,0
GTGTTAACAAGTACAC,0
GTGTTAACCGAGTTAC,0
GTGTTAGTTCAAGTAA,0
GTGTTATAATAATCAT,0
GTGTTATACTATTATA,0
GTGTTATCTGTTTAGA,0
GTGTTCAAATCGTAAC,0
GTGTTCACTACATAAT,0
GTGTTCAGCACTCTCA,0
GTGTTCAGGCAAAACT,0
GTGTTCATATAGTACA,0
GTGTTCATTCGTTGAT,0
GTGTTCCCAATATCGG,0
GTGTTCCGAACACGAA,0
GTGTTCTATCTTAAAT,0
GTGTTCTTGGATGCGC,0
GTGTTCTTTTTAAATA,0
GTGTTGCAATTAGTAC,0
GTGTTGCCCGCACACA,0
GTGTTGGTATGTAAAA,0
GTGTTGTATAATAACT,0
GTGTTGTGTTATCCAA,0
GTGTTGTTGATGAGTA,0
GTGTTTAAATCTATCT,0
GTGTTTAACCTGACCC,0
GTGTTTAACGTTTACT,0
GTGTTTAAGAAGCAAT,0
GTGTTTAGATTACCAA,0
GTGTTTCCGAAAAAGC,0
GTGTTTCTTATATAAC,0
GTGTTTTATACATAAA,0
GTGTTTTATGAAATAC,0
GTGTTTTGAGAACCTA,0
GTGTTTTGATTTCTTT,0
GTTAAAAAAAATTTAA,0
GTTAAAAAATAACCAA,0
GTTAAAAAATGATGAG,0
GTTAAAAAGCCTTCGG,0
GTTAAAACATAGACGA,0
GTTAAAACGCGTAAGA,0
GTTAAAAGATGAAATG,0
GTTAAAAGTAACCGAA,0
GTTAAAAGTCAATATA,0
GTTAAAAGTGCGAGGT,0
GTTAAAATACTTATAA,0
GTTAAAATCAACAAAA,0
GTTAAAATTCCTACTG,0
GTTAAACACGGAACCA,0
GTTAAACATTGGGTTG,0
GTTAAACCCTAACACC,0
GTTAAACCTATATATA,0
GTTAAACGAACGTAGA,0
GTTAAACTAATGGTAC,0
GTTAAACTAGTATAAG,0
GTTAAACTCGAATACC,0
GTTAAACTTTGAAAAA,0
GTTAAAGATAGGCTAC,0
GTTAAAGTACTTTATG,0
GTTAAAGTCACCTGGA,0
GTTAAAGTCATCCTGT,0
GTTAAATAAGGTTCGC,0
GTTAAATATCTAGTAC,0
GTTAAATATCTCAAAA,0
GTTAAATATGCTAAGA,0
GTTAAATCCTATATTT,0
GTTAAATCCTGTCTGG,0
GTTAAATCTGCTCACT,0
GTTAAATTAAACGTAG,0
GTTAAATTAATTGTAG,0
GTTAAATTCTACCGTG,0
GTTAAATTGCAACAGA,0
GTTAACAAAAGAACAC,0
GTTAACAACACTTCAA,0
GTTAACATGGTTTGCT,0
GTTAACATTCGACTTC,0
GTTAACCAATAAAACC,0
GTTAACCATTGTAGAA,0
GTTAACCTCATATCCC,0
GTTAACCTGATAGTTG,0
GTTAACGCCACACTTA,0
GTTAACTCAGTTAGAG,0
GTTAACTGAGCTGGCA,0
GTTAACTGATGAGATA,0
GTTAACTTTTTACAGG,0
GTTAAGAAAAGAAAAC,0
GTTAAGAGACTAATAA,0
GTTAAGATATGTTTAC,0
GTTAAGATTAAATAAA,0
GTTAAGCATTCTCGGG,0
GTTAAGCCAACTCCTA,0
GTTAAGCCCATTAATA,0
GTTAAGCGATAAGTTT,0
GTTAAGGACAACTCAT,0
GTTAAGGAGAGACAAT,0
GTTAAGGTACAAAACT,0
GTTAAGGTGGGCATAA,0
GTTAAGTTAGGATAAC,0
GTTAATAGCCGGAACA,0
GTTAATAGGACTATCA,0
GTTAATATAACAAATT,0
GTTAATATACGTTCAC,0
GTTAATATGATAAAGA,0
GTTAATCAAAAAGATA,0
GTTAATCACAAAACCA,0
GTTAATCGAACCGGAA,0
GTTAATCTCAAAAACA,0
GTTAATGAATACGATA,0
GTTAATGAGTATGATC,0
GTTAATGATGTCAGTG,0
GTTAATGCTCAATTTA,0
GTTAATGGTAATTACT,0
GTTAATTATAACAAGT,0
GTTAATTATAACCCAA,0
GTTAATTTAGCACGCT,0
GTTACAAAATTAAGTA,0
GTTACAAAGCGGTAAT,0
GTTACAACTCTTTTTC,0
GTTACAAGGCTATACT,0
GTTACAATAGGTAGTA,0
GTTACAATATTGTTCA,0
GTTACAATCCGAAAAC,0
GTTACAATTCGACTCA,0
GTTACACAAAAGATGT,0
GTTACACAGGCAAACG,0
GTTACACTGTAGAGGG,0
GTTACACTTGCAATGC,0
GTTACACTTTCTAGAG,0
GTTACAGGGCGATAAA,0
GTTACATAAGAGTAGA,0
GTTACATACAAATTCA,0
GTTACATACTATTAGT,0
GTTACATCGTTTATGT,0
GTTACATGACTCCAAA,0
GTTACCATAAACACAC,0
GTTACCCACCAACAAA,0
GTTACCCATGAATCAC,0
GTTACCCTGGGATAAA,0
GTTACCGGGAAATTAA,0
GTTACCGTAAATGAGA,0
GTTACCTAAGTAACAT,0
GTTACCTGAAGAGATG,0
GTTACGAAACAACTGA,0
GTTACGAAAGAAGAAT,0
GTTACGAGCTGAAACA,0
GTTACGATACCAAGGC,0
GTTACGCTACAAATAC,0
GTTACGGAGTATCCCC,0
GTTACGTCGTGTGCCC,0
GTTACGTTTAATGATG,0
GTTACTAACGCACCGA,0
GTTACTAAGATACAGT,0
GTTACTATGCAACATG,0
GTTACTCACAAATAAT,0
GTTACTCACAGACACG,0
GTTACTGACGTAAGCC,0
GTTACTGAGACTAAAC,0
GTTACTGCTCAGAATT,0
GTTACTTCAATTAGAT,0
GTTACTTCAGGAAATT,0
GTTACTTTGTTAGGCC,0
GTTAGAAAATAATACA,0
GTTAGAAATTACGCGA,0
GTTAGAAGTATTCCCC,0
GTTAGAAGTGGAGAGC,0
GTTAGACACCCTAAGG,0
GTTAGACCCCCTTTAA,0
GTTAGACCCCTTTGTA,0
GTTAGACTCATACTGC,0
GTTAGAGACCTTTTAG,0
GTTAGAGGACTATACA,0
GTTAGAGTACCAAAAA,0
GTTAGATAGATACAAA,0
GTTAGATCATATGGTA,0
GTTAGATCCAAATCCA,0
GTTAGATGATTCATAA,0
GTTAGCAATACCTACC,0
GTTAGCAGTGAATAAA,0
GTTAGCCAGATAGGCC,0
GTTAGCCGGGGATATT,0
GTTAGCCTCGACCTTT,0
GTTAGCCTCGGTCGAA,0
GTTAGCGTTGTAATCC,0
GTTAGCTACAAAATAG,0
GTTAGCTCACTGAAAT,0
GTTAGGTCACCTCAAG,0
GTTAGTAAGTTGTTAA,0
GTTAGTGAAAGGATAT,0
GTTAGTGCGTAACGGC,0
GTTAGTTTATTAACAA,0
GTTATAAAGACTTTAG,0
GTTATAACAATCACTG,0
GTTATAAGATAAAGAA,0
GTTATACAAAACAAGC,0
GTTATACACCCCGCCT,0
GTTATACCCCTATGCT,0
GTTATACCTACTAAAT,0
GTTATACGATCTTTGG,0
GTTATACTATGTAAGC,0
GTTATAGAAACAAAAC,0
GTTATAGTCGTGCTTT,0
GTTATAGTGGACAAAT,0
GTTATATTATTAATTA,0
GTTATATTTTCCAAAC,0
GTTATCAGTGGACTAA,0
GTTATCATTCGCCTAA,0
GTTATCCATTCAATTG,0
GTTATCCCCAGTGTTA,0
GTTATCGAAGTTGGGA,0
GTTATCGACGAAATTT,0
GTTATCGGAAAGGCAG,0
GTTATCTCCTCCTATA,0
GTTATCTTTATTTTAG,0
GTTATGAAAATACATG,0
GTTATGACAGAATTTT,0
GTTATGACTAGCGAGT,0
GTTATGCACAAGCCGT,0
GTTATGCCAAACGGAT,0
GTTATGCTACTGGCCC,0
GTTATGCTTCACAAAA,0
GTTATGGCGTGTAACC,0
GTTATGTCAAAAGCGA,0
GTTATGTTAGGACCAA,0
GTTATTAATAAGCGGC,0
GTTATTATTATAATAT,0
GTTATTCATAACGCAA,0
GTTATTCATAGCACCA,0
GTTATTCGTATTACGC,0
GTTATTGGAAGAATCC,0
GTTATTGTAGATATTT,0
GTTATTGTTAAACAAT,0
GTTATTGTTTATTAAT,0
GTTATTTAAGACGTTT,0
GTTATTTCATATCCGC,0
GTTATTTCATTTTGGT,0
GTTATTTTTTCATTTA,0
GTTCAAAAACAAAAGT,0
GTTCAAACAATACGTA,0
GTTCAAACGTTTCAAA,0
GTTCAAATTGTCGTTC,0
GTTCAACAAAACTTGA,0
GTTCAACCTTGACCAA,0
GTTCAACTCCTCATGC,0
GTTCAAGACAGCATGA,0
GTTCAAGCAGTTCCAC,0
GTTCAATATAGTCTCC,0
GTTCAATATGGAAGAC,0
GTTCAATGAGAAAAGT,0
GTTCACAAAAAAAAAC,0
GTTCACAAACTTGACA,0
GTTCACAGAAATAGGA,0
GTTCACCCCCTAAGCG,0
GTTCACCCGCAACTGT,0
GTTCACGAATCCGCTT,0
GTTCACTAGGTATGTT,0
GTTCACTGGAAAAGAG,0
GTTCACTGTTATTCCT,0
GTTCAGAACTAATCAA,0
GTTCAGACGGGATCCG,0
GTTCAGAGAAAACCCA,0
GTTCAGCATCTTCCAT,0
GTTCAGCCTCCAAGAT,0
GTTCAGGTATTTTCAA,0
GTTCAGTCTGTCCGAA,0
GTTCATAAAAGCAGGT,0
GTTCATACTCAATCAA,0
GTTCATATTAGACGAA,0
GTTCATCAACTAGATT,0
GTTCATCATAAACAAA,0
GTTCATCTAGTCTATC,0
GTTCATTGACGTAACT,0
GTTCATTGCGCTAGAT,0
GTTCCAAATTCTAATT,0
GTTCCAACCTCAATGA,0
GTTCCACGAATTCCGT,0
GTTCCACTCATCAGTA,0
GTTCCAGGGGTTCCAT,0
GTTCCATCTATACAAT,0
GTTCCCAAGTACACAA,0
GTTCCCCAACAACGCC,0
GTTCCCCTACAAGCTT,0
GTTCCCGAATATCGCT,0
GTTCCCGGCGATCTAG,0
GTTCCCTATTGCAATC,0
GTTCCCTGTATACCTT,0
GTTCCGATAAGGCGGC,0
GTTCCGCAAAACAATT,0
GTTCCGCACTCACCAC,0
GTTCCGGTTTAGAGAT,0
GTTCCGTATACATCCC,0
GTTCCGTTTCCGTACA,0
GTTCCTAAACAGTTGT,0
GTTCCTAAACATGTTC,0
GTTCCTAATTAAGATA,0
GTTCCTACTGACCGCA,0
GTTCCTATGGAAACCT,0
GTTCCTCTTTGATTCA,0
GTTCCTGAAAAGGAAC,0
GTTCCTTAAAAATCCG,0
GTTCCTTGCAGATCAT,0
GTTCGAAACGTTATCA,0
GTTCGAAGCGGCCCTC,0
GTTCGAATCCAAAATA,0
GTTCGACACGATATAA,0
GTTCGAGACGGACTAT,0
GTTCGAGAGCTATTGT,0
GTTCGAGATATAAATA,0
GTTCGAGCATGTATCA,0
GTTCGATATAAGATTG,0
GTTCGATATATCGGAA,0
GTTCGATATGAGTAAC,0
GTTCGATCTGAAACTT,0
GTTCGATTTCGAAATA,0
GTTCGCACGGCAGAGA,0
GTTCGCAGTAGCAGCC,0
GTTCGCATAGCACCTC,0
GTTCGCCCTGTCTAAA,0
GTTCGCCTGCAAATTA,0
GTTCGCGGCAGATTCC,0
GTTCGGAAGTGACTTC,0
GTTCGGACGTATTCGC,0
GTTCGGCAAGACACGC,0
GTTCGTAACCACAACT,0
GTTCGTACGAACGCGT,0
GTTCGTAGATTTTTAC,0
GTTCGTTGAACAATTT,0
GTTCTAAAAAGTACAA,0
GTTCTAAAAAGTCAGA,0
GTTCTAAAATACTGTC,0
GTTCTAAAGCCCTGGG,0
GTTCTAAATGATCGCA,0
GTTCTAATACCCTTAA,0
GTTCTAATGTATAACT,0
GTTCTACAAAGAGTAA,0
GTTCTACGAAAAAGGA,0
GTTCTAGAATTTAAGA,0
GTTCTAGCGGGTGTAG,0
GTTCTATAAATCTAAC,0
GTTCTATGAAGTCAAA,0
GTTCTATTAGCCTTCA,0
GTTCTCAGAAGAACGA,0
GTTCTCAGGGATACAT,0
GTTCTCCAACATCCAA,0
GTTCTCCAAGCATGGT,0
GTTCTCGATGCATCTT,0
GTTCTCGCGCCAATGA,0
GTTCTCGGCCACGGGT,0
GTTCTCTAAGGCCTTC,0
GTTCTGAACTTTAATT,0
GTTCTGTAAGCTCCTG,0
GTTCTGTCCGACATGG,0
GTTCTGTGCTTCAAAT,0
GTTCTTCCTTAATAAA,0
GTTCTTGCGGTGTTAC,0
GTTCTTTGAACAGCTA,0
GTTCTTTTTTCTCTTA,0
GTTGAAAAAATAACCC,0
GTTGAAAACAAAAGTT,0
GTTGAAAAGAGGTATA,0
GTTGAAACCGTATCGA,0
GTTGAAACGTTCACAA,0
GTTGAAAGAACATCTC,0
GTTGAAAGCTTAAACA,0
GTTGAAAGTCGTGATC,0
GTTGAAATCCTCACAC,0
GTTGAACGAATCTATG,0
GTTGAACGAGGCATTA,0
GTTGAACTTTACAGCA,0
GTTGAAGGGGCTCCGT,0
GTTGAATAAGTTAACT,0
GTTGAATCAATAATAA,0
GTTGAATCCGTATAGC,0
GTTGAATGATTCCGTA,0
GTTGAATGTCATTCCT,0
GTTGAATTGACATTAT,0
GTTGAATTGAGCGAGT,0
GTTGAATTGTAAGATA,0
GTTGAATTGTCTCATT,0
GTTGACAAACACCTGA,0
GTTGACATTACACTAT,0
GTTGACATTGAGATAA,0
GTTGACCAGAAAAAAA,0
GTTGACCAGCTCACAA,0
GTTGACCTCTTATAGA,0
GTTGACGTGTCTCGTA,0
GTTGACTAACTCGAAA,0
GTTGACTACGCATTTT,0
GTTGACTACTTTGGCA,0
GTTGAGAATAGTTAAA,0
GTTGAGAGGCCACGGA,0
GTTGAGATCTATAATT,0
GTTGAGCAATATAAGA,0
GTTGAGCGAAGCGGTA,0
GTTGAGCTTAGTCTCC,0
GTTGAGTCAATAACAG,0
GTTGATAGAGCATCCG,0
GTTGATAGAGTCTTAG,0
GTTGATCAACAAACGA,0
GTTGATCAATTAAACT,0
GTTGATGATGTCGACC,0
GTTGATGCACCAACGC,0
GTTGATGTACACCATA,0
GTTGATGTTTACGATA,0
GTTGATTACTCTTGCT,0
GTTGATTCAGCACTAA,0
GTTGATTGCTCAAATC,0
GTTGCAAAAATATCAA,0
GTTGCAAGAAGGTAAG,0
GTTGCAAGAATCAATA,0
GTTGCAATAACAGAAG,0
GTTGCAATCAAACACT,0
GTTGCAATGGTAAACC,0
GTTGCACAATCATTCG,0
GTTGCATAGAAGATGC,0
GTTGCATCGAAGCGTA,0
GTTGCATCGAGAACAC,0
GTTGCCAAAAAAAATT,0
GTTGCCAAATTACACA,0
GTTGCCAATATCAAGA,0
GTTGCCAATATCAATC,0
GTTGCCAATGAAGGTG,0
GTTGCCAATTCTACGT,0
GTTGCCATAACTGAAC,0
GTTGCCCAACATGAAA,0
GTTGCCTCCACGAACG,0
GTTGCCTGCCAGCGAT,0
GTTGCGGTATTTTAAA,0
GTTGCTAGAGCTCATT,0
GTTGCTATACCTTAAT,0
GTTGCTCTATATAAGG,0
GTTGCTTATCGGAAAC,0
GTTGCTTTACATACAT,0
GTTGCTTTATCTATCG,0
GTTGGACGCTGACCCC,0
GTTGGCCAACGTTTAA,0
GTTGGCCAGCAAGTTA,0
GTTGGCCGATAGGGTC,0
GTTGGCTAGGCAAACA,0
GTTGGGATAGGACCTT,0
GTTGGGCCGGACACAT,0
GTTGGGGATACTATAG,0
GTTGGGGTTGTTATCC,0
GTTGGGTACTATTTAA,0
GTTGGTAAAATGTATG,0
GTTGGTACTCCGGTCC,0
GTTGGTACTTAACCGA,0
GTTGGTATTCCAGGCC,0
GTTGGTGTTGTATTAA,0
GTTGGTTTCGCACCCA,0
GTTGTAAATGTTAGTA,0
GTTGTAATGATAGCTG,0
GTTGTACAACTATTAC,0
GTTGTACCAGGAAGCG,0
GTTGTATAAAGGTTCA,0
GTTGTATGAAATACAT,0
GTTGTATTGACCAATA,0
GTTGTATTTGCCTGTC,0
GTTGTCAGAACTAACA,0
GTTGTCATTCAAACAA,0
GTTGTCCACAGGAAGT,0
GTTGTCTAATAAATGT,0
GTTGTCTACTAGAAAA,0
GTTGTGCGTCAGACTG,0
GTTGTGCTCACAGCAG,0
GTTGTGGTTTATACAC,0
GTTGTTATCATTAGCA,0
GTTGTTATGCAAATTT,0
GTTGTTGAGATTTAGT,0
GTTGTTGGAGTATTAG,0
GTTGTTTTAAACTTCA,0
GTTGTTTTTGAACACT,0
GTTTAAAACTTTATGT,0
GTTTAAAATAACACCA,0
GTTTAAACAAACATCA,0
GTTTAAACAACAAGCG,0
GTTTAAACGCTTGTGA,0
GTTTAAACTGTTACCA,0
GTTTAAACTTGTTATT,0
GTTTAAAGCTAAGATT,0
GTTTAAATAAATCAGA,0
GTTTAAATCGCGAATT,0
GTTTAAATGTAGGCAC,0
GTTTAAATTTTCTTCT,0
GTTTAACAAAATGAAG,0
GTTTAACAACCCCTAA,0
GTTTAACATTTTCGAC,0
GTTTAACCAAAATATA,0
GTTTAACCCGCAGCAG,0
GTTTAACGACTACAAA,0
GTTTAAGCGAAACCCT,0
GTTTAATAATTACAAA,0
GTTTAATAGTTGCGAA,0
GTTTAATATGAGAAAA,0
GTTTAATTATGGGCAC,0
GTTTAATTTATGAACG,0
GTTTAATTTCCATAGC,0
GTTTACAAAACCACAA,0
GTTTACAAAGTTTATT,0
GTTTACAATACACAAA,0
GTTTACACCGATGCAG,0
GTTTACATAGAAGCCC,0
GTTTACCATTAATAAA,0
GTTTACGAATTCCTGT,0
GTTTACTTGACACGGG,0
GTTTAGAAAACGAAGC,0
GTTTAGACCAATTTGT,0
GTTTAGACGAAAGTCC,0
GTTTAGATTGCTTGCC,0
GTTTAGCCAAAACTAA,0
GTTTAGTGGGATAAAG,0
GTTTATAAAGGATCCT,0
GTTTATAAGACTCTAG,0
GTTTATACACGGAATT,0
GTTTATAGTTATAATA,0
GTTTATCGCAGTCAAA,0
GTTTATGATAGGAACA,0
GTTTATGTACATCTTG,0
GTTTATGTCGCTCACA,0
GTTTATTAAAGAATAA,0
GTTTATTACTAACTAG,0
GTTTATTATACCTACA,0
GTTTCAAACACACTTC,0
GTTTCAAAGAACGAAA,0
GTTTCAAATATGCCAA,0
GTTTCAAGCGTTTTTA,0
GTTTCAAGGCGCACAC,0
GTTTCAATACATTCCG,0
GTTTCAATATCATAGA,0
GTTTCAATGCTTTCAG,0
GTTTCACCTGCCAACA,0
GTTTCAGTAGAATACA,0
GTTTCATCACGAATTA,0
GTTTCATGTGGTACGT,0
GTTTCATTCCCTCTTA,0
GTTTCCCGATACTAGT,0
GTTTCCCTATTTCCAA,0
GTTTCCTACAATGGTT,0
GTTTCCTAGTAATCCC,0
GTTTCCTATACCGCGA,0
GTTTCCTATATCCTTC,0
GTTTCCTTTGCTCAAA,0
GTTTCGAAAAAAAAAA,0
GTTTCGCCAATCAAAC,0
GTTTCGCTACTGTTTC,0
GTTTCGGAGACTAACA,0
GTTTCGTCTAAAAATT,0
GTTTCGTGTAACCTAT,0
GTTTCTAAAGTTACAT,0
GTTTCTAACGCAACCA,0
GTTTCTACTACCCAGT,0
GTTTCTACTCTAAAAC,0
GTTTCTACTTATCACA,0
GTTTCTATTCTTATGA,0
GTTTCTCTGTCATTTG,0
GTTTCTGCTTCTAACG,0
GTTTCTGTTTCCAAAG,0
GTTTCTTACAACAAAT,0
GTTTCTTAGCTTAATA,0
GTTTGAAATCCCTGGC,0
GTTTGAACTGGAATGA,0
GTTTGACAAATGCGTC,0
GTTTGACAATTTAATT,0
GTTTGACACACCAGTG,0
GTTTGACTTGCAAATG,0
GTTTGAGAAACATCAT,0
GTTTGATACTCAATTT,0
GTTTGATCCAAACAAA,0
GTTTGATTTAAGAGCG,0
GTTTGCAAAAAACTGA,0
GTTTGCACGTTTTTAA,0
GTTTGCCATCCACATA,0
GTTTGCCATCGTAAGA,0
GTTTGCCCAGGCATAA,0
GTTTGCCCGCTCATTA,0
GTTTGCCTGTAATCTA,0
GTTTGCGCATGAGTGC,0
GTTTGCGGAGATTATC,0
GTTTGCTGTGCGCGGG,0
GTTTGGAAAGTACTCA,0
GTTTGGTGGAACTAAG,0
GTTTGTAATAGTTTAG,0
GTTTGTAGTTACAAAA,0
GTTTGTCGTAACTAAA,0
GTTTGTCTGACTAACA,0
GTTTTAAAACCAACTG,0
GTTTTAATGGAGAAAA,0
GTTTTAATTTAATATT,0
GTTTTACATATATAAA,0
GTTTTACCGTCCACTA,0
GTTTTACGCAGAATGT,0
GTTTTACTAGCAAAGA,0
GTTTTACTGTTATTTA,0
GTTTTACTTTAACAGG,0
GTTTTAGACGCGTTAC,0
GTTTTAGAGCACTCTG,0
GTTTTATAAGGTATTC,0
GTTTTATAGCCTTCCT,0
GTTTTATAGCGCGGAC,0
GTTTTATTAACCCTGA,0
GTTTTATTACGTACAG,0
GTTTTCAACCCAGAAC,0
GTTTTCAGCTTTGCAG,0
GTTTTCATAATAATGA,0
GTTTTCCGAAACAGAC,0
GTTTTCGATATACGGA,0
GTTTTCGTGTTATAAC,0
GTTTTCTGGGATATAC,0
GTTTTGACAAACAAAC,0
GTTTTGATAGGAGATC,0
GTTTTGCCCTTAAAAG,0
GTTTTGGCTAATATTA,0
GTTTTGGCTAGGTCCT,0
GTTTTGTAATCAATGA,0
GTTTTGTAATCTCAAA,0
GTTTTGTATAATAATA,0
GTTTTGTATCGTATCC,0
GTTTTTAACCACGAAC,0
GTTTTTAGTAACTATC,0
GTTTTTAGTACCGAAC,0
GTTTTTATGAGTGACT,0
GTTTTTATGTCCGAAA,0
GTTTTTCAACAGTTAA,0
GTTTTTCAATTAGATC,0
GTTTTTCAGCCTCCAA,0
GTTTTTCGTCTAATTA,0
GTTTTTGGAACACGCA,0
GTTTTTTAGCCACAAT,0
TAAAAAAAACGTAACT,0
TAAAAAAAATAGAGCA,0
TAAAAAAAATAGTTCA,0
TAAAAAAAATGATATC,0
TAAAAAAACAATATAA,0
TAAAAAAACTAATGAT,0
TAAAAAAAGAAGCGGA,0
TAAAAAAAGATAGAGA,0
TAAAAAAAGATAGGGA,0
TAAAAAAAGGACTGCA,0
TAAAAAACAAATCGAC,0
TAAAAAACAGGTAGAT,0
TAAAAAACCAGATCAC,0
TAAAAAACCTTTAGAT,0
TAAAAAACGACTCGCC,0
TAAAAAACTAAGTAGT,0
TAAAAAACTAATGCGC,0
TAAAAAACTACCTAGA,0
TAAAAAACTACTAGAA,0
TAAAAAACTATCGACA,0
TAAAAAACTATTAATA,0
TAAAAAACTTCAACCA,0
TAAAAAAGGAGACGTA,0
TAAAAAAGGCACACAA,0
TAAAAAATACCACCGC,0
TAAAAAATACTTTGAT,0
TAAAAAATAGCACAAA,0
TAAAAAATGCAGAACC,0
TAAAAAATGCGGGACG,0
TAAAAAATGTTTGTCG,0
TAAAAAATTTAGCTTG,0
TAAAAACAAATCACAC,0
TAAAAACAATGTCGAG,0
TAAAAACACTAATGGG,0
TAAAAACACTTGCTAA,0
TAAAAACAGGACCATG,0
TAAAAACATAAAGCGC,0
TAAAAACATAAATAAT,0
TAAAAACATATACAAA,0
TAAAAACATGATTGGA,0
TAAAAACCAAGAGCCG,0
TAAAAACCACAACAAT,0
TAAAAACCATCGCTGG,0
TAAAAACCCCTTTATT,0
TAAAAACGAAACCTCT,0
TAAAAACGTCAAATCC,0
TAAAAACGTTTAAATA,0
TAAAAACTACAAGTAT,0
TAAAAACTACAGAGCG,0
TAAAAACTGTTACCTA,0
TAAAAAGAATGCACTA,0
TAAAAAGAGTAAGAGC,0
TAAAAAGATAGAATTG,0
TAAAAAGATTCATAGC,0
TAAAAAGCCCATAGAC,0
TAAAAAGCTCAAGTAT,0
TAAAAAGGATTTATAC,0
TAAAAAGTACCTATTA,0
TAAAAAGTACTTTCAG,0
TAAAAAGTTAAGAAAC,0
TAAAAAGTTGTTAGGT,0
TAAAAATAACACCAAA,0
TAAAAATACTCAAAGA,0
TAAAAATATTTGCACT,0
TAAAAATCACATCATT,0
TAAAAATCCATAGACC,0
TAAAAATCCCAGGAGT,0
TAAAAATCCGATCGGC,0
TAAAAATCGCCTGAAT,0
TAAAAATCTATATTAT,0
TAAAAATCTCAGACAG,0
TAAAAATCTTATAGCA,0
TAAAAATGCATTAAAA,0
TAAAAATGCCTTTGCT,0
TAAAAATGTGAATCGG,0
TAAAAATGTTAACAGC,0
TAAAAATTCATAGAAC,0
TAAAAATTGGATGGAC,0
TAAAAATTTCGGCGAC,0
TAAAACAAAAAATAGG,0
TAAAACAAAACCAGGC,0
TAAAACAAAATGACTT,0
TAAAACAACACTTGTA,0
TAAAACAAGAACTAAT,0
TAAAACAATCAGAGAT,0
TAAAACAATTACCATA,0
TAAAACAATTGAACGT,0
TAAAACACCTGAATAC,0
TAAAACACGAGACGCA,0
TAAAACACGGCTTGAT,0
TAAAACACTTGTGCTA,0
TAAAACAGCAAATACC,0
TAAAACAGGGAATCCC,0
TAAAACAGTAAAAAGA,0
TAAAACAGTGCTCAGA,0
TAAAACATACGGTTCG,0
TAAAACATATGAATGA,0
TAAAACATCATGCTTT,0
TAAAACATTAGCTTAC,0
TAAAACCAAACCAAAC,0
TAAAACCAAAGACAAA,0
TAAAACCAAGCAGAAT,0
TAAAACCAAGTCACCC,0
TAAAACCAATACCGTA,0
TAAAACCACTAATTAA,0
TAAAACCAGTAAACGG,0
TAAAACCATATATACG,0
TAAAACCATTCTGTCC,0
TAAAACCCATACTTCT,0
TAAAACCCCGACTCAT,0
TAAAACCCTCAAAACT,0
TAAAACCCTGCATATA,0
TAAAACCGAAGTGAAA,0
TAAAACCGCTAACTGA,0
TAAAACCGGGAAAGTA,0
TAAAACGAGAAAGGCA,0
TAAAACGAGAGCGGCC,0
TAAAACGAGTATAGCA,0
TAAAACGATTAACAGT,0
TAAAACGCAAAGCGTT,0
TAAAACGTAGTACTTT,0
TAAAACGTTAGCCTCA,0
TAAAACGTTTCTGAAG,0
TAAAACTAAAAATCAT,0
TAAAACTAACAAGCAT,0
TAAAACTACCTTGATC,0
TAAAACTACTTATCAC,0
TAAAACTCATAGAACT,0
TAAAACTCTATGAAAA,0
TAAAACTCTCCTCATC,0
TAAAACTGCTCAACAA,0
TAAAACTTGAAACTCA,0
TAAAACTTGCTGAGCC,0
TAAAACTTTAAAAAGG,0
TAAAAGAAAAACGACA,0
TAAAAGAAAAGAACGA,0
TAAAAGAAACAAAGAA,0
TAAAAGAAGAGATCTT,0
TAAAAGAATCGTTTAC,0
TAAAAGACAAAAGAGC,0
TAAAAGACCAAAAGGC,0
TAAAAGACGTGCCTCC,0
TAAAAGACTAAATACG,0
TAAAAGACTGCCTAGG,0
TAAAAGAGCAACCCCT,0
TAAAAGAGTTTACGAA,0
TAAAAGCACCAAGCAG,0
TAAAAGCACCATCATA,0
TAAAAGCACTAGCAAA,0
TAAAAGCATCCACGAG,0
TAAAAGCCACCAGGAG,0
TAAAAGCTAAACACGG,0
TAAAAGCTAACGTATG,0
TAAAAGCTCATAAAAG,0
TAAAAGCTGCCCTTTA,0
TAAAAGGAAAGTTATT,0
TAAAAGGACCCTAACT,0
TAAAAGGCCTTGACAC,0
TAAAAGGGGCTTAAAA,0
TAAAAGGGTGATATAC,0
TAAAAGGTAGAAAAGA,0
TAAAAGGTAGAGACAT,0
TAAAAGGTGGAAAACT,0
TAAAAGTAAAACCAAG,0
TAAAAGTAATATTCCC,0
TAAAAGTACGTATCCC,0
TAAAAGTACTGAGAGG,0
TAAAAGTATTTAAAAA,0
TAAAAGTCACGAGCTC,0
TAAAAGTCGATCGTAT,0
TAAAAGTCGGCCAGAC,0
TAAAAGTGCGATGCAA,0
TAAAAGTGTGGACCTT,0
TAAAAGTTCAAAATAT,0
TAAAATAAAATATAGA,0
TAAAATAAGCTTGTAG,0
TAAAATAAGTAGTTAA,0
TAAAATAATACCCCGA,0
TAAAATACAATCATTG,0
TAAAATACCCCATAGA,0
TAAAATAGAACGAAGA,0
TAAAATAGCGATGGAG,0
TAAAATAGCTTAATAT,0
TAAAATAGTTCCTTAA,0
TAAAATATACCATTAA,0
TAAAATATACTGAGAC,0
TAAAATATCTGTCACT,0
TAAAATATGCACTGAA,0
TAAAATCAAATAAGTG,0
TAAAATCAACTTCATA,0
TAAAATCAATTCGGTC,0
TAAAATCGGATTAACA,0
TAAAATCGTAAACCAC,0
TAAAATCGTGTACGAG,0
TAAAATCTAGGCATAA,0
TAAAATGAACAAAATT,0
TAAAATGAACGGTACG,0
TAAAATGACACTTGGT,0
TAAAATGAGGTCTACT,0
TAAAATGCCAGAATTT,0
TAAAATGCCAGGATTT,0
TAAAATGTCAATCATA,0
TAAAATGTCCGTAAGG,0
TAAAATGTCTATAAAC,0
TAAAATGTCTTCATAA,0
TAAAATGTTCCGTATC,0
TAAAATGTTGATTCAG,0
TAAAATTAAAAATTAA,0
TAAAATTAAAGCACAT,0
TAAAATTAACAACCTG,0
TAAAATTAACATTTAA,0
TAAAATTAATAGCGAA,0
TAAAATTAGCATTAAG,0
TAAAATTAGGGAGTAT,0
TAAAATTAGTAAAACA,0
TAAAATTAGTATCAAA,0
TAAAATTCAAAACAAC,0
TAAAATTCACTACCAA,0
TAAAATTCGGTGATCC,0
TAAAATTTCTACAAGT,0
TAAAATTTCTACCTTA,0
TAAAATTTGCCTACAA,0
TAAACAAAAAACTAAT,0
TAAACAAAACGGTTAT,0
TAAACAAAATTAATGA,0
TAAACAAACCGCAAGC,0
TAAACAAAGAGGAAAA,0
TAAACAAATAAGGACA,0
TAAACAAATTCACAGA,0
TAAACAAATTGTGTCC,0
TAAACAACAAAAAAAC,0
TAAACAACCCAGTGAG,0
TAAACAACGAATCGAT,0
TAAACAATAGTGTAGC,0
TAAACAATATCTTTTC,0
TAAACAATCATTTGGC,0
TAAACAATTCTCCCAA,0
TAAACAATTGATACTG,0
TAAACACAAGTCTTGT,0
TAAACACACAAAAGAA,0
TAAACACACCACAAGG,0
TAAACACACGCGTGAG,0
TAAACACATCAGCCTC,0
TAAACACCAGAAGTAT,0
TAAACACCCGCTAAAC,0
TAAACACCGCAACAAT,0
TAAACACCTCGCAATT,0
TAAACACCTCTTAAGA,0
TAAACACTCTTTGGAG,0
TAAACACTTCCGATAC,0
TAAACACTTGAACCAG,0
TAAACAGATACCAATC,0
TAAACAGATGATCCCT,0
TAAACAGCCGGAATGG,0
TAAACAGCGAGGCTCA,0
TAAACAGCTAAAATCT,0
TAAACAGCTGCGAGGG,0
TAAACAGGAATTATGC,0
TAAACAGGCATCTATC,0
TAAACAGGCTACAAAC,0
TAAACAGTATAGGCCC,0
TAAACAGTTCCATTTG,0
TAAACATAAAAAATAC,0
TAAACATAAAAAGTAG,0
TAAACATAAATCAAAC,0
TAAACATAAGCGCGCG,0
TAAACATAAGGAAAAA,0
TAAACATACTTATCCC,0
TAAACATATGACTATC,0
TAAACATCACAAAACT,0
TAAACATCACACCTAA,0
TAAACATCACCCTACC,0
TAAACATGAGAGCCCC,0
TAAACATGAGTGAAAC,0
TAAACATGCACAGAGA,0
TAAACATGCCGCAGAC,0
TAAACATTAGACCATC,0
TAAACATTGAATAGTT,0
TAAACCAAATACTACG,0
TAAACCAACTCGCTTT,0
TAAACCAATACGAACA,0
TAAACCACAGAACATC,0
TAAACCACATGCAACA,0
TAAACCACGACTGAGA,0
TAAACCAGAACTGTCC,0
TAAACCAGACAGAAAC,0
TAAACCAGACTATATC,0
TAAACCAGTTATGTAA,0
TAAACCATCGAGCGCC,0
TAAACCATCTCTCAGC,0
TAAACCATGGGACCCT,0
TAAACCATTAATCATA,0
TAAACCCAACAAAAAC,0
TAAACCCAATTTCGAT,0
TAAACCCACAAAACGC,0
TAAACCCCCTTAACCT,0
TAAACCCGAAAACCTT,0
TAAACCCGGAATTAAA,0
TAAACCCGGTCGCAAC,0
TAAACCCGGTGATGAG,0
TAAACCCTCAATAAAC,0
TAAACCCTGATCTTTG,0
TAAACCCTTACGTAAA,0
TAAACCGGACAAGGTC,0
TAAACCGGGTGAATCG,0
TAAACCGTGATTCCCT,0
TAAACCGTGTGACACA,0
TAAACCTAAAATTCAG,0
TAAACCTAAAGCATTT,0
TAAACCTAGGCGTATT,0
TAAACCTGATAATACA,0
TAAACCTGTTTAAGGA,0
TAAACGAAAAGTATAG,0
TAAACGAATAATATCT,0
TAAACGACATAGGTCA,0
TAAACGACATCTCCTT,0
TAAACGAGATCAATTA,0
TAAACGAGTATCGTTT,0
TAAACGATGAAATTAG,0
TAAACGATGCGTTGAC,0
TAAACGCAAATGACAA,0
TAAACGCCAAACTCGA,0
TAAACGCCAAAGCAGC,0
TAAACGCCCTAACCTT,0
TAAACGCCGAAGCACG,0
TAAACGCGTCAATAAC,0
TAAACGCGTCAGGCAG,0
TAAACGCTCGCCAGCA,0
TAAACGGATAAGCTCA,0
TAAACGGATACCTAGA,0
TAAACGGATCAACCAC,0
TAAACGGGCGAACCGA,0
TAAACGGGGACCGAAC,0
TAAACGGGGATAAGTT,0
TAAACGGTACATGAAA,0
TAAACGTACACCCAGC,0
TAAACGTAGGCAACAG,0
TAAACGTATGGAGAAC,0
TAAACGTCCACTACAA,0
TAAACGTCCCAGTGTT,0
TAAACTAAAGTGCCTA,0
TAAACTAAGCTATCCG,0
TAAACTAATGAGAATT,0
TAAACTACAGCTCCCA,0
TAAACTACGACGTCCT,0
TAAACTACTATAACCG,0
TAAACTACTGGTCTGC,0
TAAACTAGAGTTGCAC,0
TAAACTAGCGCTTAAG,0
TAAACTAGTGCTTTCC,0
TAAACTATAACGTAAC,0
TAAACTATAGACCCAA,0
TAAACTATGCGAAATA,0
TAAACTCAAGTTCTAA,0
TAAACTCACTTAGCAG,0
TAAACTCAGGACTAGG,0
TAAACTCATGGAGGGT,0
TAAACTCCTATACCCT,0
TAAACTCGATATACAT,0
TAAACTCGTAACTCCT,0
TAAACTCTAAAACGAA,0
TAAACTGAATACACGC,0
TAAACTGACCCTGAGG,0
TAAACTGCGACATGAC,0
TAAACTGTAACGCATA,0
TAAACTTACCCATAGA,0
TAAACTTATATGTCTC,0
TAAACTTCCAATATGG,0
TAAACTTCCAGAGCTA,0
TAAACTTGACACTGTC,0
TAAACTTGCTTAGAGT,0
TAAACTTTACATCCTA,0
TAAACTTTAGGATGAC,0
TAAAGAAAATGCGTAC,0
TAAAGAAATAGACACA,0
TAAAGAACACAGCCAC,0
TAAAGAACATGTACCC,0
TAAAGAACCTTGAAGG,0
TAAAGAATACATTTGT,0
TAAAGAATACCATGAG,0
TAAAGAATAGAGGAAG,0
TAAAGAATGCAGCTAA,0
TAAAGAATTTGTACAA,0
TAAAGACAAAGTAAGC,0
TAAAGACATAATAACT,0
TAAAGACATAATATAG,0
TAAAGACCCATATACG,0
TAAAGACGTCCCGCAC,0
TAAAGACTAATAAGTC,0
TAAAGACTGCAAGAAT,0
TAAAGAGACTTTAAGC,0
TAAAGAGCCGAGAGAG,0
TAAAGAGGAATGAAGC,0
TAAAGAGTGTTGGCAT,0
TAAAGATACTATTTCA,0
TAAAGATAGGCCTTTG,0
TAAAGATCAAGAAATG,0
TAAAGATCGTAGCTCA,0
TAAAGATCTAACTGCC,0
TAAAGATCTTCTGCGT,0
TAAAGATGAGAACGCA,0
TAAAGCAAAATCCTGC,0
TAAAGCAAGGATACAA,0
TAAAGCAAGTTAATTC,0
TAAAGCAATCTCAATG,0
TAAAGCACACCAATAC,0
TAAAGCACGAGTCACT,0
TAAAGCAGGTTCATGC,0
TAAAGCATATAAAATC,0
TAAAGCATTCGCAAAA,0
TAAAGCCAAAACTTTA,0
TAAAGCCAATACACAG,0
TAAAGCCATATAAAGT,0
TAAAGCCCAGATCTCA,0
TAAAGCCCCATAAACA,0
TAAAGCCGCCGAAGTC,0
TAAAGCCGTAAAACAC,0
TAAAGCCTACGGGCTG,0
TAAAGCCTAGAGAAGA,0
TAAAGCCTGAGTACAT,0
TAAAGCCTGCAAGTTT,0
TAAAGCGACTTAAAAT,0
TAAAGCGAGTGATATG,0
TAAAGCGCTTACTTCG,0
TAAAGCGTTAAAAATT,0
TAAAGCTAATAAGCAG,0
TAAAGCTATAAATTTT,0
TAAAGCTATATAATCA,0
TAAAGCTCAATAAGAA,0
TAAAGCTCCTACAACA,0
TAAAGCTGAAGTATAA,0
TAAAGCTTAAATGAGA,0
TAAAGCTTAGCAAAAA,0
TAAAGGAAACGTTAAA,0
TAAAGGAACTAAATTT,0
TAAAGGAACTTACCAA,0
TAAAGGAAGATTGGTC,0
TAAAGGAAGTACCTTT,0
TAAAGGACTATATTGC,0
TAAAGGATCTGTTAAC,0
TAAAGGGACGTATAAA,0
TAAAGGGACTCATGAC,0
TAAAGGTCGCGCTAAC,0
TAAAGGTGTCTACGTC,0
TAAAGGTTTCGCAGAA,0
TAAAGTAAAATCTTCT,0
TAAAGTAAAATGTACA,0
TAAAGTAACGATAGTT,0
TAAAGTAAGTGGTGAG,0
TAAAGTACTATTACCG,0
TAAAGTAGACACCACC,0
TAAAGTAGATACAGAA,0
TAAAGTATACTACTCT,0
TAAAGTATATATCCTT,0
TAAAGTCACTTTGCAA,0
TAAAGTCAGAGTCCTT,0
TAAAGTCATATATCGA,0
TAAAGTCCTATACGCA,0
TAAAGTCTTCATAAAA,0
TAAAGTGAAAATTTAA,0
TAAAGTGACAAAACAA,0
TAAAGTGCGATCAGGG,0
TAAAGTGTGAAAACCA,0
TAAAGTTAAATTATAA,0
TAAAGTTAACATTGGA,0
TAAAGTTCAACATCGG,0
TAAAGTTGAGTCCTTA,0
TAAATAAAATTTTAAC,0
TAAATAAACCGTCGAA,0
TAAATAACCCCGAATT,0
TAAATAACGAAGGGAT,0
TAAATAACTACGAGAG,0
TAAATAACTTGTTCAA,0
TAAATAAGAACCGAGT,0
TAAATAAGAATGTAAG,0
TAAATAAGACGCACAA,0
TAAATAAGATAGGATC,0
TAAATAAGCGGCGTAA,0
TAAATAATAAGAATTT,0
TAAATAATCTATGCCA,0
TAAATAATGGTTATAT,0
TAAATAATGTGCCAAA,0
TAAATAATTTTAGTAC,0
TAAATACAAAAATAAT,0
TAAATACAAACTGCAT,0
TAAATACAAGAGGTTA,0
TAAATACACGATACAA,0
TAAATACAGTGAAATC,0
TAAATACCACGTCGTG,0
TAAATACCAGAAGGTC,0
TAAATACCATTTCACT,0
TAAATACCTCGAGTCA,0
TAAATACGAAATATAT,0
TAAATACGCAAAGACC,0
TAAATACTCGACCAAA,0
TAAATACTCTAAACAG,0
TAAATACTTAACGGGA,0
TAAATAGAATATAAAT,0
TAAATAGACAGCCGCG,0
TAAATAGAGACCGCAC,0
TAAATAGCACACTGAT,0
TAAATAGCCCTCCTTT,0
TAAATAGCTACCTACG,0
TAAATAGCTTACCAAA,0
TAAATAGGAGCCGGGC,0
TAAATAGGGAAGCAAC,0
TAAATAGGGCAGAATA,0
TAAATAGTATACAGGA,0
TAAATAGTATGAGACT,0
TAAATAGTTACAATTT,0
TAAATAGTTCTCAAAA,0
TAAATATAAAACTAAT,0
TAAATATAACGACTAC,0
TAAATATAACTTTGAA,0
TAAATATAGCCAGAGA,0
TAAATATAGTTATGTG,0
TAAATATCAACATGTT,0
TAAATATCCTTTAAAA,0
TAAATATGAATCCTCT,0
TAAATATGCATGCCAA,0
TAAATATGGAAAGAAA,0
TAAATATGTTTCAAAT,0
TAAATATTATAACAGC,0
TAAATATTCTCAGCAA,0
TAAATCACGAATTCTT,0
TAAATCACTCAATAAA,0
TAAATCAGTTCAACCA,0
TAAATCAGTTTAGCAA,0
TAAATCATATGACGAG,0
TAAATCATGATACGCT,0
TAAATCCAAAATTAAC,0
TAAATCCAGTTAAAGT,0
TAAATCCCAGACGATA,0
TAAATCCCGTCGACGT,0
TAAATCCCTTACAGGT,0
TAAATCCCTTTAGTTT,0
TAAATCGGGACCCTGA,0
TAAATCGGTATCATTC,0
TAAATCGTACAATACA,0
TAAATCGTGGGTCTAA,0
TAAATCTAAACCTCAT,0
TAAATCTAAATTTGGG,0
TAAATCTAAGACTATA,0
TAAATCTACACGCACA,0
TAAATCTACATAATTT,0
TAAATCTACCGGAATA,0
TAAATCTACGACATAT,0
TAAATCTACTATAGAA,0
TAAATCTAGCGATTAA,0
TAAATCTAGTAAGTAG,0
TAAATCTATAAAAATG,0
TAAATCTATTATTTAA,0
TAAATCTCAAAAAACC,0
TAAATCTCAAAAAATT,0
TAAATCTCGCAGAGCC,0
TAAATGAAAACACATA,0
TAAATGAACACTCCTT,0
TAAATGAAGATGAGAA,0
TAAATGAAGTCACATG,0
TAAATGACAACGTTTG,0
TAAATGACACACAGCC,0
TAAATGACTGAAATCC,0
TAAATGAGTACCATGC,0
TAAATGATCTCCTTAA,0
TAAATGATGAGTAGCT,0
TAAATGATGCATTAGG,0
TAAATGCACACACTAT,0
TAAATGCAGCTCAATT,0
TAAATGCATGAATCAT,0
TAAATGCCAGGCAGAT,0
TAAATGCGTAAATAGG,0
TAAATGCTGAAAAGAT,0
TAAATGGACGAGCAAG,0
TAAATGGAGGAGGTCT,0
TAAATGGTACGCCACA,0
TAAATGGTTCGGGATA,0
TAAATGTCATATGGAT,0
TAAATGTCTAACTAAG,0
TAAATGTGAAGTTGAT,0
TAAATGTGGGGGATCC,0
TAAATGTGTAAGGTCG,0
TAAATGTGTGCGAGAA,0
TAAATGTTTTTTCGGT,0
TAAATTAAAACAACTT,0
TAAATTAAAATACATA,0
TAAATTAAAATTACCG,0
TAAATTAAAGACACAA,0
TAAATTAAGCATTAAC,0
TAAATTAAGCCAAGTG,0
TAAATTAAGGAAATAT,0
TAAATTAAGGGGTAGA,0
TAAATTAAGTTCACGT,0
TAAATTAATTCCAGAG,0
TAAATTACATAGGCAC,0
TAAATTAGACGTAGTT,0
TAAATTAGGCTTAAGT,0
TAAATTATATTTGGAG,0
TAAATTATGTCAACAA,0
TAAATTCAAAAACAGA,0
TAAATTCAGATTGCCA,0
TAAATTCATTTGTAAA,0
TAAATTCCATGTCTAC,0
TAAATTCGAAATCTGC,0
TAAATTCGGAAAACGC,0
TAAATTCGGAATAATT,0
TAAATTCTAATACAAA,0
TAAATTCTGCCATCAG,0
TAAATTGCTTAAATGC,0
TAAATTGGTCCAATAT,0
TAAATTGTAGTTTACT,0
TAAATTTAATAAAAAT,0
TAAATTTACCTGGAAT,0
TAAATTTAGACTTCTC,0
TAAATTTAGAGCAGTT,0
TAAATTTAGATTTTGT,0
TAAATTTAGGCAGGAA,0
TAAATTTATATTTGTC,0
TAAATTTATCTCCACA,0
TAAATTTATCTGAGAA,0
TAAATTTATTTAAACC,0
TAAATTTCACGTACAA,0
TAAATTTGAACTGTAG,0
TAAATTTGATACGAAC,0
TAAATTTGCTAGTCAC,0
TAAATTTGGGGGATCC,0
TAAATTTGTCAGTCGG,0
TAAATTTTAATTTAAC,0
TAAATTTTATCAAACA,0
TAAATTTTATTCAATT,0
TAACAAAAAATAAAGT,0
TAACAAAAACCTACAC,0
TAACAAAAGAAAAAAG,0
TAACAAAATCACGATA,0
TAACAAAATCGGAACT,0
TAACAAAATGATGCAT,0
TAACAAAATTCTCCCT,0
TAACAAACTATATGCG,0
TAACAAACTCTTTAAC,0
TAACAAAGTCAGTATC,0
TAACAAAGTCATGGTT,0
TAACAAATAATATATT,0
TAACAAATACTTCAAA,0
TAACAAATATTTAGGA,0
TAACAAATCCAAGTAC,0
TAACAAATCCTGACAA,0
TAACAAATTAAGTGAC,0
TAACAACACCGTAGAA,0
TAACAACACTACTTGG,0
TAACAACACTTGAACT,0
TAACAACCTCCTAAAC,0
TAACAACGAAGGAATA,0
TAACAACGACCAATAT,0
TAACAACGAGATTAAA,0
TAACAACTACATTATA,0
TAACAACTATATAGCT,0
TAACAACTGGTCAAAG,0
TAACAACTTACCCATA,0
TAACAAGACGTTTATT,0
TAACAAGATTCTGCCG,0
TAACAAGCAAATGACT,0
TAACAAGCACGGCTCC,0
TAACAAGCAGTCAAAC,0
TAACAAGCTCCAGGAG,0
TAACAAGCTCTTTCCC,0
TAACAAGGTAGTATTA,0
TAACAAGTATCAGGAA,0
TAACAAGTCTCTTGGG,0
TAACAAGTGCGTGCAC,0
TAACAATAAGAGAATA,0
TAACAATAAGCGCACG,0
TAACAATCAATGCTGC,0
TAACAATCGCAGCCAA,0
TAACAATCTCTGGTTG,0
TAACAATGCCCCCCGC,0
TAACAATGCTATTAAG,0
TAACAATGCTATTGTA,0
TAACAATGTGACAGTA,0
TAACAATGTTATTCCA,0
TAACAATTAGCTCCAT,0
TAACAATTATCTAACC,0
TAACAATTCAAAGAAA,0
TAACAATTCAGAGTCC,0
TAACACAAAGTCACCC,0
TAACACAACTTATATA,0
TAACACAAGTTAATCG,0
TAACACAAGTTCCGGT,0
TAACACACATCTAAGC,0
TAACACACCAACCTCC,0
TAACACACGGCACAGC,0
TAACACACGTCCTGAA,0
TAACACACTAATTGCA,0
TAACACAGACGTTACA,0
TAACACAGGGGGTGAT,0
TAACACCACCTCTAGA,0
TAACACCATAGAAGAT,0
TAACACCATGCTGGAA,0
TAACACCCAATAAAAT,0
TAACACCTAGAAAACG,0
TAACACCTAGGCAAAT,0
TAACACCTGAATCACT,0
TAACACCTGGCACATA,0
TAACACGGATACCCAA,0
TAACACTAAAAACCAG,0
TAACACTATAGAGAAG,0
TAACACTCTCGTAAAC,0
TAACACTGGCTCGTAG,0
TAACACTTGATCTACC,0
TAACAGAATCGCGCCC,0
TAACAGAATTATCAGG,0
TAACAGACAGAAACAA,0
TAACAGAGACGAATCA,0
TAACAGCAATTCAAGC,0
TAACAGCAGCTTGCTC,0
TAACAGCATAAAAAAT,0
TAACAGCATAGGTTTA,0
TAACAGCCACATACCA,0
TAACAGCTCACTTTGA,0
TAACAGCTGCACCGCG,0
TAACAGCTTCGTGCAC,0
TAACAGGAAACCTGGA,0
TAACAGGCACACACTA,0
TAACAGGTCACCCTTA,0
TAACAGGTTTATTCGA,0
TAACAGTAGGATATCA,0
TAACAGTTCTAATTGC,0
TAACATAAAGATTTGT,0
TAACATAACGGTAGAG,0
TAACATAAGTTATGAT,0
TAACATAATTTAAGGT,0
TAACATACAATATAGC,0
TAACATACCAAAATGG,0
TAACATACCAAACTGA,0
TAACATACCCCCCACT,0
TAACATAGATCCCAAT,0
TAACATAGGCCCCAGC,0
TAACATATCAATTTAA,0
TAACATATTATCAAGG,0
TAACATATTATTCACG,0
TAACATATTTAAATTT,0
TAACATCCCAATACGA,0
TAACATCGACCTATAA,0
TAACATCGCCCTCTTG,0
TAACATCGGTCAAAAT,0
TAACATCTAGGCTAAA,0
TAACATCTCCGGAATG,0
TAACATGCCAATTAAT,0
TAACATGGGTCAGCCT,0
TAACATGTTGTAAGGG,0
TAACATTACGCAGATA,0
TAACATTAGCATACCT,0
TAACATTAGTGTGAGA,0
TAACATTATGACACGT,0
TAACATTGCACAACAT,0
TAACATTTCTATTAAA,0
TAACCAAAAGAGCTTC,0
TAACCAAACCACGACA,0
TAACCAAACGTGAACT,0
TAACCAAAGACGCTCG,0
TAACCAAATACCTAAA,0
TAACCAACAATCGGAA,0
TAACCAACCCACAACC,0
TAACCAAGATGATACC,0
TAACCAAGGCCTCAGG,0
TAACCAATACTAGAAG,0
TAACCAATTTGATAAT,0
TAACCACAACTTAGCG,0
TAACCACGAACACAAA,0
TAACCACGACACTAAG,0
TAACCACGGAGTTTGG,0
TAACCACTGATATCCT,0
TAACCACTTAGAATAA,0
TAACCAGACAACCTCG,0
TAACCAGCTACTTCAC,0
TAACCAGGATCTTCAG,0
TAACCAGTCCCACAGG,0
TAACCATAAACTAAGT,0
TAACCATAAAGTGCAC,0
TAACCATAACGACATC,0
TAACCATAATCTAACT,0
TAACCATACCAAAAAA,0
TAACCATATATACACC,0
TAACCATCAAAATCAA,0
TAACCATCGAATTATC,0
TAACCATGTTATTGTA,0
TAACCATTCCCAGAGT,0
TAACCCAAAAACCCAA,0
TAACCCAAACTACTAA,0
TAACCCAAGACATTAG,0
TAACCCAAGATATAGG,0
TAACCCAGGGCTTGAA,0
TAACCCCACCGACGTA,0
TAACCCCACCGCGCAT,0
TAACCCCAGTCAGTAT,0
TAACCCCATAATACTT,0
TAACCCCTACACTACT,0
TAACCCCTATACACAT,0
TAACCCCTGTCAGCGG,0
TAACCCGACGATACAT,0
TAACCCGTCAATTATG,0
TAACCCGTTGTTCACA,0
TAACCCTCGACTGCCA,0
TAACCCTGTCTATTAA,0
TAACCGAAACGCAATA,0
TAACCGACATTTCTAC,0
TAACCGATGATTGTTA,0
TAACCGATGCTAATAC,0
TAACCGATGTACGATC,0
TAACCGGGAGCAACGT,0
TAACCGGGTGACCCAA,0
TAACCGGTGTATAAAA,0
TAACCGTAAAGTACTA,0
TAACCGTACAAATTCT,0
TAACCGTACGACACCC,0
TAACCGTAGGAAGGAA,0
TAACCGTCCCCGGGAA,0
TAACCGTCGTCAAGTA,0
TAACCTAAATGAAACT,0
TAACCTAACCCATACC,0
TAACCTAACCTATAAC,0
TAACCTAAGGCCAATT,0
TAACCTAATAACGTAA,0
TAACCTAATCCAACAT,0
TAACCTAATGCGAACT,0
TAACCTAATGGCGTTT,0
TAACCTAGAAGTGCTC,0
TAACCTATAAGCCACG,0
TAACCTATACGAATCC,0
TAACCTCAAATGACGA,0
TAACCTCAATACGAAT,0
TAACCTCGATCGAAAT,0
TAACCTCGCTAACAAG,0
TAACCTCGTCCCCCAG,0
TAACCTCTAGCTTTAA,0
TAACCTCTTCAAAAAT,0
TAACCTCTTCCAGGAA,0
TAACCTGAAAACGCTA,0
TAACCTGAAAGTCTAA,0
TAACCTGCGAGCCAAT,0
TAACCTGTCGATAAAG,0
TAACCTTCACGTTCGA,0
TAACCTTTAAAGACTC,0
TAACCTTTGCCCACGA,0
TAACGAAAATTTCCGT,0
TAACGAAACCTAGCTC,0
TAACGAAATTCGATGT,0
TAACGAACAGACCATT,0
TAACGAACCGCTACCC,0
TAACGAACGAAAAAAC,0
TAACGAACGCCATGTT,0
TAACGAAGAGCACAAA,0
TAACGAAGGACACACG,0
TAACGACAAACGAATA,0
TAACGACAGATTAGAT,0
TAACGACAGGATTTTA,0
TAACGACGTACACATT,0
TAACGATAAAAGACGA,0
TAACGATACCCCTACT,0
TAACGATCACCAAAGG,0
TAACGATCCACCCAGT,0
TAACGATGGAGCCCCC,0
TAACGATTGTGAGCCA,0
TAACGCAACTTTCCCG,0
TAACGCAAGTTAAAAA,0
TAACGCAGTTTCACAG,0
TAACGCATCGGTTTCC,0
TAACGCCGTACGCATA,0
TAACGCCTAGTGTACA,0
TAACGCCTTGTGGCAG,0
TAACGCGATTACTTGA,0
TAACGCGGGAAATTAA,0
TAACGCGTACCACTAA,0
TAACGCTACCACCAGG,0
TAACGCTGTATTGCCA,0
TAACGCTTAAGTAAGT,0
TAACGGACTTGTTCAT,0
TAACGGAGAGAGTAGC,0
TAACGGAGATTCTCTG,0
TAACGGCACGATCCAT,0
TAACGGCCGCGTTGTG,0
TAACGGCGACAGATGG,0
TAACGGGACACTCTAT,0
TAACGGGTTAGAAAGC,0
TAACGGTACCAATGCC,0
TAACGGTGTTTCCCTT,0
TAACGGTTAACGGACC,0
TAACGGTTCACAAAGC,0
TAACGTAAAACCATAG,0
TAACGTAAACTCGAAG,0
TAACGTAAATGTACGA,0
TAACGTAGAAGCATTA,0
TAACGTATAACAAATG,0
TAACGTATAAGGTTAA,0
TAACGTATAGTAGATT,0
TAACGTCAAGCCAGGA,0
TAACGTGAACCAACAT,0
TAACGTGACCGTAGCG,0
TAACGTGGCAAACACC,0
TAACGTTAAAAGTGCG,0
TAACGTTGAAACGGAA,0
TAACGTTTCTGTTAGA,0
TAACTAAAATATCATT,0
TAACTAAAGTCTCACG,0
TAACTAAATAAAGCCG,0
TAACTAACACAAGTGC,0
TAACTAACCCCGAGTG,0
TAACTAACGGATTTAT,0
TAACTAACGTGTGGCG,0
TAACTAAGGATATAAG,0
TAACTAATATAATAGA,0
TAACTAATATTGAATC,0
TAACTAATGTATAACA,0
TAACTAATTCGATGGT,0
TAACTAATTGCACTGA,0
TAACTACAACACACGC,0
TAACTACAGGTGCATA,0
TAACTACATGGCAAAA,0
TAACTACTAGGTTACA,0
TAACTACTCAGTGAAC,0
TAACTACTCCTGTCAA,0
TAACTACTGCTGTGTC,0
TAACTAGACTATACGG,0
TAACTAGATCTTGTTG,0
TAACTAGCAAGGTTCC,0
TAACTATAACGAACCC,0
TAACTATAATATTTAG,0
TAACTATAGTGCGTCA,0
TAACTATGGACCATGC,0
TAACTATTAATTTACG,0
TAACTATTATGCCAAT,0
TAACTATTGAGTGTCT,0
TAACTATTTGAAGGAA,0
TAACTCAAACATGGCG,0
TAACTCAACAATTATG,0
TAACTCAAGTAAACGG,0
TAACTCAAGTCCCTGG,0
TAACTCAATAAGTATA,0
TAACTCAGAAAAGAAA,0
TAACTCATAACTAATC,0
TAACTCATTCACAACC,0
TAACTCATTGAGACGA,0
TAACTCCAATGATAAA,0
TAACTCCCAGAGTTCT,0
TAACTCCCTAATCCAG,0
TAACTCCTGTCCAAAA,0
TAACTCGAATACGATT,0
TAACTCGATCATTATA,0
TAACTCGGGCTCAAAG,0
TAACTCTAATATTGTG,0
TAACTCTAATTACATG,0
TAACTCTATACAAACA,0
TAACTCTATGAAATTA,0
TAACTCTCGTTTAAGA,0
TAACTCTGCATAACCA,0
TAACTCTTTCATGCGC,0
TAACTGAAACACACCT,0
TAACTGAAATGTAGAA,0
TAACTGAAGAATGTGT,0
TAACTGAATCTGAGTG,0
TAACTGACAAATCATC,0
TAACTGACTTAGCATA,0
TAACTGAGATTAACAG,0
TAACTGAGCCGTTTAT,0
TAACTGATCACTACAA,0
TAACTGATGTATTCAA,0
TAACTGCAGAGCCCTT,0
TAACTGCATGGGTAAA,0
TAACTGCCCAAAATTG,0
TAACTGCCCTCGTAAC,0
TAACTGCCGCGGTGTA,0
TAACTGCCTACTGTAA,0
TAACTGCGGCTGTCTA,0
TAACTGCTTTATCCAA,0
TAACTGGCCGTAAGGA,0
TAACTGGCCTATATAA,0
TAACTGGGTACGAGTA,0
TAACTGGTAGTGGCAC,0
TAACTGGTATTTGCTG,0
TAACTGGTGTGGTTTC,0
TAACTGTAACCACTCC,0
TAACTGTAGTATAAAC,0
TAACTGTATCAACACT,0
TAACTGTCCAGAACCT,0
TAACTGTCGAGAAAGC,0
TAACTGTGAACTGCCA,0
TAACTGTTGTTTACCG,0
TAACTTAAGAGGCGTC,0
TAACTTAAGTAAACAC,0
TAACTTACAATAATGA,0
TAACTTAGAAGATAAG,0
TAACTTAGATTAACTA,0
TAACTTCAATAAGATG,0
TAACTTCATCAATTAA,0
TAACTTCATGGAGTAG,0
TAACTTCGAGAATTAA,0
TAACTTCGGCCAAGAA,0
TAACTTCTAAAGCACC,0
TAACTTGATTCAAGAA,0
TAACTTGGGTATCCCT,0
TAACTTGGTCTTTTGA,0
TAACTTTAAAACAAAA,0
TAAGAAAAAAGGCTAC,0
TAAGAAAAACCATGAT,0
TAAGAAAAATCAAAAA,0
TAAGAAAACTGACGAA,0
TAAGAAACAAAAAAAT,0
TAAGAAACAAGCAGTA,0
TAAGAAACCGCCAAAC,0
TAAGAAACTATTACGG,0
TAAGAAACTGTTCAAA,0
TAAGAAAGTATTTAAC,0
TAAGAAATAACTAATA,0
TAAGAAATTTGCTTAC,0
TAAGAACAAGCTATGG,0
TAAGAACCCATGAAAA,0
TAAGAACGCGCCATGG,0
TAAGAACTCTGTAAAT,0
TAAGAACTGCCGATAC,0
TAAGAACTTCCATTAC,0
TAAGAAGAATGACCCC,0
TAAGAAGACGGCACAA,0
TAAGAAGATACGGTAA,0
TAAGAAGCGTACTAAC,0
TAAGAAGCTCCACCAT,0
TAAGAAGCTTCTAGCT,0
TAAGAAGTAAGCGAAA,0
TAAGAAGTGAACTTTT,0
TAAGAAGTGTTTGAAA,0
TAAGAATAAGAGTGAT,0
TAAGAATAATGTAATC,0
TAAGAATCCTTACAAA,0
TAAGAATGAAATACGT,0
TAAGAATGAAGGTTGA,0
TAAGAATGATCATTTA,0
TAAGACAAAACGCGGA,0
TAAGACAACTAACAAA,0
TAAGACACCAATATAT,0
TAAGACACGGGAGAAG,0
TAAGACACTTCCAAAG,0
TAAGACAGATACCACC,0
TAAGACAGCCACCGAA,0
TAAGACATAACCTAAC,0
TAAGACATGCCTGTGG,0
TAAGACCAAAAGCACG,0
TAAGACCGAGCCCTTA,0
TAAGACCTAAAAGTAC,0
TAAGACCTGTAATCGG,0
TAAGACCTTAGGAAGA,0
TAAGACGATCAAGACG,0
TAAGACGCAGATGTAT,0
TAAGACGCGGACACAT,0
TAAGACTAATCATCGT,0
TAAGACTATAAAATAG,0
TAAGACTATTATACCG,0
TAAGACTCTAAAGAAA,0
TAAGACTTAACCTAAG,0
TAAGACTTGTTTTGAA,0
TAAGAGAACATCTTAC,0
TAAGAGAAGATAGACA,0
TAAGAGACAAGTATCA,0
TAAGAGAGAAGCCTGG,0
TAAGAGCATACGTCTT,0
TAAGAGCATTGCGCGT,0
TAAGAGCCTTTGAAAG,0
TAAGAGCGACACCCGC,0
TAAGAGCGCACCCAAT,0
TAAGAGCGTTTAACCG,0
TAAGAGCTATAAAAAA,0
TAAGAGCTGAGGAGCC,0
TAAGAGGAAAATACAT,0
TAAGAGGACCTTGTCA,0
TAAGAGGCCAAGAATG,0
TAAGAGGCCCTAAAAG,0
TAAGAGTAACAGAAAT,0
TAAGAGTAGAAACAGA,0
TAAGAGTATTAGGATT,0
TAAGAGTATTTCCCCA,0
TAAGAGTTGCAGTAGG,0
TAAGATAAGCCTCATA,0
TAAGATAATCTCGGAC,0
TAAGATAATCTTAGTT,0
TAAGATAGCCCGCGAC,0
TAAGATCATGGATTTG,0
TAAGATCCACTCGTTA,0
TAAGATCGCAGTCACA,0
TAAGATGACACCCGGA,0
TAAGATGATTGTAGCA,0
TAAGATGCCACAAGTG,0
TAAGATGCCCACGGCC,0
TAAGATGTCTAAGGGA,0
TAAGATTAACTAGTGG,0
TAAGATTACACTCTAA,0
TAAGATTACCTCATAA,0
TAAGATTACTGCTAAT,0
TAAGATTATACTAACC,0
TAAGATTCAAAAACCA,0
TAAGATTCATCGTTTT,0
TAAGATTGCCGAAGAA,0
TAAGCAACAAACGAAG,0
TAAGCAAGAAGTAGGC,0
TAAGCAAGACAAGAGC,0
TAAGCAAGCCAGGTGT,0
TAAGCAATAAGTCTGC,0
TAAGCAATCAATATTC,0
TAAGCAATCGCACTGG,0
TAAGCAATCTAGAGTG,0
TAAGCACACACTCAAT,0
TAAGCACATATTACTG,0
TAAGCACATTATTGAA,0
TAAGCACCCTGTACCA,0
TAAGCACTAATCGTTC,0
TAAGCAGAATTTTTAT,0
TAAGCAGCTGATCCGC,0
TAAGCAGCTGTTTTAA,0
TAAGCAGGATTATTGA,0
TAAGCAGTTTAGTTTG,0
TAAGCATAAGCCGAGA,0
TAAGCATAAGTCCTTT,0
TAAGCATAGAAAGAAG,0
TAAGCATCTTACAGCC,0
TAAGCATGACGTTTAC,0
TAAGCATGAGTGGTTC,0
TAAGCATGCAAGAATG,0
TAAGCATGCATAGACT,0
TAAGCATTCATTTACC,0
TAAGCCAAACCAAAGA,0
TAAGCCAATCACTTAG,0
TAAGCCACCTAAGAAG,0
TAAGCCACGATTTACA,0
TAAGCCACGTTTTCCG,0
TAAGCCACTCAGAGAA,0
TAAGCCCAATTCGACA,0
TAAGCCGACTTAAGGG,0
TAAGCCGGAGACTAAC,0
TAAGCCGGCACAAAAT,0
TAAGCCTGCCCTGCAT,0
TAAGCCTTAAATTTCA,0
TAAGCGAAAGGTAACA,0
TAAGCGAACCCTCCCA,0
TAAGCGAGTTAACACC,0
TAAGCGCCTACATATC,0
TAAGCGCCTGCCTGAA,0
TAAGCGTAATGTTTCA,0
TAAGCGTACCGAGATA,0
TAAGCGTACTCTCAGG,0
TAAGCGTATGCTTGGT,0
TAAGCGTCCGACCGAA,0
TAAGCTAAACGTGCGG,0
TAAGCTACACGATTCT,0
TAAGCTACGAAAAACA,0
TAAGCTAGACGAAGAT,0
TAAGCTATAAGATCAG,0
TAAGCTCAGAATTCTC,0
TAAGCTCATATAAAGT,0
TAAGCTCCAATTATGT,0
TAAGCTCGAAACTGAG,0
TAAGCTCGTTTTAATG,0
TAAGCTCTATTGTCGC,0
TAAGCTGAAAAACTTA,0
TAAGCTGAATCTACAT,0
TAAGCTGGTATGTATG,0
TAAGCTTAAAGAGCTC,0
TAAGCTTACCAAAGCG,0
TAAGCTTAGAACAGGT,0
TAAGCTTTCACTTAAA,0
TAAGGAAAAAACGGCG,0
TAAGGAAAAAGAGCAT,0
TAAGGAAAATTTGGAT,0
TAAGGAAATAATCCGG,0
TAAGGAATTAGTTTAA,0
TAAGGACCACCAATAT,0
TAAGGACGGCTCTGGA,0
TAAGGACGTGCGATTA,0
TAAGGACTTAACTGTT,0
TAAGGAGATTTCGGAT,0
TAAGGAGGGACTCACA,0
TAAGGAGTCGGACCTG,0
TAAGGATCGATATTAT,0
TAAGGATGAATATCAG,0
TAAGGCAACACAATGA,0
TAAGGCAATAAAAGGA,0
TAAGGCAATTGTGCTG,0
TAAGGCACTAATAAGA,0
TAAGGCAGAAAACAGC,0
TAAGGCATATTATTTC,0
TAAGGCATGACCGATA,0
TAAGGCCACACACATA,0
TAAGGCCATATCCCAA,0
TAAGGCCCCGAAAGAT,0
TAAGGCCTCAGGCTAC,0
TAAGGCGACTCTAGCG,0
TAAGGCGGAGCAAGCG,0
TAAGGCGTTTCTGGTT,0
TAAGGCTCAATGTCCC,0
TAAGGGAAGTAATTGA,0
TAAGGGACCTCTAACA,0
TAAGGGACGACCGATC,0
TAAGGGAGAAGCCACC,0
TAAGGGATAAGGAACG,0
TAAGGGCAGAAATTCC,0
TAAGGGGAATTAAAAC,0
TAAGGGGAGAAATCAC,0
TAAGGGGTTAAACGGT,0
TAAGGGTATTGACTAT,0
TAAGGTAATAGTTCCC,0
TAAGGTATTTAGAAAT,0
TAAGGTCAGGACACAT,0
TAAGGTGAGAGTTTCA,0
TAAGGTTAAATCACTT,0
TAAGGTTATAAATGCC,0
TAAGGTTGTCTCCACA,0
TAAGTAAAAGTTAAGG,0
TAAGTAAAGACAATCC,0
TAAGTAAATAAACACG,0
TAAGTAACATCCAAGA,0
TAAGTAACATTTTTAA,0
TAAGTAACCACTCAAG,0
TAAGTAACGTTACAAG,0
TAAGTAAGAGAACACC,0
TAAGTAAGATATCCAT,0
TAAGTAAGCACGACAA,0
TAAGTAAGCCAGATAA,0
TAAGTAAGTACAGATT,0
TAAGTAATAACGTATA,0
TAAGTAATATAATTAC,0
TAAGTACAAATTACAA,0
TAAGTACAAGTTCTAG,0
TAAGTACAGTGAATCT,0
TAAGTACCCAATAGAT,0
TAAGTACCTACATAAC,0
TAAGTAGCCTTGGGGA,0
TAAGTAGCGTGAATCA,0
TAAGTAGGAATTCAGA,0
TAAGTAGTTATACAAG,0
TAAGTATAACCCGCAT,0
TAAGTATATATTCAGA,0
TAAGTATCAAAATTCA,0
TAAGTATTTAAGCACT,0
TAAGTCAAACATTATG,0
TAAGTCACCCTCGGTG,0
TAAGTCAGAAACTAGA,0
TAAGTCAGAGAAACCA,0
TAAGTCAGCACTATTG,0
TAAGTCAGTATTGGCT,0
TAAGTCCAATACAACT,0
TAAGTCCACTCCTGTC,0
TAAGTCCTTACATAGT,0
TAAGTCGAACTTGATT,0
TAAGTCGACGTTCTAG,0
TAAGTCGGGGACGCTG,0
TAAGTCTAACCAATGT,0
TAAGTCTACTTTTTGT,0
TAAGTCTGTTGAAAAA,0
TAAGTGAAAACCTTAA,0
TAAGTGAAGCGTTGCT,0
TAAGTGAGAAATTAAA,0
TAAGTGAGATACAGTC,0
TAAGTGAGGCATAATC,0
TAAGTGATTTAATTAA,0
TAAGTGCATACCGCAT,0
TAAGTGCGCAGAGGCT,0
TAAGTGCGCCTCTCCT,0
TAAGTGGCGATCCAGG,0
TAAGTGTAAAAGCTAG,0
TAAGTGTACGAGAATA,0
TAAGTGTACTGTAAGA,0
TAAGTGTCTATGGATT,0
TAAGTGTTGTACCCAC,0
TAAGTTAAAAACTCTG,0
TAAGTTAAAAATGTGT,0
TAAGTTAATGGTAACT,0
TAAGTTAATTCCGAGT,0
TAAGTTAGATCAATTC,0
TAAGTTAGCGTAACTT,0
TAAGTTATTAGCAAAC,0
TAAGTTCCACAGCTCA,0
TAAGTTCCCCTGAACA,0
TAAGTTCCTCAGCTGG,0
TAAGTTCTAACAAAAG,0
TAAGTTGAAGTAAGAA,0
TAAGTTGAGGTAACCA,0
TAAGTTTAACCACTAG,0
TAAGTTTCACATGAAC,0
TAAGTTTCATCATTAA,0
TAAGTTTCGTGGATAC,0
TAAGTTTCTAGAAGAA,0
TAAGTTTCTCAATTTT,0
TAATAAAAAGTCCTGT,0
TAATAAAAATAGACAA,0
TAATAAAACAGTTAGA,0
TAATAAAATAATATAA,0
TAATAAAATACTCTAA,0
TAATAAAATAGAGAAG,0
TAATAAAATCAACAAA,0
TAATAAAATCACGTTA,0
TAATAAAATGTTATAA,0
TAATAAAATTAAAAAA,0
TAATAAACCCAATGAG,0
TAATAAACGAAATCTA,0
TAATAAACGCTTCCAG,0
TAATAAAGATAATTGG,0
TAATAAAGCGTGAATC,0
TAATAAAGGTCCCACG,0
TAATAAATAGTAAACA,0
TAATAAATATAAGGCA,0
TAATAAATCTAAAAGC,0
TAATAAATGAAAAGCA,0
TAATAAATTAGAGTTC,0
TAATAACAAGCGCTGC,0
TAATAACACTTTATAA,0
TAATAACAGAGGCTAT,0
TAATAACATAGCTAAT,0
TAATAACCAAAACCGG,0
TAATAACCAAGACAAG,0
TAATAACCCAGCACAA,0
TAATAACCGAGACTCC,0
TAATAACCGCCGTTTT,0
TAATAACCTACAATGC,0
TAATAACCTGCCAGGT,0
TAATAACGACCATGAT,0
TAATAACGATAACAAA,0
TAATAACGTCAGTATG,0
TAATAACTACCATATA,0
TAATAACTATACCTTG,0
TAATAACTCTCACTAT,0
TAATAACTGAAATCAT,0
TAATAACTTTTGAATC,0
TAATAAGAAAAGCTAC,0
TAATAAGAGTGAGAGA,0
TAATAAGGCGTTATGG,0
TAATAAGTAAACTTTT,0
TAATAAGTACATAACC,0
TAATAATAAACCGAGG,0
TAATAATATATAGCAA,0
TAATAATATTTTAACC,0
TAATAATCAGCGCATA,0
TAATAATGAGAAAACT,0
TAATAATGCACCTTAA,0
TAATAATGTAGTGATA,0
TAATAATTATATAACT,0
TAATAATTTGTAGAGG,0
TAATAATTTTTCCTTG,0
TAATACAAAGTAGATT,0
TAATACAACAATGCTC,0
TAATACAACACGACCT,0
TAATACAATAAGGAGT,0
TAATACACAATTATAT,0
TAATACAGATGCATAT,0
TAATACAGTAAATGGA,0
TAATACAGTGTAAAAT,0
TAATACATAAAAACGT,0
TAATACATAAATCCTA,0
TAATACATAACTAGTC,0
TAATACATAGTGTGAA,0
TAATACATCGGAATAA,0
TAATACATCTATAAGC,0
TAATACCAATAACGAG,0
TAATACCCCCACTCCC,0
TAATACCCCCATCTTA,0
TAATACCCCCCTCAAG,0
TAATACCCCGGACCCA,0
TAATACCCGCAGTCTC,0
TAATACCGAATGTCAA,0
TAATACCGGATTATGT,0
TAATACCTAACGACTC,0
TAATACGATAATACAA,0
TAATACGGAAGAGACT,0
TAATACGGCACTAGTC,0
TAATACGTACCCGTTT,0
TAATACGTCAGTTCAA,0
TAATACTAACGAATAA,0
TAATACTAACTACCCA,0
TAATACTCAAGATCAA,0
TAATACTCCGAAGTTT,0
TAATACTGTTCGAATT,0
TAATACTTTTAGTCAA,0
TAATAGAACCATCTAG,0
TAATAGAACCGGCCTG,0
TAATAGAAGGTCTCAA,0
TAATAGAATATAAGGG,0
TAATAGACTCATGCCC,0
TAATAGAGAAAACGAG,0
TAATAGAGTAGCAACA,0
TAATAGATAAATCGGG,0
TAATAGATAACAAAAT,0
TAATAGATAGCACAAA,0
TAATAGATCACCTGGA,0
TAATAGATCGAACCGC,0
TAATAGCCAAACTTAG,0
TAATAGCCAATATCTG,0
TAATAGCCCCAGAACA,0
TAATAGCCGGCCAGAG,0
TAATAGCGAAAGTATT,0
TAATAGCGACCCTTCC,0
TAATAGCGTCAACTCC,0
TAATAGGAGAGAACCA,0
TAATAGGATAACACAC,0
TAATAGGTCCTTGACA,0
TAATAGTAGATTTGCA,0
TAATAGTCAGATTACT,0
TAATAGTCTGATTCAT,0
TAATAGTGCGTACCCA,0
TAATAGTGTACCCAAC,0
TAATAGTTGCCAGAAT,0
TAATAGTTGCGGTAGA,0
TAATATAAAATACCTC,0
TAATATAAAATTACGA,0
TAATATAAATCCGATG,0
TAATATAACGTTATAT,0
TAATATAAGAATTAGG,0
TAATATAAGAGTCGAA,0
TAATATACCAATACAC,0
TAATATACGTCTTTCA,0
TAATATAGACTAAGCA,0
TAATATATAATTAAGC,0
TAATATATCCTTCTCA,0
TAATATATGACATTCT,0
TAATATCAATTAACAT,0
TAATATCACGGAGATC,0
TAATATCCAATAAATT,0
TAATATCCCGACAAAG,0
TAATATCGTCGTAAAT,0
TAATATCGTCGTAGAT,0
TAATATGCGCATGCAG,0
TAATATGCTAGGATAA,0
TAATATGGACTCAAGG,0
TAATATGTCGGACCAG,0
TAATATTAAAATACTT,0
TAATATTAACACGACT,0
TAATATTAAGCCCAAC,0
TAATATTAGAGCAAAG,0
TAATATTCAACGAGGT,0
TAATATTCCTTACAAT,0
TAATCAAAAAATTACA,0
TAATCAAAATGCTTCT,0
TAATCAAACGTTATTA,0
TAATCAAAGAACCAAT,0
TAATCAACCATATCCA,0
TAATCAACCTTTAAAG,0
TAATCAAGACCTAACC,0
TAATCAATCCAACCTC,0
TAATCAATCCAGAATC,0
TAATCAATGCTAAGAA,0
TAATCACAATTAATAT,0
TAATCACACGGTTTTG,0
TAATCACAGGAAATGG,0
TAATCACATAGCACAC,0
TAATCACCATCTAGAA,0
TAATCACCGGACAGAT,0
TAATCACGAAAATGTA,0
TAATCACGCTAAAGAT,0
TAATCACGTTGCTATA,0
TAATCACTATACTTCA,0
TAATCAGAAAAGTAGA,0
TAATCAGATACCTGAG,0
TAATCAGCCGCGACAT,0
TAATCAGTTAACCCGT,0
TAATCATAAAAATCAC,0
TAATCATAAATATGAA,0
TAATCATACACACCTA,0
TAATCATAGATAAAGA,0
TAATCATAGATGTCCC,0
TAATCATCTTATAAAC,0
TAATCATTGCGCTCAT,0
TAATCATTGTGTGCTG,0
TAATCATTTAAGCCTC,0
TAATCCAAAAATTAAA,0
TAATCCAAAAGAAACA,0
TAATCCAAGCTAATGT,0
TAATCCAATCAGAAAT,0
TAATCCACAAACCCGT,0
TAATCCCAACAATGTA,0
TAATCCCAACCTTCTG,0
TAATCCCAACGTTCTA,0
TAATCCCAGAGAACCA,0
TAATCCCCCCTAACAT,0
TAATCCCTACACTCGA,0
TAATCCCTTATTAGCA,0
TAATCCGAAACAGGCA,0
TAATCCGGACAAGTGC,0
TAATCCGGCCGAATTC,0
TAATCCGTAATAATTA,0
TAATCCTACTAACTTA,0
TAATCCTTTAAATACG,0
TAATCGAAAACAAAAT,0
TAATCGACGAACGCGT,0
TAATCGAGTCATAAAC,0
TAATCGATTTCTAATA,0
TAATCGATTTTGTAAC,0
TAATCGCAAGTCCAAT,0
TAATCGCTACAGCCAG,0
TAATCGCTTCAACCAG,0
TAATCGGCACCATGAG,0
TAATCGGTTTTGAACC,0
TAATCGTAGTAGCTCT,0
TAATCGTATAACGACG,0
TAATCGTATACCCCGT,0
TAATCGTTATAGTGGA,0
TAATCTAACTCGACAC,0
TAATCTACAAGGCTAG,0
TAATCTACTCACTATG,0
TAATCTAGACAACAGA,0
TAATCTAGAGTTTTAC,0
TAATCTAGCACGAATT,0
TAATCTATCAGGCAAA,0
TAATCTATGACCATAC,0
TAATCTCAATATAATG,0
TAATCTCCTGAAGGCC,0
TAATCTCTCACAAATA,0
TAATCTGGACCCTGTA,0
TAATCTGTACACACCG,0
TAATCTTATCACTAGA,0
TAATCTTCCAGTTAGA,0
TAATCTTCCCTGCACC,0
TAATCTTTAAACGAAA,0
TAATGAAAATTCTCAT,0
TAATGAAACATATGTA,0
TAATGAAAGAAAAACG,0
TAATGAAAGAACACAG,0
TAATGAACTGAAGATA,0
TAATGAAGACTCACAT,0
TAATGAAGATCGTTTT,0
TAATGACAAATCTCAC,0
TAATGACAAGCAAATT,0
TAATGACCGAAAATAG,0
TAATGACGATATAAAT,0
TAATGACGGGCCCGGT,0
TAATGAGAAACATCAG,0
TAATGAGAAACTCTTA,0
TAATGAGCGTCATTAC,0
TAATGAGTCAACGGAC,0
TAATGATAATGGGAGA,0
TAATGATACTTTTATA,0
TAATGATAGATTTAAT,0
TAATGATATGAAGCTC,0
TAATGATCAAGCAAGT,0
TAATGATCAGGGGATA,0
TAATGATCGAATCATC,0
TAATGATCTATTAAAA,0
TAATGATGTGTATTCG,0
TAATGATTTGAAGACC,0
TAATGCAAAAATAACA,0
TAATGCAAAATAGAGA,0
TAATGCAGTATGGCCG,0
TAATGCAGTTCATCTC,0
TAATGCATTAACTTCC,0
TAATGCCACCGATCTG,0
TAATGCCCGTAACAAA,0
TAATGCCGCTCAAGAG,0
TAATGCCGGCGTATAA,0
TAATGCGAAGACATGT,0
TAATGCGGAAGCGAAT,0
TAATGCTAAACCGATT,0
TAATGCTGCTAGATAA,0
TAATGCTGGGATAATA,0
TAATGCTTGTTTCAAT,0
TAATGGACTATCACAA,0
TAATGGATTACTGACA,0
TAATGGCATTCCAGCG,0
TAATGGCCAAGAAGCT,0
TAATGGCCATAATCTA,0
TAATGGGGTATCCGAG,0
TAATGGTAATGGCGAG,0
TAATGGTACATTAATA,0
TAATGTAAAAACAACT,0
TAATGTAAACTTATTC,0
TAATGTAAAGAAGACC,0
TAATGTAAATGGCTGA,0
TAATGTACCCATTCAT,0
TAATGTAGATGCGAAG,0
TAATGTAGATGTGAAG,0
TAATGTATTGCTTCGA,0
TAATGTATTTACACCT,0
TAATGTCAAGATGGCA,0
TAATGTCAATAATCAG,0
TAATGTCAATGCCCAG,0
TAATGTCAATGGTAAA,0
TAATGTCCTGGGGATA,0
TAATGTCTGGTGCTGA,0
TAATGTCTTAAAAATT,0
TAATGTGAAAGTATGC,0
TAATGTGAGAGTGTAG,0
TAATGTGATGCAAATT,0
TAATGTGTCACGAAGA,0
TAATGTTAAAACACAT,0
TAATGTTAAAACATAT,0
TAATGTTAATGGTAAG,0
TAATGTTAGAGTAGGT,0
TAATGTTAGGCCGATA,0
TAATGTTATATACCAA,0
TAATGTTATGCACGGA,0
TAATGTTTGACATGGC,0
TAATTAAAGAACCTAT,0
TAATTAACAGGTTCAC,0
TAATTAACATGCCATA,0
TAATTAACCCAAATCT,0
TAATTAAGCGATCCTA,0
TAATTAAGTCAAAATT,0
TAATTAATAATCCAAT,0
TAATTAATACTAAAAC,0
TAATTAATCCCCGGGT,0
TAATTAATCGTTGAAT,0
TAATTAATGGGACTAA,0
TAATTACAAAACGCGG,0
TAATTACAATACAAAT,0
TAATTACCAAACTTAG,0
TAATTACCCGAGGCAC,0
TAATTACCCTGCACAC,0
TAATTACCTCACCTTT,0
TAATTACGAACTTGCT,0
TAATTACGGTAAATAA,0
TAATTACGTCTAACTA,0
TAATTACTGTAATCAT,0
TAATTAGACTCTGTAC,0
TAATTAGATGAGCTTA,0
TAATTAGCGAAAGATT,0
TAATTAGCGAGTAGCG,0
TAATTAGCTGACACTT,0
TAATTAGGGTAGACAT,0
TAATTAGTCACCATAA,0
TAATTATAAACTATAA,0
TAATTATAGGAGGCCT,0
TAATTATAGTCGGGAT,0
TAATTATTACCCGTAA,0
TAATTATTCGCTACGA,0
TAATTATTGCTGAGCA,0
TAATTATTTAAAAACA,0
TAATTATTTTAAATCC,0
TAATTCAAACTAACCC,0
TAATTCAACACCGTAT,0
TAATTCAACTACTAAT,0
TAATTCAATAGTAAAC,0
TAATTCACCGAATATG,0
TAATTCACTACCATGT,0
TAATTCAGAAGACAGC,0
TAATTCAGATATAGTC,0
TAATTCAGCCGCTCAA,0
TAATTCATAAGAAACA,0
TAATTCATGGACATTC,0
TAATTCATTATCTGCG,0
TAATTCCCATATCTAC,0
TAATTCCCCTAGAATT,0
TAATTCCGCCAACCCA,0
TAATTCCGCTTAGGTT,0
TAATTCCTAGGTCGAT,0
TAATTCGAACATAAAT,0
TAATTCGATAATCCGG,0
TAATTCGGGATTTTAT,0
TAATTCTAGACACAAT,0
TAATTCTCAAATTGTT,0
TAATTCTCTACGAACT,0
TAATTCTTAAAATAGA,0
TAATTCTTGTAAACAA,0
TAATTGAAATAAGATA,0
TAATTGAACACACCTT,0
TAATTGAATTAGATTA,0
TAATTGACAAAAGCAA,0
TAATTGATTGAAGAGG,0
TAATTGCACCTATCAA,0
TAATTGGAATTACAGT,0
TAATTGGATAATTATG,0
TAATTGGCGAATCAGC,0
TAATTGGGACACTACC,0
TAATTGTCAAAGTTAA,0
TAATTGTCAATTGCAA,0
TAATTGTCGCGTAGCA,0
TAATTGTGGAATAGAA,0
TAATTGTTAATAATCT,0
TAATTTAAAGCGATGT,0
TAATTTAAGATTGTAG,0
TAATTTACACGTATAC,0
TAATTTAGACATAAAT,0
TAATTTAGGAAGACCC,0
TAATTTATACAAAGAC,0
TAATTTATACAGCGGT,0
TAATTTATTAGTAAAT,0
TAATTTATTTCTCGAT,0
TAATTTCAAAACTAGA,0
TAATTTCAAAGCCAGA,0
TAATTTCAATTCGGTT,0
TAATTTCACAGCTAGG,0
TAATTTCCCATCATAA,0
TAATTTCTATATGCAG,0
TAATTTCTTAGTGATG,0
TAATTTGTAACCAGAA,0
TAATTTGTACCAACCA,0
TAATTTGTACTGACAA,0
TAATTTGTGCAACCCA,0
TAATTTTAGCAAATAG,0
TAATTTTAGTCTACAG,0
TAATTTTCGCATCACA,0
TAATTTTGTAAAGAAA,0
TAATTTTGTACAATCA,0
TAATTTTTACCATATA,0
TAATTTTTATAGGCAT,0
TAATTTTTCAAAAGAA,0
TAATTTTTCACCATGA,0
TAATTTTTCATTAACA,0
TAATTTTTTAATGCTT,0
TACAAAAAAAACAGAA,0
TACAAAAAACCATTAT,0
TACAAAAAATTCCATA,0
TACAAAAACCGGTAAC,0
TACAAAAACCTGACTG,0
TACAAAAAGCAATCTG,0
TACAAAAAGTCACTGT,0
TACAAAACAAACGACG,0
TACAAAACCCTTAATA,0
TACAAAAGAACTCGTT,0
TACAAAAGACACCTAG,0
TACAAAAGCCACGTGC,0
TACAAAAGCCCGTGAA,0
TACAAAAGGGGCTGTT,0
TACAAAAGTTATAACT,0
TACAAACAAATACTGT,0
TACAAACACACCTTTA,0
TACAAACACATGACTA,0
TACAAACAGAAAATTT,0
TACAAACATTAATCCT,0
TACAAACCATATGGAA,0
TACAAACCCATAGCGT,0
TACAAACCTACGAAAT,0
TACAAACGTCTGAAAA,0
TACAAACTATACCCTA,0
TACAAACTCAAAACAA,0
TACAAACTGACAGTTG,0
TACAAACTGCATACTG,0
TACAAAGAAAGAATAA,0
TACAAAGAACGCGGGC,0
TACAAAGACCTTGTCA,0
TACAAAGAGAAACATA,0
TACAAAGCAACCTTAA,0
TACAAAGCCACGTCCG,0
TACAAAGGGAGGGGCT,0
TACAAAGGGCAAGGTG,0
TACAAAGGGTACCTAA,0
TACAAAGTACCAAATC,0
TACAAAGTAGTGTAAG,0
TACAAAGTTCATATAG,0
TACAAATAAATCGTGT,0
TACAAATACACATCAA,0
TACAAATATCAGGGCG,0
TACAAATATCTTGTAT,0
TACAAATCACCTTACC,0
TACAAATCAGTTTAAA,0
TACAAATCGACTAACA,0
TACAAATCTGTCCTAT,0
TACAAATGCCCCATAT,0
TACAAATTAGTGCAAA,0
TACAAATTCACTTTTG,0
TACAAATTGCAAGGTG,0
TACAACAAAGACTATG,0
TACAACAAATTTCAAC,0
TACAACAAGCGCCACA,0
TACAACAAGTGAACCA,0
TACAACACCAGAAAAT,0
TACAACACGCATATCC,0
TACAACACTGCATAGA,0
TACAACAGCACAGCGT,0
TACAACAGCCCCATCC,0
TACAACAGGGCTTAGG,0
TACAACATAAGATAAA,0
TACAACATATCAAAAC,0
TACAACCAAACCCCGT,0
TACAACCAACTCAACG,0
TACAACCAAGGCCATA,0
TACAACCAGCTGACTA,0
TACAACCATTAAAAAA,0
TACAACCCAATAATCA,0
TACAACCGAATCCAAT,0
TACAACCGATTAATGT,0
TACAACCTGTACACAC,0
TACAACGAAACTAATA,0
TACAACGAACCAGGGG,0
TACAACGACAACCACA,0
TACAACGGCTTCCTAT,0
TACAACGTATAATCAC,0
TACAACTAAAAGAGAT,0
TACAACTAAGACAGAG,0
TACAACTCGACACCAC,0
TACAACTGGAAACGCA,0
TACAACTTCAATTCCA,0
TACAACTTTCCATAGG,0
TACAACTTTCGATCCC,0
TACAAGAAATGAATAG,0
TACAAGAACAAAAGAT,0
TACAAGAAGCTTACTA,0
TACAAGACAACCAAGG,0
TACAAGACACCCCTAT,0
TACAAGACTTAGACTA,0
TACAAGACTTAGATAC,0
TACAAGAGAAAAAGAA,0
TACAAGAGATACCGCT,0
TACAAGATAAAAACAT,0
TACAAGATATTGCTTG,0
TACAAGCTGCAAGCTG,0
TACAAGGAAGAGAAAG,0
TACAAGGACGAAAACC,0
TACAAGGAGTTTTAAT,0
TACAAGTACGTAAACC,0
TACAAGTATGCGCTCA,0
TACAAGTGGTTCCCGC,0
TACAAGTTGAACGTTT,0
TACAATAAAAATTCCA,0
TACAATAACTTTCAAT,0
TACAATAAGTAAGCAA,0
TACAATAGAACCTTCT,0
TACAATAGTCAGGATG,0
TACAATAGTCTCAACG,0
TACAATAGTTACCGCT,0
TACAATATTATGGAAA,0
TACAATCAACCAGTGC,0
TACAATCAAGACAAAA,0
TACAATCAGAGACTAA,0
TACAATCCATACATTA,0
TACAATCCATCATATA,0
TACAATCGCTGCAGTA,0
TACAATCTTAGCCACA,0
TACAATGCTGACCAAC,0
TACAATGTAGCCTGAA,0
TACAATGTTATACTCT,0
TACAATGTTCGCACTT,0
TACAATTCAACAGTAA,0
TACAATTGTAATACTA,0
TACAATTTATACGGGT,0
TACAATTTCACTAATA,0
TACAATTTTTGAGGGA,0
TACACAAAAAATAACT,0
TACACAAAATAGTGAA,0
TACACAAACACAATAC,0
TACACAACACGAGCCA,0
TACACAAGGATGAAAA,0
TACACAATCCTACACC,0
TACACAATGATACGGC,0
TACACACAAAATAAGT,0
TACACACTAAGAACTT,0
TACACAGACAAAATGA,0
TACACAGATCTTTCAA,0
TACACAGCCGTTGTTG,0
TACACAGCTATTTAAA,0
TACACAGCTTTAATTT,0
TACACAGTATCCGCAA,0
TACACAGTCACCTCTG,0
TACACAGTCTGTATCG,0
TACACAGTGACCTATA,0
TACACAGTTCTAAAAG,0
TACACATAGCACTTAT,0
TACACATATTTGAAAG,0
TACACATCAAATACAA,0
TACACATCCACTCTGA,0
TACACATGTGTTAATG,0
TACACATTAATCCCCG,0
TACACATTGTTGTTTC,0
TACACCAATTAGACAT,0
TACACCAATTCGTTCA,0
TACACCACTAAAATCA,0
TACACCAGAAAATGCT,0
TACACCATATGGTAAT,0
TACACCATCCAAGGTA,0
TACACCATTATCGTTC,0
TACACCATTTCAAAAC,0
TACACCCCAGTTGGAT,0
TACACCCGAGTGTAAA,0
TACACCCTGCCGCCTT,0
TACACCGGCCTACACA,0
TACACCGGTACTTGTG,0
TACACCGTGCGCACAA,0
TACACCTAAAAAATAA,0
TACACCTAAGCAACAA,0
TACACCTATCTGAAAA,0
TACACCTCACCCCCGA,0
TACACCTCCCGTACAA,0
TACACCTCGATCACAC,0
TACACCTCTCATGCCT,0
TACACCTTACGAAAGT,0
TACACCTTTCACTGGC,0
TACACCTTTCGATCAA,0
TACACGAACAAAAAGA,0
TACACGAAGCCGAACA,0
TACACGAATACTATTC,0
TACACGAATTGAGCTG,0
TACACGACATAAAGAT,0
TACACGAGAAAACAGG,0
TACACGAGACAACATC,0
TACACGAGTCAAACAA,0
TACACGATTTATCCCA,0
TACACGCAATGATTAT,0
TACACGCAGAGTGGCC,0
TACACGCATCCAGAGA,0
TACACGCCACATGCAA,0
TACACGCTAAGCTGAA,0
TACACGGGTCCTGTAA,0
TACACGTTCTAGTCAT,0
TACACTAAAAACAATA,0
TACACTAAAATATTCT,0
TACACTAAATACTCAA,0
TACACTAAATGATCAT,0
TACACTAAATGCCTTA,0
TACACTAATCACTTCT,0
TACACTACAAATGACC,0
TACACTAGACTCGCAA,0
TACACTAGCTGATGTT,0
TACACTAGTAACTCTC,0
TACACTATCTAAATAT,0
TACACTATGCGAACAT,0
TACACTCACGAACGAC,0
TACACTCAGAGATAAG,0
TACACTCATATAACAC,0
TACACTGGCCACACTA,0
TACACTTAAGACCTTA,0
TACACTTTACACAATG,0
TACAGAAAATACCATG,0
TACAGAAATTGTTAAC,0
TACAGAATCTCTACAG,0
TACAGACAAGCCCTAT,0
TACAGACAGACATGAA,0
TACAGACATACGACAT,0
TACAGACATCAATGCA,0
TACAGACCTCTAATAG,0
TACAGACGCTAGTGCC,0
TACAGAGACATCTTGT,0
TACAGAGCAACATCAC,0
TACAGATACCAGATGG,0
TACAGATTAAGTAAAC,0
TACAGCAAATCCTGTA,0
TACAGCAACGTATTGG,0
TACAGCAATAAGTTAA,0
TACAGCAATTGGATAT,0
TACAGCCGTGCGCACA,0
TACAGCGAGTATGTGA,0
TACAGCGCTGGTGTTA,0
TACAGCTCAACATCTA,0
TACAGCTGAATAGAAA,0
TACAGCTGGAATAAGT,0
TACAGCTTCAAATCTC,0
TACAGGAAAACGAATA,0
TACAGGAAGTATCCGA,0
TACAGGAATAATCCGA,0
TACAGGATATATTCAA,0
TACAGGCTTTATACAT,0
TACAGGGAAACTCTCG,0
TACAGGGCATAATTAA,0
TACAGGTCGGTGACAA,0
TACAGGTTACCTTAAC,0
TACAGTAATTCAATTA,0
TACAGTACTAACAGAC,0
TACAGTACTAGCTGCT,0
TACAGTACTTAAAATG,0
TACAGTAGTGCTAAAT,0
TACAGTATAGCACCAT,0
TACAGTCACTGAATCC,0
TACAGTCATGCCAACA,0
TACAGTCTCTCAGGGT,0
TACAGTGAAAAGTGGT,0
TACAGTGAAGCACAAG,0
TACAGTGTACTCAAGT,0
TACAGTTCACTATATA,0
TACAGTTCCAATACTG,0
TACATAAAGTATTCGC,0
TACATAAATAATTTAC,0
TACATAACAAAACACA,0
TACATAACACTCAGAT,0
TACATAACATTCCAGG,0
TACATAAGAACAGGGA,0
TACATAAGATATGCTC,0
TACATAATAACCTACT,0
TACATAATACACCGAA,0
TACATAATCCACCATA,0
TACATAATCCCATACT,0
TACATAATCTCCTAAA,0
TACATAATGATTTGAA,0
TACATACAACGTCGTT,0
TACATACCATACGTCC,0
TACATACCCCTGAAAC,0
TACATACCTATTACAT,0
TACATACGCTTCAGGA,0
TACATACGGACTATAA,0
TACATACTAAGCGGAA,0
TACATACTCTTAGAGA,0
TACATACTTCACGGAC,0
TACATAGAAAAACATA,0
TACATAGAAGCACGCT,0
TACATAGCAACTAGAT,0
TACATAGGAACAATCT,0
TACATAGGCACTATAT,0
TACATAGTGAAGCTAT,0
TACATATAAAAATTCT,0
TACATATACAAATACA,0
TACATATACCGCCCAA,0
TACATATCCGCTAAAG,0
TACATATGACATTTCT,0
TACATATGCTAAATCA,0
TACATATTACAAAGAC,0
TACATATTGAATTCAC,0
TACATATTTACAATTT,0
TACATCAAAACAGAGA,0
TACATCAAATAACACT,0
TACATCAATCACATAC,0
TACATCATCCCAACGA,0
TACATCATTAGAACTT,0
TACATCCAACCCGCTT,0
TACATCCACACAAACC,0
TACATCCATATCTTAT,0
TACATCCCTACTAACA,0
TACATCCTAGTGTTTA,0
TACATCGATGCTTACA,0
TACATCGTTGTGATCC,0
TACATCTAAATTATTC,0
TACATCTAAGCATAAG,0
TACATCTAGCGGTCGA,0
TACATCTCATGAGATC,0
TACATCTCCTAAGTGC,0
TACATCTCTAGAAGGA,0
TACATCTGTGATACTT,0
TACATGATAATAATGT,0
TACATGATCACCTTTT,0
TACATGATCGCAATAT,0
TACATGCAATACGAAT,0
TACATGCCACACTCCT,0
TACATGCCCTCAATAA,0
TACATGGCAGAAAAAA,0
TACATGGCATTACCAG,0
TACATGTATATTAGCA,0
TACATGTCGAATTGCA,0
TACATGTGGAGTATAA,0
TACATGTTACTAAGTC,0
TACATTAAAACATACC,0
TACATTAACGGAAACG,0
TACATTAAGAAATAAG,0
TACATTAATAGGTGTG,0
TACATTAATGGGTCAG,0
TACATTACACTTTCGT,0
TACATTACCTAAGACG,0
TACATTATAAAGAAAC,0
TACATTATTAACGGCC,0
TACATTCAACAAGTCG,0
TACATTCATTGGGACC,0
TACATTCCACAAGAAA,0
TACATTCGCTAACATT,0
TACATTCGTCTCCACC,0
TACATTCTAGATCTCC,0
TACATTCTATCTTTAC,0
TACATTCTTAACCTAG,0
TACATTGCATTAGAAC,0
TACATTGCGTTAACTT,0
TACATTGTAAAACTAA,0
TACATTGTATAGCGAA,0
TACATTTCATTGAATC,0
TACATTTTTTTACAAG,0
TACCAAAAAAATCTGA,0
TACCAAAACCAGTTAG,0
TACCAAAAGGAGTGAC,0
TACCAAAAGTAAAAGC,0
TACCAAAAGTTGGATT,0
TACCAAACAAACAAGA,0
TACCAAACAATCTAAA,0
TACCAAACACCCCCCT,0
TACCAAACTAGAAAGC,0
TACCAAAGACATGGAA,0
TACCAAATACAATGAA,0
TACCAAATAGGAGTTT,0
TACCAAATATTCTAAA,0
TACCAAATCACCCCAA,0
TACCAAATGCACTTAG,0
TACCAACAACTAACAA,0
TACCAACAAGATTGTA,0
TACCAACCAACCTCCT,0
TACCAACCCTTCGCAG,0
TACCAACTGCCCATAT,0
TACCAACTGCCTGAAG,0
TACCAACTTATCGGCA,0
TACCAAGAAGGGGAAC,0
TACCAAGACGGGATAA,0
TACCAAGACTCCGGTT,0
TACCAAGTGGAATTAC,0
TACCAAGTTAAATGTT,0
TACCAATAACACGGTA,0
TACCAATAAGTTGATC,0
TACCAATAGACTGATA,0
TACCAATAGATAAGAG,0
TACCAATAGATATCAG,0
TACCAATAGTAGCATA,0
TACCAATCAGTTCTCA,0
TACCAATGATATAGAC,0
TACCACAAAAAAAATA,0
TACCACACGGACAACT,0
TACCACAGTCTTACGT,0
TACCACATAAGCCAAC,0
TACCACATCACAAGCT,0
TACCACCAACTTTGAC,0
TACCACCGTCGAGAAC,0
TACCACCTGTTTACAA,0
TACCACGATGGCAATA,0
TACCACGCAAGACATT,0
TACCACGCACTTCCTT,0
TACCACGTAAAATTCG,0
TACCACGTAACTACAC,0
TACCACTATCCACGAT,0
TACCACTCAGATACAA,0
TACCACTCCACAGAAA,0
TACCACTCGTGGTCAA,0
TACCACTTAAGATAAT,0
TACCACTTCACACTCA,0
TACCAGAACCTGGCAT,0
TACCAGAAGAGTTACG,0
TACCAGACCGTCCGTC,0
TACCAGACCTCTACAT,0
TACCAGACTGTCTTTC,0
TACCAGAGCTTTAAAT,0
TACCAGAGTACCGCGC,0
TACCAGCAAATTTAAC,0
TACCAGCAATCTACTT,0
TACCAGCATAGTAGAA,0
TACCAGCCAGGATCAA,0
TACCAGGAAGGGCCCA,0
TACCAGGTGGCTAATA,0
TACCAGTAAAAGTCTG,0
TACCAGTAGAGGCTTA,0
TACCAGTTCGTTGGAG,0
TACCATAAACCATACT,0
TACCATAATTGCCCCA,0
TACCATCAGTTAGTAC,0
TACCATCCAAGCAAGA,0
TACCATCTACATGTCA,0
TACCATCTACTACATT,0
TACCATCTGCCAGATT,0
TACCATGGCTTATACA,0
TACCATTAAAACAATA,0
TACCATTCAACATCAT,0
TACCATTGGCCCAGCT,0
TACCATTTCTTCGAGA,0
TACCCAAAAGAATAGA,0
TACCCAAAATTCTTGC,0
TACCCAAATCCGGATC,0
TACCCAACAATCACCA,0
TACCCAACAGAGGACT,0
TACCCACTATTGACGA,0
TACCCAGACATATACA,0
TACCCAGATAACATAC,0
TACCCAGATACAAATC,0
TACCCAGATTAATACC,0
TACCCAGGCACGGCAG,0
TACCCAGGGCTTGCAA,0
TACCCAGTAAAAGAAA,0
TACCCAGTCCAAAATA,0
TACCCAGTTAAGCGTT,0
TACCCATACTCTTTGA,0
TACCCATATTCAAGCC,0
TACCCATGATCCTGAT,0
TACCCATTAACCAAAC,0
TACCCATTTTAAAATT,0
TACCCCAAATGGTCAT,0
TACCCCACAATGGAAG,0
TACCCCACACACTGAT,0
TACCCCACCGTACTTC,0
TACCCCAGTCCCTTTT,0
TACCCCATACACCAAA,0
TACCCCATCATAATAA,0
TACCCCCAACAAGGTC,0
TACCCCCCATTCTAAT,0
TACCCCCCGTATTAGG,0
TACCCCTCTCATTAGA,0
TACCCCTGAAAAAAAA,0
TACCCCTTCAAGGCCT,0
TACCCGACAAAATTTA,0
TACCCGATAGTTAACT,0
TACCCGCATCAGTAAA,0
TACCCGGCACAGAATC,0
TACCCTAACACAACAT,0
TACCCTACTACTAATA,0
TACCCTACTCCTTACT,0
TACCCTATATAGTAGA,0
TACCCTCACAACAGAA,0
TACCCTCCCCTAAACG,0
TACCCTCGGGTAAAAA,0
TACCCTCTCTGCGTTG,0
TACCCTCTGAGGCATA,0
TACCCTGAGTGAAAAA,0
TACCCTGCATCAACAT,0
TACCCTGTAACACAAA,0
TACCCTTAAGCGATAG,0
TACCCTTCGCTTGTCA,0
TACCCTTCTGGGAAGA,0
TACCCTTTAGTTTCTC,0
TACCGAAAAACATAGT,0
TACCGAAAAATAACAA,0
TACCGAAAAGATTCCG,0
TACCGAAAAGGATCAA,0
TACCGAAGGGGCAGAA,0
TACCGAAGTATCCATA,0
TACCGACTCTGTAGAG,0
TACCGACTGACACCAA,0
TACCGAGAAAGTTAAA,0
TACCGAGATTTGTGCT,0
TACCGAGTGCCAAACA,0
TACCGATAACAACGTC,0
TACCGATACGTTTAAA,0
TACCGATGATTACAAT,0
TACCGATTACACTACT,0
TACCGATTCTATCGTA,0
TACCGCAAAAAAATTA,0
TACCGCAAAGTCTCAA,0
TACCGCAAGGCTTAGA,0
TACCGCACAATAACAT,0
TACCGCAGGTTAAGAT,0
TACCGCATTGCGGATT,0
TACCGCGCGCCCCTAA,0
TACCGCGCTTTTCATT,0
TACCGCGTGACCCGAG,0
TACCGCTTTAGATAAG,0
TACCGGAATTAGCTCT,0
TACCGGAGACTTTAGT,0
TACCGGCAGCTAGTAG,0
TACCGGCGCTACTGGA,0
TACCGGCTTGCAATAA,0
TACCGGGCTCCTACCG,0
TACCGTGGGTCTACCC,0
TACCGTGTACAAGAAA,0
TACCGTTAGACTAAAT,0
TACCGTTCCAATATAC,0
TACCGTTCGAGCGTAC,0
TACCTAAAACCTAGAA,0
TACCTAAAGAAAGAAG,0
TACCTAACACACCTAC,0
TACCTAACATAAATGT,0
TACCTAACTCATAACA,0
TACCTAATAGCATCCA,0
TACCTAATCCAAGATA,0
TACCTAATGCCACGAA,0
TACCTAATGTTCTAAC,0
TACCTACAAAGATATA,0
TACCTACAGGATCTAG,0
TACCTACCCCTGAAAA,0
TACCTACCGAAAAGGC,0
TACCTACCGTAGTCGT,0
TACCTACGCTTTCTTG,0
TACCTACTGATCACTC,0
TACCTATAGAAAACTA,0
TACCTATCCCAATGAA,0
TACCTATCGCACACTT,0
TACCTATTCTGAAATT,0
TACCTCAAAAAAAACA,0
TACCTCAAAGGTGACT,0
TACCTCAGAAACAAAT,0
TACCTCATAAGAAACC,0
TACCTCATATATATGT,0
TACCTCCATATATACC,0
TACCTCCTTTTCAACG,0
TACCTCTATGGGAAAT,0
TACCTCTGAGATATTT,0
TACCTCTTGAGTAGCA,0
TACCTGAAATAGGAAA,0
TACCTGAATACTATTT,0
TACCTGACGTGTACAA,0
TACCTGACTTTACTAC,0
TACCTGAGAGAGTAAA,0
TACCTGAGCTCCATTT,0
TACCTGAGGCTAAGTT,0
TACCTGATTGAAGTAG,0
TACCTGCGTTAATTAA,0
TACCTGCTGAGGGTCA,0
TACCTGGAAAATCACT,0
TACCTGGCCCACTTGT,0
TACCTGGCCCGATCGA,0
TACCTGTAACGAAACC,0
TACCTGTAGAGGTTTA,0
TACCTGTTGTCACCTC,0
TACCTTAAACCAAGGG,0
TACCTTACAGCAACAC,0
TACCTTAGATATCTGA,0
TACCTTATATGAACTC,0
TACCTTATCAAACTAG,0
TACCTTCAAAACCTAT,0
TACCTTCCCATTTAAA,0
TACCTTCCCCTAATCT,0
TACCTTCTATATTCCA,0
TACCTTGAACTCCCCA,0
TACCTTGCTCACGGCA,0
TACCTTGTATATTAAA,0
TACCTTTAAAAACAAA,0
TACCTTTCGGCCAAAA,0
TACCTTTTAGTTGACA,0
TACGAAAAACCTCGCA,0
TACGAAAACTAAGGGT,0
TACGAAAAGACAGTTT,0
TACGAAAATGGTCGCA,0
TACGAAACACGATCAT,0
TACGAAAGACGTTAGA,0
TACGAAATGATGGGCT,0
TACGAAATTCATCAAA,0
TACGAACACACGCACG,0
TACGAACACCGAGAGT,0
TACGAACGGGACAGTG,0
TACGAACGTCAAAGTA,0
TACGAAGTAACAAAGC,0
TACGAAGTAAGCTCAT,0
TACGAATAACTCATAT,0
TACGAATACAAAATTC,0
TACGAATGTATCAAGC,0
TACGAATGTTACTATA,0
TACGACAACCCTCGGG,0
TACGACAACCTTAATA,0
TACGACACGATAAATC,0
TACGACCAAAATAAGT,0
TACGACCCGAAAATGA,0
TACGACCCGACATAAT,0
TACGACGTGAGCGTAA,0
TACGACTAAATAGAAA,0
TACGACTACAGGTTAT,0
TACGACTATATTGCAA,0
TACGACTCCATCGAGC,0
TACGACTTGCAGAAAA,0
TACGAGACCTTGACCG,0
TACGAGCAGACATACG,0
TACGAGGCAGATACTC,0
TACGAGGCTGACCGAG,0
TACGAGGTCACAGTGG,0
TACGAGTAACTACCAT,0
TACGAGTATCGGGGCA,0
TACGAGTCAACTAAGC,0
TACGAGTTGAAAATGA,0
TACGATAATTTTTCAT,0
TACGATAGATAAAAAG,0
TACGATATCGGACGGT,0
TACGATATGTGCTATT,0
TACGATATTAATGGCT,0
TACGATATTTGATTGA,0
TACGATCAACAGAAAC,0
TACGATCCTCGTGAGT,0
TACGATGACCGTGACC,0
TACGATGATGTTCGCG,0
TACGATGTTGATTAGT,0
TACGATTAATCCTACA,0
TACGATTCCGCGATCT,0
TACGATTGTAAACTAA,0
TACGATTTAAAAGTAA,0
TACGATTTACTGAAAT,0
TACGATTTATGAAAAA,0
TACGCAAAAAAGCAAC,0
TACGCAAACCACGTGG,0
TACGCAAATAATTTCG,0
TACGCAAGCCAGACAC,0
TACGCAATCCAAAACT,0
TACGCACAAACTCAGA,0
TACGCACGCAATGAAC,0
TACGCAGAATCACTAG,0
TACGCAGGTGGTGCCG,0
TACGCATAACTAATAC,0
TACGCATCCACTCGAA,0
TACGCATTACAATGCC,0
TACGCCAAAAAACCAG,0
TACGCCCAGCTGAGCG,0
TACGCCGAAACGCTGT,0
TACGCCTCGCTCAATA,0
TACGCCTGACCCCAAT,0
TACGCCTGAGTATTGT,0
TACGCCTTTGCATGAG,0
TACGCGAACAAATTTG,0
TACGCGACCCTCCAGA,0
TACGCGCCCGTTTTAG,0
TACGCGCCGCCGGCAT,0
TACGCGCTAACATGTT,0
TACGCGGAAACTGAAT,0
TACGCGGCACAAATCA,0
TACGCGGCTAACATCA,0
TACGCGTAATAAAATA,0
TACGCGTCAAACATAC,0
TACGCGTGTTAAAGTA,0
TACGCGTTATCAATCA,0
TACGCTACCATAGGCA,0
TACGCTCAATCTCGGA,0
TACGCTCTCAAACCCT,0
TACGCTCTCTCATGAA,0
TACGCTGAACCCTAGT,0
TACGCTGCATCGACTG,0
TACGCTGTCTGAAGGT,0
TACGCTTACAGAACAA,0
TACGCTTTCCTAGCAC,0
TACGGAAAAGGACCCT,0
TACGGAAAGGGTTTTG,0
TACGGAAATCCTGTGT,0
TACGGAACGATAATTT,0
TACGGAATGCTACGCA,0
TACGGCAGTCCGGTCA,0
TACGGCATTGAACCAT,0
TACGGCCCAAAAGATT,0
TACGGCCGCCTTCGCC,0
TACGGCCTGCTCGGAC,0
TACGGGACCCATATCT,0
TACGGGATCCCACCAA,0
TACGGGATGCTACGCA,0
TACGGGCATTGGGTTT,0
TACGGGGACGAACGCC,0
TACGGGGTGCCAGCCC,0
TACGGTAACAGAAGCA,0
TACGGTACCTCTCTTC,0
TACGGTCCAAGTCAGA,0
TACGGTGTCCGCAACG,0
TACGGTTCAACCGTCG,0
TACGTAAAACGTAGTC,0
TACGTAAACAAAATGA,0
TACGTAAACGACAAAC,0
TACGTAAATATGTGGC,0
TACGTAAATCTGGAAA,0
TACGTAACGGGACCAC,0
TACGTAAGACCCAGAC,0
TACGTAATAGAAAAAG,0
TACGTAATGAGCTACC,0
TACGTACAGATGGCCA,0
TACGTACATGATCTGT,0
TACGTACCAACAGTAC,0
TACGTAGTAAAACCTG,0
TACGTATAAGAATGAC,0
TACGTATATTCCAGGA,0
TACGTATATTTCAATA,0
TACGTATCATTTTAGT,0
TACGTATTGTGGATCA,0
TACGTCAACAGTGTTA,0
TACGTCACACCCAGCT,0
TACGTCCGGTCAATGT,0
TACGTCTAATCCCCTA,0
TACGTCTTCCCTGACA,0
TACGTGAGCAAATGAA,0
TACGTGCAACATACGT,0
TACGTGCTAGAATCAT,0
TACGTGGCTCCATACA,0
TACGTGGGATAAAGTA,0
TACGTGGGGGATACTC,0
TACGTTAAAAGATAAT,0
TACGTTAACGGACCCC,0
TACGTTACACACGCGA,0
TACGTTACCTAGGCCC,0
TACGTTATCATCCATA,0
TACGTTATTGTGATTC,0
TACGTTCAATACCGAT,0
TACGTTCAATGTAACC,0
TACGTTCCACCAGGCC,0
TACGTTCGCACCCGAA,0
TACGTTCTTTTCCAGA,0
TACGTTGAGTATAATT,0
TACGTTGTTGATATTA,0
TACGTTTAAGGTTTAG,0
TACGTTTCAATCGCGA,0
TACGTTTCCCTTTGAC,0
TACGTTTCGCACTCCC,0
TACGTTTTTAAGAGAT,0
TACTAAAATCATTCCA,0
TACTAAACAAACCACA,0
TACTAAAGACTGCATT,0
TACTAAAGCAACAATA,0
TACTAAAGCAATCCCA,0
TACTAAAGGAAAAACG,0
TACTAAATCATGTCAG,0
TACTAAATGTACTAGC,0
TACTAACACACCGAAC,0
TACTAACACTGTCGAA,0
TACTAACCACTGACCC,0
TACTAACCAGTCCACT,0
TACTAACCCATCCTAA,0
TACTAACGAAGTACTG,0
TACTAACGTCATATGG,0
TACTAACTAACTTAAA,0
TACTAAGAGACCTCGA,0
TACTAAGTCCGCAGCT,0
TACTAAGTCCGCGGCT,0
TACTAAGTTGCTTTTA,0
TACTAATACTAACCTG,0
TACTAATAGCCCTCGA,0
TACTAATATAATTCAC,0
TACTAATCAAACTACG,0
TACTAATTAAAGTAGT,0
TACTAATTAACGCATG,0
TACTACAAACTTGCAA,0
TACTACAAAGACAACG,0
TACTACAACCGTGTCG,0
TACTACACGAAAGAAT,0
TACTACAGATATCGAA,0
TACTACCATCTTTTTA,0
TACTACCCAACAAGAT,0
TACTACCCACACAATC,0
TACTACCGAGAGACAT,0
TACTACTAATTGGTAA,0
TACTACTATAAATTAG,0
TACTAGACCACGCCGC,0
TACTAGACGAGAATTA,0
TACTAGAGGTACTAAT,0
TACTAGCAAAACTGAA,0
TACTAGTACTATCATA,0
TACTAGTAGACATTAA,0
TACTAGTCGCTGAGCC,0
TACTAGTGTCTCTGAG,0
TACTATAAGAACGTGT,0
TACTATAATTGTCTCT,0
TACTATACATCCGCTC,0
TACTATACGGTTGCTT,0
TACTATAGACAAGGAG,0
TACTATAGTACGCTCA,0
TACTATATAAGTTAAC,0
TACTATATATCGGAAC,0
TACTATCACGATTAGA,0
TACTATCATAAGCCCA,0
TACTATCCCTCCCGAC,0
TACTATCCTTATGAAT,0
TACTATCGAATGCAGG,0
TACTATGATAGAATAA,0
TACTATTCTAATACCC,0
TACTATTCTCAAAAAC,0
TACTATTGTAAGCATG,0
TACTCAAACAACGGAT,0
TACTCAAAGAAACAGC,0
TACTCAAATAATCAGA,0
TACTCAACTGAGACCC,0
TACTCAACTTAAGGAA,0
TACTCAAGATCCAGGT,0
TACTCAAGCTGAGTGA,0
TACTCAAGTCCTCACA,0
TACTCAAGTGTGACTC,0
TACTCAATTCATTATA,0
TACTCACATCAACTTA,0
TACTCACGAAAAACAC,0
TACTCACGCATGATGT,0
TACTCAGAGAAAACCT,0
TACTCAGTGACGGTAA,0
TACTCATAAAGGGGCA,0
TACTCATACCAAGGTG,0
TACTCATAGTTCATCC,0
TACTCATCAGGTGCAA,0
TACTCATGATCGAACT,0
TACTCATTCCTTTGCT,0
TACTCATTGTGGTATC,0
TACTCATTTTCTATAT,0
TACTCCAAAGGTATTA,0
TACTCCACTCTCGTAT,0
TACTCCATAATCGACC,0
TACTCCATTACCATAT,0
TACTCCCGAAGCATTA,0
TACTCCTTATAGAAGC,0
TACTCGAATGATCACA,0
TACTCGCGAATAATAG,0
TACTCGCTAAAGTATT,0
TACTCGGATGCATAGG,0
TACTCGGGCGCCTAAT,0
TACTCGTATTATCTGG,0
TACTCGTTTATTACTG,0
TACTCTAAAACGACGC,0
TACTCTAAACGATGAG,0
TACTCTAAACTCTAGG,0
TACTCTAAGACAGTAA,0
TACTCTACACTGGCTT,0
TACTCTACATGATACT,0
TACTCTATAGTCGATA,0
TACTCTATGTCTATAT,0
TACTCTCATTGAACAA,0
TACTCTCCCTTACCTG,0
TACTCTCTCGACAGTA,0
TACTCTGAGCTTTAAC,0
TACTCTGCGAACGAAT,0
TACTCTGTGGATCATG,0
TACTCTTATGTACGGT,0
TACTCTTCACACAAGA,0
TACTCTTCCTCCCCTA,0
TACTGAAAGCACAACA,0
TACTGAACAAGAAAAT,0
TACTGAATCCCTCATC,0
TACTGAATCCGATCCT,0
TACTGAATGATTATTT,0
TACTGAATGCCCGAAC,0
TACTGAATGTTCAATG,0
TACTGACAACACCTAG,0
TACTGACAATTCCAAT,0
TACTGACCACGTTCTA,0
TACTGACCATGAAAGC,0
TACTGACTTACATTTT,0
TACTGAGATTAAACAA,0
TACTGAGATTACCGTT,0
TACTGAGGTCACTTCC,0
TACTGAGTGAAGAACT,0
TACTGATATCTAAAGA,0
TACTGATCATACCTCT,0
TACTGATCTATTGAAC,0
TACTGATGAGGGACCG,0
TACTGATTAAGCTGGT,0
TACTGATTCTTACCAC,0
TACTGATTTACCCTTT,0
TACTGCAAACTACATC,0
TACTGCAAAGTAAGAC,0
TACTGCAATATTTCAG,0
TACTGCCCGTTCAACG,0
TACTGCCGCCGCATGC,0
TACTGCGACATAAGAA,0
TACTGCTAAAAAGACC,0
TACTGCTATGTAACCA,0
TACTGGAACTGGCACG,0
TACTGGAATTCTCACA,0
TACTGGATAAGCACAT,0
TACTGGATATGAGATT,0
TACTGGCCGAAGCCAT,0
TACTGGCGTCCACTAC,0
TACTGGTGGTATAAAA,0
TACTGTAAACTCTCAA,0
TACTGTACAAAGAAGG,0
TACTGTCCTCAAAACC,0
TACTGTGTATTACATC,0
TACTGTGTGGGAATAT,0
TACTGTTAGATGCGAT,0
TACTGTTGAGCGTTAA,0
TACTGTTTTGACCTCG,0
TACTTAAAAGAAATGA,0
TACTTAAAATGATCAT,0
TACTTAACGCTATTAA,0
TACTTAAGAAACAAAA,0
TACTTAATGGAATTAA,0
TACTTACCGACAACGC,0
TACTTAGAAACAATCA,0
TACTTAGACACATCTT,0
TACTTAGACCTAAGTG,0
TACTTAGACTGATCCG,0
TACTTAGGATACCGTA,0
TACTTCACTCGATATA,0
TACTTCAGATAAGGGA,0
TACTTCCCACTAATGT,0
TACTTCTAAATTGTCA,0
TACTTCTAAGCCGGCT,0
TACTTGAAAAAGGTGG,0
TACTTGACCCAGGCAT,0
TACTTGACCTATCCCA,0
TACTTGACGGTACGGC,0
TACTTGAGAAACCTAC,0
TACTTGCACGAATGTT,0
TACTTGGGAAAACCTT,0
TACTTTAACATGACAA,0
TACTTTAACTTATAAG,0
TACTTTAAGCCTTAGC,0
TACTTTAATGGAGTTC,0
TACTTTACAACTCCTT,0
TACTTTAGAAAAGCTT,0
TACTTTAGAGTACTGA,0
TACTTTAGTAGAATCA,0
TACTTTAGTCCCTTCA,0
TACTTTATACCGTAAC,0
TACTTTCAATCCAAAT,0
TACTTTCCATCTGCCA,0
TACTTTCTGAAAGCCT,0
TACTTTGATATTACCA,0
TACTTTGGGATGCTTG,0
TACTTTGTCTTAGCTA,0
TACTTTTAGAGATAAA,0
TACTTTTCACAGTCCA,0
TACTTTTCGAACTCAG,0
TAGAAAAAAATAGATA,0
TAGAAAAAAGCCATGC,0
TAGAAAAACAAGATAA,0
TAGAAAAATCGACCTT,0
TAGAAAACAGTACCAT,0
TAGAAAAGACTGTGTC,0
TAGAAAAGCCCATCAG,0
TAGAAAAGGTGCATAA,0
TAGAAAATAAAAACGA,0
TAGAAAATAAGAAAAT,0
TAGAAACACGATTGAC,0
TAGAAACACTAATCCA,0
TAGAAACAGCCAAAAA,0
TAGAAACAGCGCAGTA,0
TAGAAACCGATCTAAC,0
TAGAAACCTCCATATA,0
TAGAAACGATACGCAA,0
TAGAAACGCCCTGTAA,0
TAGAAACGCGGCCAAC,0
TAGAAACGGGTAGAAG,0
TAGAAACGTGGCCACA,0
TAGAAACTCAAATTCA,0
TAGAAACTCCGGTGAG,0
TAGAAACTTTAGTCAC,0
TAGAAAGAGGCAAGTT,0
TAGAAAGATAGTGAGA,0
TAGAAAGCAATAGTCT,0
TAGAAAGCATCACTGA,0
TAGAAAGCTGCGTACA,0
TAGAAAGGGAAATCAT,0
TAGAAATAAAAAGGAC,0
TAGAAATAAACCGTCA,0
TAGAAATAAAGGACGT,0
TAGAAATGGTTTAGCT,0
TAGAAATGTTGCCTAG,0
TAGAAATTACGCGATA,0
TAGAAATTGTTTCGGC,0
TAGAACAAACCCGCTC,0
TAGAACAAATAGGGTG,0
TAGAACAAATGATCAA,0
TAGAACAAATTGGCGT,0
TAGAACAACTTTGTGA,0
TAGAACAAGATTTATC,0
TAGAACAAGGTATATA,0
TAGAACAATAGATAAT,0
TAGAACACAACCTGTA,0
TAGAACAGGAAAACAT,0
TAGAACATATAAGTTT,0
TAGAACCACGCATAAC,0
TAGAACCATCTAGTCC,0
TAGAACCCTTCTATAA,0
TAGAACCGCTATCCTT,0
TAGAACCGTTTGCCAC,0
TAGAACCTCCCTGCAT,0
TAGAACGGGATAGATT,0
TAGAACGTAGGTAATA,0
TAGAACTGGAGTTATT,0
TAGAACTTAGATGGAT,0
TAGAAGACTAATGAAC,0
TAGAAGCCGACCATAA,0
TAGAAGCTTGAAGCAT,0
TAGAAGGGAAATAATA,0
TAGAAGTAAAAAATAT,0
TAGAAGTACTAGTTGA,0
TAGAAGTTCCCCTTGA,0
TAGAATAAACATAAAA,0
TAGAATAAAGTTGATC,0
TAGAATAAATCCAGTC,0
TAGAATAAATCCTTAT,0
TAGAATAACTCGCTTG,0
TAGAATAACTGTTTAG,0
TAGAATAGAATGGCAT,0
TAGAATAGCTAACTTC,0
TAGAATAGTATAATCT,0
TAGAATATCATGTAAC,0
TAGAATCAGAAAACCG,0
TAGAATCCAACTAGAT,0
TAGAATCGATGGTCAA,0
TAGAATCGTCACAATG,0
TAGAATCTTTTTACTC,0
TAGAATGACTTAACGT,0
TAGAATGCATAAGTTA,0
TAGAATGCTATAAAAA,0
TAGAATGCTATCCCCA,0
TAGAATGGTCCTCCAA,0
TAGAATGTCATAAAGA,0
TAGAATTAGATAAACC,0
TAGAATTAGCAGCTAT,0
TAGAATTAGGGCATTA,0
TAGAATTATTGGTAGC,0
TAGAATTCACGACACC,0
TAGAATTGAAATTAAA,0
TAGAATTGAGCTACAC,0
TAGAATTTTTGGTCCA,0
TAGACAAAACAATCCT,0
TAGACAAACTGAATTG,0
TAGACAAGGCGTCTGA,0
TAGACAATCTCGATAT,0
TAGACAATGACCGTCC,0
TAGACACAAAGCATTA,0
TAGACACAAGACTTTC,0
TAGACACAGGGATTCC,0
TAGACACATGGGTGAA,0
TAGACACGCTTGCCTA,0
TAGACACTCTTATTTA,0
TAGACACTTGATAGTA,0
TAGACAGAACCACAAA,0
TAGACAGACGCCGCCT,0
TAGACAGGAAACCAAC,0
TAGACATACAAACACA,0
TAGACATATAGGGTTC,0
TAGACATATTCAATGG,0
TAGACATCTTAAAACG,0
TAGACATGGAATTCAG,0
TAGACATGGCACTCTG,0
TAGACATGTCACACTT,0
TAGACATTGTAAACCT,0
TAGACCAATCCTCGCC,0
TAGACCAGGATATAGC,0
TAGACCAGGATTAGGA,0
TAGACCAGTTCCAGAG,0
TAGACCATCGCCATAG,0
TAGACCATGTTCGACA,0
TAGACCCAAATGTAAC,0
TAGACCCATAAGTTAA,0
TAGACCCGAGGATAGT,0
TAGACCCGTTTTGAAC,0
TAGACCCTAATTCTGA,0
TAGACCGCTCACGAAT,0
TAGACCTAGTAGCCGT,0
TAGACCTGGCTAACCG,0
TAGACCTGTGTCCCGG,0
TAGACGAAATAACTAG,0
TAGACGAGTTTAATAA,0
TAGACGATAATACACG,0
TAGACGATACTGGCCA,0
TAGACGCACAAGTAAC,0
TAGACGCATGAGTGTA,0
TAGACGGGAGTAAATC,0
TAGACGGTACAATGCT,0
TAGACGGTACTGTAAT,0
TAGACGTAAACCCATC,0
TAGACGTACACTTGCA,0
TAGACGTATGACACAC,0
TAGACGTTGCTCATCG,0
TAGACGTTGTAAATAT,0
TAGACTAACTAGCACA,0
TAGACTAGGGGCCTAA,0
TAGACTATGCATTTCG,0
TAGACTATGTAATAAT,0
TAGACTCCTTTTAAAT,0
TAGACTCGTAAATCCA,0
TAGACTCTTTTTGAGC,0
TAGACTTACAAAAGCA,0
TAGACTTGAAAATGCC,0
TAGACTTGGCCCCTAA,0
TAGACTTGTAAGCTCT,0
TAGACTTTCCATAAAA,0
TAGAGAAAAGTAACCA,0
TAGAGAAATTCGCCAT,0
TAGAGAATTAAATGTA,0
TAGAGACAGTACAAAT,0
TAGAGACATCGAGAGT,0
TAGAGACCTCGCACGT,0
TAGAGAGACAGATATA,0
TAGAGAGATACTCATT,0
TAGAGATGTACATAAT,0
TAGAGATTGAACAGAC,0
TAGAGCACGAACAAAA,0
TAGAGCACTCGTGTTG,0
TAGAGCCAATGAGTAT,0
TAGAGCCCAAGGTCCG,0
TAGAGCTCGGTTTTCT,0
TAGAGCTGGAGCCGCA,0
TAGAGCTTGACGCACG,0
TAGAGGAACATTCTGA,0
TAGAGGAGGATCATAA,0
TAGAGGAGGGTAACTT,0
TAGAGGATAATGATTG,0
TAGAGGCGCATACAAA,0
TAGAGGTCGATTGATA,0
TAGAGGTGAACTAGGA,0
TAGAGGTTTAATACAT,0
TAGAGTAACTAACTCA,0
TAGAGTAACTATGTAA,0
TAGAGTAAGCAAAATA,0
TAGAGTAATTCGAATA,0
TAGAGTAGTCCGCCCA,0
TAGAGTATCGACCGTT,0
TAGAGTGACAAGAACC,0
TAGAGTGACCTGGATT,0
TAGAGTGCCGCTTACA,0
TAGAGTGGAAAAAAAT,0
TAGAGTGTAAACCCTA,0
TAGAGTTATCACGTAT,0
TAGAGTTGTTTACTCA,0
TAGATAAAAACAAAGC,0
TAGATAAAATCACTTA,0
TAGATAAATAGTAAAA,0
TAGATAACGACGAAAT,0
TAGATAAGAGATGACC,0
TAGATAAGCGACCCAT,0
TAGATACACTATCGAA,0
TAGATACACTTAAAAT,0
TAGATACATATAGAGG,0
TAGATACCACTTAGCT,0
TAGATACGCTAGAGTG,0
TAGATACTTAGACATG,0
TAGATACTTATTGCAA,0
TAGATAGACGTGTGGA,0
TAGATAGATCTTACCT,0
TAGATAGTGCTTAAGC,0
TAGATATCCAATCATG,0
TAGATATCTATCACAT,0
TAGATATGAAGATTTT,0
TAGATCAAATTGTGAT,0
TAGATCAAGGGCGAAA,0
TAGATCACTCGAACAA,0
TAGATCATTTTGATTG,0
TAGATCCACGTAAAAA,0
TAGATCCAGTAAACCT,0
TAGATCCCGATCGGGC,0
TAGATCCCTCCAAAGC,0
TAGATCCTCTGTGGAA,0
TAGATCGAAGGGATTG,0
TAGATCGCAGCAAGAT,0
TAGATCGCTGACTATG,0
TAGATCGGTGTTTAAG,0
TAGATCTAACGCCACC,0
TAGATCTCCCTAGATT,0
TAGATCTTGCGTAGAA,0
TAGATGAAAGCTTAAA,0
TAGATGACATCCGAGG,0
TAGATGACATTAATCA,0
TAGATGAGAGTAATTA,0
TAGATGATACAGGAAT,0
TAGATGCAATCCGATG,0
TAGATGCCATAGGATC,0
TAGATGCTTTTTCTTA,0
TAGATGGTCCTAATAT,0
TAGATGGTTCGGAGAA,0
TAGATGTATGTAATAA,0
TAGATGTATTGTTTCA,0
TAGATGTGAGGAAACC,0
TAGATGTTAGAATGAG,0
TAGATGTTATCGATTA,0
TAGATGTTCTCAACTA,0
TAGATTAATGGAGTAC,0
TAGATTACAACTGTTG,0
TAGATTACCGGATGCC,0
TAGATTAGATGGTCAG,0
TAGATTAGGTCTACGA,0
TAGATTATACAAAAAG,0
TAGATTATGAGCTTCA,0
TAGATTCAATGCATTT,0
TAGATTCGGATTTAGA,0
TAGATTGCCATGCCCC,0
TAGATTGGTCACCTAT,0
TAGATTGTTAGGCATC,0
TAGATTTACCTATGAC,0
TAGATTTACGGATCCG,0
TAGATTTTAGGACAGT,0
TAGATTTTTACTAATA,0
TAGCAAAAAAAATTCA,0
TAGCAAAAATACACAA,0
TAGCAAACAATAATTG,0
TAGCAAACACGATGCC,0
TAGCAAACAGTGCGAA,0
TAGCAAAGAAGGCTGA,0
TAGCAAAGCCTCCACC,0
TAGCAAATAAGTACGA,0
TAGCAAATATTAAAAG,0
TAGCAACGTACCACTA,0
TAGCAACGTATATGCA,0
TAGCAACTAACCGGAC,0
TAGCAACTCGGATACA,0
TAGCAAGGACCCTAGG,0
TAGCAAGGGACTACTT,0
TAGCAAGTAACGACCG,0
TAGCAATACAAACGAC,0
TAGCAATTAGTCACAT,0
TAGCACAAAACAGACG,0
TAGCACAAATGCTCTT,0
TAGCACAACACTATCG,0
TAGCACACGGGTAGGA,0
TAGCACAGACATGTCC,0
TAGCACAGTTATACAT,0
TAGCACATTAAAAAAG,0
TAGCACCAAGTCCATT,0
TAGCACCACTAGTTCC,0
TAGCACGATTATGACA,0
TAGCACGCATATACGC,0
TAGCACGCCCCTATCT,0
TAGCACTCGACAGACC,0
TAGCACTCGCAAACAA,0
TAGCACTGTTCTTGCC,0
TAGCAGAAAAGTTCTA,0
TAGCAGATAAACAGTG,0
TAGCAGATATTGAACC,0
TAGCAGCTCCACAGTA,0
TAGCAGGGTTGCGTCA,0
TAGCAGTATCCAAGAA,0
TAGCATAAAGGTCGTC,0
TAGCATACGATAAAAC,0
TAGCATACTTGCTCCA,0
TAGCATAGAATTTAGG,0
TAGCATATGTAAACGA,0
TAGCATCCGACCACGA,0
TAGCATCCTCATAGAG,0
TAGCATCGATAACGAG,0
TAGCATCGTACTAACC,0
TAGCATCTACCTATCC,0
TAGCATCTTATAAATA,0
TAGCATGGAAGTAGAA,0
TAGCATTAAATTTCGC,0
TAGCATTCTTGTACGT,0
TAGCCAAAAGACTGAA,0
TAGCCAAAATGACGAA,0
TAGCCAAATACTGAGG,0
TAGCCAACCGCATTTA,0
TAGCCAAGATATAAAC,0
TAGCCAATAAGCTGGG,0
TAGCCAATCTTATTAA,0
TAGCCACATTTAAATT,0
TAGCCACCCCCAATGC,0
TAGCCACCCCTATTGC,0
TAGCCACCTTATTACC,0
TAGCCACGGTACCCCT,0
TAGCCACTCTAATAGG,0
TAGCCAGATCCAAAAA,0
TAGCCAGCTTGATCCA,0
TAGCCAGGTGGAAAAC,0
TAGCCAGTCCCCATAT,0
TAGCCATATCAATCAG,0
TAGCCATTAACTCGCG,0
TAGCCCAAAAAAAAAA,0
TAGCCCATAATCGCGC,0
TAGCCCTGTGAGCCTG,0
TAGCCGACAGAGACCA,0
TAGCCGATTCGAAATC,0
TAGCCGCATCTTCAAA,0
TAGCCGGCGTAAGCCT,0
TAGCCGGGGATCGTTA,0
TAGCCGGGTGTAGATG,0
TAGCCGTACTTAAGGT,0
TAGCCGTCCCCTTAAA,0
TAGCCTAAAACTCCTT,0
TAGCCTAAAGAAAATT,0
TAGCCTACAAATGGTA,0
TAGCCTAGCATATACG,0
TAGCCTCCTTCTGTTC,0
TAGCCTCTCTTCATAG,0
TAGCCTGCCCAAACGA,0
TAGCCTGGAATAAGCG,0
TAGCCTGGTACATACA,0
TAGCCTTGCTGCCCTG,0
TAGCGAAAAGAGAAAA,0
TAGCGAAACCCTGAAA,0
TAGCGAAATGGGACTT,0
TAGCGAACAACTTACA,0
TAGCGAACCATCAGCA,0
TAGCGAATGTCAGTAT,0
TAGCGACAACGCCTGA,0
TAGCGACCCCTCAGTA,0
TAGCGACTTTAACAAC,0
TAGCGAGCAAAAATCT,0
TAGCGAGTAAAAATAA,0
TAGCGATATAGAAAAT,0
TAGCGATCTGCCATGG,0
TAGCGCAACAGACTCG,0
TAGCGCAGAAGAAACT,0
TAGCGCAGGATGAGAA,0
TAGCGCCAATATACAC,0
TAGCGCCAGTCCATTT,0
TAGCGCCAGTCTATCA,0
TAGCGCCCAGATACTT,0
TAGCGCCTCTACTCTT,0
TAGCGCGCGACTCATA,0
TAGCGCGGACGATATT,0
TAGCGGAAACAAAAGG,0
TAGCGGAGTATTTCCC,0
TAGCGGTCGCCACCAA,0
TAGCGGTGCAATCGAA,0
TAGCGGTTTAAGAATC,0
TAGCGTAATCGTCCAA,0
TAGCGTCCAGATATCC,0
TAGCGTCGGTGATTTC,0
TAGCGTCTTACTCATC,0
TAGCGTGAACTAGAAT,0
TAGCGTGCTTCGTTAC,0
TAGCGTTCCGTAGGCA,0
TAGCGTTGCATGGCCC,0
TAGCTAAAAAAAAAAC,0
TAGCTAAAAATAGGGA,0
TAGCTAAACCCCAGTA,0
TAGCTAACAGTTAACA,0
TAGCTAACGGGCCCTT,0
TAGCTAATGCATAATA,0
TAGCTACCAAATCCAA,0
TAGCTACTCGCAGGAA,0
TAGCTACTTTAATGAA,0
TAGCTAGACAACATAC,0
TAGCTAGGAACACTAC,0
TAGCTAGTACATGTCT,0
TAGCTAGTTTGGACAT,0
TAGCTATACAAAACAA,0
TAGCTATATAAACAGA,0
TAGCTATATACTTTGC,0
TAGCTATCACAACGAA,0
TAGCTATGCTACTTTA,0
TAGCTATGGAGTATTC,0
TAGCTATGTCTACACA,0
TAGCTATTTGGTCCGG,0
TAGCTCAAACTACACA,0
TAGCTCAAGCCGGGAA,0
TAGCTCAAGGCGAACA,0
TAGCTCACCTTTAAAG,0
TAGCTCATCCCTAACC,0
TAGCTCCACAACGAAA,0
TAGCTCCAGGATACTA,0
TAGCTCCCAGGAACGG,0
TAGCTGAACTGACCAT,0
TAGCTGATACCAATAG,0
TAGCTGATGACGAAAC,0
TAGCTGCCCTCCCGGC,0
TAGCTGGATTTGCGCA,0
TAGCTGGCCTTCTGCG,0
TAGCTGGTAACGACCC,0
TAGCTGTATCATAGAT,0
TAGCTTAGACCACCAA,0
TAGCTTAGACTAGACG,0
TAGCTTATAACGCACA,0
TAGCTTCTTATTAAAC,0
TAGCTTGACAATATAG,0
TAGCTTGTGCCTTAGT,0
TAGCTTTAGCAGAAGT,0
TAGCTTTATCCAATCC,0
TAGCTTTCAACCTGGG,0
TAGGAAAACAATTTAA,0
TAGGAAAACACACCAA,0
TAGGAAAACATCTGTA,0
TAGGAAAAGTTACTGG,0
TAGGAAAATAATCCGA,0
TAGGAAACAAAGCTAA,0
TAGGAAATGAATCTTA,0
TAGGAAATGCTCTGGT,0
TAGGAAATTAAACCTG,0
TAGGAAATTCGCCGCA,0
TAGGAAATTTTGGCTA,0
TAGGAACAACGGCGAA,0
TAGGAACTACTGCAAT,0
TAGGAACTTGCTTCTC,0
TAGGAAGGCAAGGTAG,0
TAGGAAGTTACATATA,0
TAGGAATTACAAAGTG,0
TAGGAATTGACTTAGT,0
TAGGAATTGAGAAAAA,0
TAGGACAAACAACCAT,0
TAGGACAAACTGGCAT,0
TAGGACAACCCTTGAG,0
TAGGACAATAGGCCAA,0
TAGGACACCGCAACAA,0
TAGGACCCATCCTACG,0
TAGGACGAAGGCAGCC,0
TAGGACGGTAACAACT,0
TAGGACTCCACCACCT,0
TAGGACTCTCATCCTC,0
TAGGAGAAAATAACAA,0
TAGGAGAATAAATCAA,0
TAGGAGACCCCCTCCT,0
TAGGAGACGCATAGAG,0
TAGGAGATTTGAGCAT,0
TAGGAGCCCGGGACGA,0
TAGGAGCGAAAAAAAA,0
TAGGAGCGCATAGGCG,0
TAGGAGGAAGATACTC,0
TAGGAGTAATATATCT,0
TAGGAGTACAGACTGA,0
TAGGAGTACCCGATAG,0
TAGGAGTACTAACATA,0
TAGGATAAAAGCCTCA,0
TAGGATAAACGTCTTA,0
TAGGATATATATGGAG,0
TAGGATCGCTGTGAAC,0
TAGGATCTATTTGTAA,0
TAGGATGACCACGACA,0
TAGGATGGCCCTGGTC,0
TAGGATGTGTATAATA,0
TAGGATTAACAACAAT,0
TAGGATTAGGGCCTTT,0
TAGGATTGCCGTGCGA,0
TAGGATTTAAACGGAC,0
TAGGATTTGTAGAAAT,0
TAGGCAAAATCCGCGT,0
TAGGCAAACAGTTTCT,0
TAGGCAAATCTGTTCC,0
TAGGCAACCCTTAAGG,0
TAGGCAATTATTAGCT,0
TAGGCAATTGTGGGGC,0
TAGGCACAAGAATAGG,0
TAGGCACATTGGCTTC,0
TAGGCACCCCGATGGT,0
TAGGCAGATATGCCCC,0
TAGGCAGTGCATATAT,0
TAGGCATAAAGGTCTA,0
TAGGCATCCCAAGGAA,0
TAGGCATTACCACCAG,0
TAGGCCAAGCAAAAAC,0
TAGGCCACTGGAAAAA,0
TAGGCCAGATCAGACG,0
TAGGCCATACAAAATC,0
TAGGCCCACTGGACCC,0
TAGGCCCGACGAACAA,0
TAGGCCCGTGCAAAAG,0
TAGGCCGGCCTGGATC,0
TAGGCCTACATACACT,0
TAGGCGCTACTCCGTG,0
TAGGCGTAACTAACTA,0
TAGGCGTCCCCTATAA,0
TAGGCTAAAACTTGGA,0
TAGGCTACAATGAAAA,0
TAGGCTAGATAGTATG,0
TAGGCTATGAGGGACC,0
TAGGCTGAAAAGAGAT,0
TAGGCTGGTGATTTAC,0
TAGGCTGTCCACCCCA,0
TAGGCTTAAAGCATTT,0
TAGGCTTAAGTTGTAG,0
TAGGCTTCTCTATCAG,0
TAGGCTTGTAAGAATA,0
TAGGCTTGTCCCATTA,0
TAGGCTTGTCGTCGAA,0
TAGGCTTTAATTACTT,0
TAGGGAACATAGTAAT,0
TAGGGAAGACCACAAT,0
TAGGGAAGCTGTCAAC,0
TAGGGAATACGCATGG,0
TAGGGAATTATGCAAC,0
TAGGGAATTTCTGTTA,0
TAGGGACAACAACAAA,0
TAGGGACTCACCACAA,0
TAGGGACTTACGAAGA,0
TAGGGAGAACTCTCTT,0
TAGGGAGTTCTAGCAA,0
TAGGGATGGGATACAA,0
TAGGGATTGCGCACAG,0
TAGGGATTTGATTTAA,0
TAGGGCACATGAAGTT,0
TAGGGCATGATAATAA,0
TAGGGCCTCGATCGTT,0
TAGGGCTCCCATTAAA,0
TAGGGCTCCGTACATT,0
TAGGGGAAACTTTCAC,0
TAGGGGAATCCAGACC,0
TAGGGGACGAAACGTG,0
TAGGGGCGAAAAATTA,0
TAGGGGCTGCACTCCT,0
TAGGGGGGTTTTAAAT,0
TAGGGGTACAGAATGC,0
TAGGGGTGATAGATAA,0
TAGGGTATTTATGTTT,0
TAGGGTCACAGTTAAT,0
TAGGGTCCGCATAATT,0
TAGGGTCCTATACACC,0
TAGGGTGAAATCCCCC,0
TAGGGTGCAGCACAAT,0
TAGGGTGGCCTCGTAG,0
TAGGTAAATACTATTT,0
TAGGTAACCAAACCCA,0
TAGGTAACGCGTTCCG,0
TAGGTAACTGAGTAGA,0
TAGGTAATTGGGCACG,0
TAGGTACCCCACATTA,0
TAGGTACTATTGAGAG,0
TAGGTAGAAACTAGAT,0
TAGGTAGTTGCAAAGT,0
TAGGTATAACTGGGCT,0
TAGGTATATGGCTTGG,0
TAGGTATTCATGGATC,0
TAGGTCAACTGAATTG,0
TAGGTCACATTGTAAG,0
TAGGTCCGCACGAATC,0
TAGGTCCGCTGCGGGC,0
TAGGTCGACTACATCA,0
TAGGTCGTTCTCGCTA,0
TAGGTCTAAACGGACA,0
TAGGTCTTATATAAGC,0
TAGGTGAAAAAGCTAA,0
TAGGTGATCAAACCCC,0
TAGGTGTATACACGCT,0
TAGGTGTGACGGGCGA,0
TAGGTTACTGCACAAA,0
TAGGTTATCACAATTA,0
TAGGTTATGAGCGGCT,0
TAGGTTCAGTACGTTA,0
TAGGTTGCCTATTACG,0
TAGGTTGTTCCAAGCA,0
TAGGTTTGAAGTGGTC,0
TAGGTTTGATACTATC,0
TAGTAAAAAAAGTAAT,0
TAGTAAAAAATGCAGA,0
TAGTAAAACCCAAAAA,0
TAGTAAAAGCAAAAAT,0
TAGTAAAATAACCTCA,0
TAGTAAAATCATTTAG,0
TAGTAAAATCTGGTCA,0
TAGTAAAATGTTTGTC,0
TAGTAAACCTGTAACC,0
TAGTAAACCTGTTGCA,0
TAGTAAAGCCCATAGG,0
TAGTAACACTACAAGA,0
TAGTAACAGAGTCCCT,0
TAGTAACATAATCAAT,0
TAGTAACATCATGAAG,0
TAGTAACCCTATTTCC,0
TAGTAACGTTCAAAGA,0
TAGTAACTCCACAAGT,0
TAGTAATAAAAAAAAC,0
TAGTAATACAAGCACG,0
TAGTAATATTAAGACT,0
TAGTACAAAGACAACA,0
TAGTACAACACACTTA,0
TAGTACAATCAAACTG,0
TAGTACACTAGCTTTA,0
TAGTACATACAAATAT,0
TAGTACATAGAAACTG,0
TAGTACCTAGCTTGAC,0
TAGTACCTCTATAAAC,0
TAGTACTGTAACTATT,0
TAGTACTTAATTAATC,0
TAGTAGACTAAGTGAG,0
TAGTAGAGGGCAAATC,0
TAGTAGATATGGGGTT,0
TAGTAGATATTGAACC,0
TAGTAGATTAAGATGA,0
TAGTAGCAAATTAGGG,0
TAGTAGCCAATTTAAG,0
TAGTAGGGGTCGTCAA,0
TAGTAGTAATGGCTTC,0
TAGTAGTCACCGAATA,0
TAGTAGTGCCTAGAGG,0
TAGTAGTGGATGCTGA,0
TAGTATAACTACAAAT,0
TAGTATACAATATACA,0
TAGTATAGATGTGGAG,0
TAGTATATAAAATCAC,0
TAGTATATACAATACC,0
TAGTATATCTCAATCC,0
TAGTATCACACGAGTA,0
TAGTATCCAATTTGCG,0
TAGTATCTATTCTGCA,0
TAGTATGACAAGCCAC,0
TAGTATGAGCTGACAC,0
TAGTATGATCAGAATA,0
TAGTATGGTGGATCCC,0
TAGTATGTAGTTATTT,0
TAGTATTAAAAGCAGC,0
TAGTATTAGAATAGCT,0
TAGTATTATCAAAGTA,0
TAGTATTCGTTATACT,0
TAGTATTGAAATCAAT,0
TAGTATTTCCATATAT,0
TAGTATTTGCGTATCT,0
TAGTCAAACACCCTGC,0
TAGTCAACAGTGATTT,0
TAGTCAAGTAAGCTAC,0
TAGTCAATTGGAGCAG,0
TAGTCACTACCTAAAA,0
TAGTCAGATTACTTTA,0
TAGTCATAAAGCTGCA,0
TAGTCATAAATAGAAA,0
TAGTCATAATCCGTGT,0
TAGTCATATATAACAG,0
TAGTCATCAAACTTAG,0
TAGTCATCATTAAATG,0
TAGTCATTCCACATAC,0
TAGTCCAAAATTTCTG,0
TAGTCCAAAGCTATCG,0
TAGTCCACAGGCTGGA,0
TAGTCCATGATCCCCC,0
TAGTCCGATCAGAACT,0
TAGTCCTTCTACAAAT,0
TAGTCCTTTACAGTTA,0
TAGTCGAAGAGGTAAA,0
TAGTCGAATCAGTTAC,0
TAGTCGACACTTGGCA,0
TAGTCGATTCAGATAT,0
TAGTCGGATATGTTTT,0
TAGTCGGCTTGGAATT,0
TAGTCTAAGTAATACG,0
TAGTCTCATTACGAAC,0
TAGTCTCCAACATCTG,0
TAGTCTCGAATGCCTA,0
TAGTCTCTTAATGGTA,0
TAGTCTTAGCATGAGG,0
TAGTCTTCATATCTTC,0
TAGTCTTTGCCCGAAT,0
TAGTGAAAACCTTCAG,0
TAGTGAAAGGTCCCTC,0
TAGTGAAGCCTCTACC,0
TAGTGACAAAAAATGA,0
TAGTGACATGGTAAAG,0
TAGTGACCTTTTACAT,0
TAGTGACTTAAAATTT,0
TAGTGAGCTTGTTTCC,0
TAGTGAGTAGAACGTA,0
TAGTGAGTGTCTAATT,0
TAGTGAGTTCAATATG,0
TAGTGATATAATGAAC,0
TAGTGATTACAGGGAC,0
TAGTGCAAAAAAAATA,0
TAGTGCAGAGGGATTA,0
TAGTGCAGGAGAACCC,0
TAGTGCATTGGTAATG,0
TAGTGCCAATCAGCTT,0
TAGTGCCGTATAACAA,0
TAGTGCCTAGAAAACC,0
TAGTGCGCAACACCTT,0
TAGTGCTCGGCTTCGT,0
TAGTGGACCTATAAGG,0
TAGTGGATAAGAGACA,0
TAGTGGATGTGATCAG,0
TAGTGGCGAGCTCACA,0
TAGTGGCGTTCCTACC,0
TAGTGGCTACAGAAAG,0
TAGTGGCTATGATTAG,0
TAGTGGGCGCGAAATT,0
TAGTGGGTATACACAT,0
TAGTGTCATGTAATAA,0
TAGTGTCTCTAAAGCA,0
TAGTGTGAAGAAGCAA,0
TAGTGTGTCATCCCTA,0
TAGTGTTACGTCCACC,0
TAGTGTTTTACTAGAA,0
TAGTTAACATAAGATA,0
TAGTTAACTCCAATTG,0
TAGTTAACTTACGCTA,0
TAGTTAAGACTAAATT,0
TAGTTAATAGAACGGA,0
TAGTTAATGATCTAAT,0
TAGTTACCAACTTATA,0
TAGTTACGCGCAGTGC,0
TAGTTACTCGAAGTAA,0
TAGTTAGAAACAAAAT,0
TAGTTAGCACACGCCA,0
TAGTTAGTCCGCTTAA,0
TAGTTATGACATCCAA,0
TAGTTCAAAACAATCC,0
TAGTTCAAACCAGACA,0
TAGTTCAACTTGATGG,0
TAGTTCAAGTTCACCA,0
TAGTTCAATTTAAAAA,0
TAGTTCACTCCCATAG,0
TAGTTCACTTATTGAA,0
TAGTTCATTTGTAACA,0
TAGTTCCACAGGGGAG,0
TAGTTCCACATTCAGC,0
TAGTTCGCAGGCAATC,0
TAGTTCGGAATCTTAT,0
TAGTTCTAGAAGCACA,0
TAGTTCTTACGCTCAG,0
TAGTTCTTAGATCAGC,0
TAGTTGAAAGCCGAGC,0
TAGTTGAACGACACAT,0
TAGTTGACAAAAACGA,0
TAGTTGACCACTCAAA,0
TAGTTGAGGGATTAAA,0
TAGTTGCTAACGGGGA,0
TAGTTGGACGATAGCA,0
TAGTTGGTCAAAAAAT,0
TAGTTGTAAGTTGACC,0
TAGTTGTCGAACATAA,0
TAGTTGTGGCGCCACC,0
TAGTTGTTAATGTAGA,0
TAGTTGTTGCGCGTTG,0
TAGTTGTTTATAAACG,0
TAGTTTAACACAAAGA,0
TAGTTTAACAGTGGTA,0
TAGTTTACACTAGCAA,0
TAGTTTAGTACATTAT,0
TAGTTTCATGTTAGCA,0
TAGTTTCTTTATTGGC,0
TAGTTTGAACAAATAT,0
TAGTTTGCTGAGTAAA,0
TAGTTTGGCGAGTATC,0
TAGTTTGGTACTAAGA,0
TAGTTTGTATGGTCTC,0
TAGTTTTAATACAGAA,0
TAGTTTTACAAATGAA,0
TAGTTTTATGAAAACT,0
TAGTTTTTATTTAACT,0
TAGTTTTTGGTACAAG,0
TAGTTTTTTCAGCCAT,0
TATAAAAAAAAAAAAA,0
TATAAAAAAAGATACA,0
TATAAAAAAAGCCTAC,0
TATAAAAAACACAACT,0
TATAAAAACCTTTGAA,0
TATAAAAACGAGGACA,0
TATAAAAACGCAAATA,0
TATAAAAATATGCAAT,0
TATAAAAATCATCGGC,0
TATAAAACAATAACGA,0
TATAAAACGAAACATG,0
TATAAAACGTAGGGCT,0
TATAAAACTCCCTTAT,0
TATAAAAGACATGGGC,0
TATAAAAGAGCCCCGA,0
TATAAAATAAAATAGT,0
TATAAAATTAAGCAAC,0
TATAAACAACATCAAT,0
TATAAACAACTCAAGA,0
TATAAACACAAGGAAC,0
TATAAACACCGCACTA,0
TATAAACATGAGTTGC,0
TATAAACATGGAAAAT,0
TATAAACCAAAACGAA,0
TATAAACCTTTGACAA,0
TATAAACTAAAGAACC,0
TATAAACTGTGGAATG,0
TATAAAGACAGATGTC,0
TATAAAGATACTACAC,0
TATAAAGCTTAACATT,0
TATAAAGGAGAGCCAT,0
TATAAAGGCTGTTGCC,0
TATAAATAAAATATTG,0
TATAAATAACTTGCAA,0
TATAAATACTACATAG,0
TATAAATATAGGCCTT,0
TATAAATATCTTCATC,0
TATAAATCAACAATCC,0
TATAAATCCTACGCCT,0
TATAAATCGTTCTAAG,0
TATAAATGATCGACAT,0
TATAAATTAAGAAGGC,0
TATAAATTGTACGGAG,0
TATAACAAACACAGGA,0
TATAACAACAAAATAC,0
TATAACAACCCCATGG,0
TATAACAAGACTCTAC,0
TATAACAATCCAAGGT,0
TATAACACAGGATGGA,0
TATAACACCTATCTTG,0
TATAACACTAAAGAAC,0
TATAACAGACATCGAG,0
TATAACAGTTTGGAAC,0
TATAACATGCGATAGA,0
TATAACATTAATCGAC,0
TATAACATTATAGAAG,0
TATAACCAACAAAGTT,0
TATAACCAACCGTACT,0
TATAACCATCACAGGT,0
TATAACCATGTAGTAA,0
TATAACCCAGCGCATG,0
TATAACCCCAAATAGA,0
TATAACCCCACACTTT,0
TATAACCCCTCCTGGA,0
TATAACCGAACATAAC,0
TATAACCGATAGACTC,0
TATAACCTTTATAGTT,0
TATAACGCCACCAGGT,0
TATAACGCCATACTCA,0
TATAACGCTAAAGTCC,0
TATAACGTATAACAAG,0
TATAACTAACATTAAT,0
TATAACTCATTTTACT,0
TATAACTCTAAACTTT,0
TATAACTGAGTAAAAC,0
TATAACTGTAAACAAT,0
TATAAGAATAACTTGT,0
TATAAGAATATATTAG,0
TATAAGAATCAACAAA,0
TATAAGACGAGCAACG,0
TATAAGACTTTGGAAG,0
TATAAGACTTTTTCCC,0
TATAAGAGAATATAAG,0
TATAAGAGAGGTTCTC,0
TATAAGAGATCACTCT,0
TATAAGCAACAATCCT,0
TATAAGCAAGGCTCCG,0
TATAAGCACCGCATCT,0
TATAAGCCAATTCATA,0
TATAAGCCACCTGTTA,0
TATAAGCCCACCGACA,0
TATAAGCCTGTGTTGC,0
TATAAGCTGCGAACTG,0
TATAAGGACTCGCAAT,0
TATAAGGACTTTAGGA,0
TATAAGGAGAGTAAAA,0
TATAAGGGCGAAAACA,0
TATAAGGTACTAGCCG,0
TATAAGGTCCAAATAA,0
TATAAGTAAAATTAAT,0
TATAAGTAACACCTCC,0
TATAATAAGCATTTGC,0
TATAATAATACGAATT,0
TATAATACCATTATGC,0
TATAATACCTGCTATA,0
TATAATACGACCAAAT,0
TATAATACGTAAAGGT,0
TATAATACGTAATGAC,0
TATAATATAATACAAG,0
TATAATATACTGCAAA,0
TATAATATGATTCCAA,0
TATAATATTCAAATTC,0
TATAATCAAATAATAT,0
TATAATCCCAAATTCA,0
TATAATCCTGACCACC,0
TATAATCGCAAAGATA,0
TATAATCGCACGTGCG,0
TATAATCGCTAGACCT,0
TATAATCGGACGTAGC,0
TATAATGAATCAAAAT,0
TATAATGAGCACAATT,0
TATAATGCAAAAATCT,0
TATAATGCATCCCGGT,0
TATAATGGCCCTATTC,0
TATAATGTAGCTCTAA,0
TATAATGTATTTGAGG,0
TATAATTACCAAAACA,0
TATAATTACCGTAAAA,0
TATAATTATACCTTGA,0
TATAATTGACCGCACA,0
TATAATTTACATTGCC,0
TATAATTTATGGGTCA,0
TATAATTTCGATATGT,0
TATAATTTTAATATTA,0
TATACAACACTGCGCA,0
TATACAACAGATATCG,0
TATACAACGCAACAAA,0
TATACAACGTGATGCA,0
TATACAAGAAGATGCA,0
TATACAAGATGCAGAG,0
TATACAATCCTATGAT,0
TATACAATTAATTGAA,0
TATACACAATAATGCC,0
TATACACGCGATCAGA,0
TATACACGGACCCCAC,0
TATACACTGGGTGAGC,0
TATACAGAAATTTGAT,0
TATACAGAAGTAGTTC,0
TATACAGAGTTTCACA,0
TATACAGGAAAAAAAC,0
TATACAGTGGTCAAAA,0
TATACATACGATGATA,0
TATACATATTATAAGG,0
TATACATGGACCATGT,0
TATACATGTATATACA,0
TATACATGTCTTATTG,0
TATACATTTTTATGAT,0
TATACCAATCTATGGC,0
TATACCAGATTGCTTC,0
TATACCATAAAGTGAA,0
TATACCATAAGGGCGA,0
TATACCATATCCAACG,0
TATACCATGAAAAAGG,0
TATACCATGATAGAGA,0
TATACCATTAAGTAGC,0
TATACCCACGGGAGAT,0
TATACCCCGAGTTAAA,0
TATACCCGCTACCTTA,0
TATACCCGGCAACTAC,0
TATACCCGTGGCTACA,0
TATACCGCAAACATCA,0
TATACCGCATTTAACC,0
TATACCGCCAAGCATC,0
TATACCGCTGATCTTA,0
TATACCGGTCACCATC,0
TATACCGTCAAAACCT,0
TATACCTAAAATCAAG,0
TATACCTAATCCGACT,0
TATACCTACTCGGACC,0
TATACCTACTTTGTGA,0
TATACCTCGGGAGCAT,0
TATACCTGACACCAAT,0
TATACGAATTCCGTTG,0
TATACGCACCCTCCCA,0
TATACGCGCAGGAAGA,0
TATACGGCCAGCCGCT,0
TATACGGGCCTCTTCA,0
TATACGGTGTTCACAG,0
TATACGTAATTTTCAA,0
TATACGTACATTTGAT,0
TATACGTCGGGTGTAC,0
TATACTAAACATAGAG,0
TATACTAAACCCGAGC,0
TATACTATAGAATCCA,0
TATACTCAATAATTTT,0
TATACTCATAACGCAA,0
TATACTCATAATTCGA,0
TATACTCATTATCTCA,0
TATACTCCCATGAGAA,0
TATACTCCTGTGCTAG,0
TATACTCGCTTACTCG,0
TATACTCTACTGAGAT,0
TATACTCTCCACTCGT,0
TATACTGCCAGAAATG,0
TATACTGGCGACAATA,0
TATACTTAAGTTACTT,0
TATACTTAGACGACCT,0
TATACTTGTTTACCAC,0
TATACTTTAACGTACC,0
TATAGAAAGCTTAGAC,0
TATAGAAAGTCCTAAA,0
TATAGAACTAAACGAA,0
TATAGAATCAGCATAC,0
TATAGACAATAGAAAA,0
TATAGACAGAATAAGT,0
TATAGACATATGCTCA,0
TATAGACCACAAAACA,0
TATAGAGAATGAACCC,0
TATAGAGAGGATAGTA,0
TATAGAGATCAACTGC,0
TATAGAGGACAGCCAC,0
TATAGAGTGCATGGTA,0
TATAGATAAAAAATGA,0
TATAGATAAACGGTAC,0
TATAGATAAGATTTCC,0
TATAGATCCATCCTAA,0
TATAGATGAAAGATGT,0
TATAGATGAACCCGAG,0
TATAGATGCAGCTTAG,0
TATAGATGGAAAAGCC,0
TATAGATTAACGCGCT,0
TATAGATTAAGTCAGA,0
TATAGATTAGCGGACT,0
TATAGCAAGTAAACCC,0
TATAGCAATATGTGAG,0
TATAGCAATTAGTTTC,0
TATAGCATTCAGCTCG,0
TATAGCCCCACCATCA,0
TATAGCCTCAACAACA,0
TATAGCCTTAAGTAAC,0
TATAGCGATCCCATTA,0
TATAGCGGGCGCGTCA,0
TATAGCTAATGAGTAG,0
TATAGCTAGGGCTGTA,0
TATAGCTCATATAAAC,0
TATAGCTCTGGACTGC,0
TATAGCTTGAATACCC,0
TATAGCTTTTGTAAAT,0
TATAGGAACTAAAGTC,0
TATAGGAAGAGCTTAA,0
TATAGGAATGGATTTA,0
TATAGGATACTTAGAA,0
TATAGGATCGTGTAAC,0
TATAGGCCTATCGAAG,0
TATAGGCCTCATAAAT,0
TATAGGCCTTGTTGTG,0
TATAGGGAGAAATGCT,0
TATAGGGGAATGATCT,0
TATAGGGGATTGCGAT,0
TATAGGGTGGAATGGA,0
TATAGGTCCCACAATT,0
TATAGGTCGACTGTGC,0
TATAGTAAAAAAAACT,0
TATAGTAAAGTAAAGT,0
TATAGTAACCGGTTGT,0
TATAGTAAGTCAAAAT,0
TATAGTAATAGATCAA,0
TATAGTAATGAGGAAT,0
TATAGTACCATACTAA,0
TATAGTAGCTAAAATA,0
TATAGTCCAACCCTTA,0
TATAGTCCAGATATTT,0
TATAGTGTCGTCAGGG,0
TATAGTGTCTTTTCCA,0
TATAGTTACTCTAGGT,0
TATAGTTCGCCTAACG,0
TATAGTTGGAAAATAA,0
TATATAAAAAAAGAAA,0
TATATAAAAAATAGTC,0
TATATAAAACACAAAT,0
TATATAAAATAAAAGC,0
TATATAACGAATGACT,0
TATATAACGGCGTAAT,0
TATATAACGTGACAGA,0
TATATAAGAGTTGCAT,0
TATATAATGTTTGTAG,0
TATATAATTAAAAATC,0
TATATACACTTACACT,0
TATATACAGTGACCGC,0
TATATACATGTACTCA,0
TATATACCAAGGGTCA,0
TATATACCACGCCTAA,0
TATATACCACGCCTTC,0
TATATACGATAGCCTA,0
TATATACGCATACTTG,0
TATATACGTGTTCTGG,0
TATATAGATGGGGCCT,0
TATATAGCATGAATAC,0
TATATAGCCATGAGTA,0
TATATAGGGCATAGAA,0
TATATATAAAAGTGGC,0
TATATATACACATATA,0
TATATATATAACTAAT,0
TATATATCGAGGAGAC,0
TATATATGAAAACCAG,0
TATATATGCATATAAA,0
TATATATTCCATAAGG,0
TATATATTGGAACACA,0
TATATATTTGTGACAT,0
TATATCAACATAAACC,0
TATATCACCAAAGCAC,0
TATATCACGATTATGC,0
TATATCACTCGAGTTA,0
TATATCATATGAAGAA,0
TATATCATTAAGAAAG,0
TATATCCATGATTGGG,0
TATATCCTATAACTTT,0
TATATCGACTATCGGA,0
TATATCGAGAAAACGA,0
TATATCGAGGGCGAAA,0
TATATCGAGTGAAGTA,0
TATATCGATCCCCGCA,0
TATATCGCCCCGATAA,0
TATATCGTAGACTAAA,0
TATATCGTTAAGCATA,0
TATATCTACATAAGTC,0
TATATCTCACAACCTC,0
TATATCTTAATAGCGT,0
TATATCTTATGAGTAC,0
TATATCTTCATCAAGT,0
TATATGAAACATGAAT,0
TATATGACAAAATCTC,0
TATATGACCGATTTAC,0
TATATGACCTTCAACA,0
TATATGAGTACTTCAA,0
TATATGATTAACAATT,0
TATATGATTCACAAGA,0
TATATGCAACCCTGCT,0
TATATGCAAGGTTAAC,0
TATATGCACCTGAGCA,0
TATATGCCACAGGTCC,0
TATATGCGTATACAAT,0
TATATGCTACAAAGAT,0
TATATGGAACACTTAG,0
TATATGGAGCTCGGCA,0
TATATGGAGTATAAAA,0
TATATGGCATACTGTG,0
TATATGGCGTCGTAAT,0
TATATGGGTACAGCAA,0
TATATGGTCTAACACA,0
TATATGTACTTACACA,0
TATATGTCGGCAAAAT,0
TATATGTCTAACACGT,0
TATATGTCTCTACTCT,0
TATATGTCTGACCTAA,0
TATATTAAAAAATGCA,0
TATATTAAAAATAAGG,0
TATATTAAAATGAGGC,0
TATATTAAACAGGCAC,0
TATATTACTACATAAT,0
TATATTACTCCTTCCA,0
TATATTAGAATAACAG,0
TATATTCAAGCGGTCT,0
TATATTCAATCAATTC,0
TATATTCTACACTCGA,0
TATATTCTACTCAATA,0
TATATTCTATTTCGAC,0
TATATTGCAATGTACT,0
TATATTGGGATAATAG,0
TATATTGGTCGCAAAG,0
TATATTTAAACGGGCC,0
TATATTTAAATTACAT,0
TATATTTAACCACTAC,0
TATATTTAATTTCATA,0
TATATTTACAAATTAT,0
TATATTTCATTAAAGA,0
TATATTTCCCAACTAT,0
TATATTTCTTACTTTT,0
TATATTTTTCAAAAAA,0
TATCAAAAATGTACCA,0
TATCAAAACAGCAACT,0
TATCAAAAGTACTGTA,0
TATCAAAAGTTACCAC,0
TATCAAACATTACCGT,0
TATCAAAGGAAGTCAC,0
TATCAAATGAAACCCG,0
TATCAAATTTGCCCAC,0
TATCAACAAAGTCCCT,0
TATCAACAACTAGTAA,0
TATCAACACCTGCAGC,0
TATCAACATAATAAAA,0
TATCAACCCTGGTTTT,0
TATCAACCTGCAAACG,0
TATCAAGACTACGGCC,0
TATCAAGAGAGGCAAA,0
TATCAAGGATGGCGCG,0
TATCAAGTGCATCCGG,0
TATCAAGTTCTGGCTC,0
TATCAATAACCTCACT,0
TATCAATACCATCCAA,0
TATCAATATAGATAAG,0
TATCAATCTACCTGAC,0
TATCAATTCATCCGTA,0
TATCACACCAGCAAAA,0
TATCACACCTACCTGA,0
TATCACAGTTAGAAAC,0
TATCACCAAACATAAA,0
TATCACCCCTGAAACT,0
TATCACCCTTTATTAT,0
TATCACCGTAAAGAAT,0
TATCACCTAAGTAATA,0
TATCACCTATAAGTCG,0
TATCACCTATCCGTCA,0
TATCACCTGATGAACC,0
TATCACGACACAGTGC,0
TATCACGGGTACCATT,0
TATCACGGTAACACAT,0
TATCACTAGGGGGCTA,0
TATCACTCCAAAGTGC,0
TATCACTGAAGTTCAT,0
TATCACTTAGCGTACT,0
TATCAGAATCTAGTGC,0
TATCAGACAATTTTAG,0
TATCAGATAAACCAAA,0
TATCAGATGCGATAAA,0
TATCAGATTTATGCAT,0
TATCAGCATCTTTGAC,0
TATCAGCGTTGCCAGA,0
TATCAGGATCGTCTCA,0
TATCAGGGTAGACAGT,0
TATCAGTTTTACGTTA,0
TATCATAACGTAGATT,0
TATCATAACTTAAAAG,0
TATCATAAGGCAACTG,0
TATCATAATCAAAGAA,0
TATCATAATCTCAGAC,0
TATCATACAGATCCTG,0
TATCATACGGTACGGA,0
TATCATAGAAAATCAG,0
TATCATATAACTTGGT,0
TATCATATTAAATCTT,0
TATCATCACACTCGTT,0
TATCATCCATTAGATC,0
TATCATCCTTAAACCA,0
TATCATCTAGCTTCAA,0
TATCATCTCACTTAAC,0
TATCATGCATATAGAA,0
TATCATTCATTCATCA,0
TATCATTCTAAGGAAA,0
TATCATTGATATGCCA,0
TATCATTTTGAATGGA,0
TATCCAAAAAATTGAA,0
TATCCAAAGTTATAAC,0
TATCCAACACTAATTA,0
TATCCAACGGTTGTAC,0
TATCCAAGAGGATATA,0
TATCCAAGGATAGGTT,0
TATCCAAGGTACTAAT,0
TATCCAATGAAGAGTT,0
TATCCACACGACACAC,0
TATCCACATGATGTAT,0
TATCCACCAGTTCACT,0
TATCCAGCTAGAAGAT,0
TATCCAGGAAAAATGT,0
TATCCAGGAGCACCTA,0
TATCCAGGTTTTAAAC,0
TATCCAGTATTCGAGC,0
TATCCAGTTAGTTGAG,0
TATCCAGTTTGTACAA,0
TATCCATACTAAGTGC,0
TATCCATATATAAGTC,0
TATCCATGTGATACCG,0
TATCCATTTGATGATC,0
TATCCCAAAACTAACG,0
TATCCCAAATTGGTAA,0
TATCCCAACTTCACTA,0
TATCCCACACTTCCTA,0
TATCCCAGTCGGGATC,0
TATCCCATACCCCCAA,0
TATCCCATACTCTCTC,0
TATCCCCAAGACCAAA,0
TATCCCCCAACTCCAA,0
TATCCCGCCAGCTAGT,0
TATCCCGTCATAAGGT,0
TATCCCTGGACAACAG,0
TATCCGAACGTTCTCA,0
TATCCGCATTCCATGT,0
TATCCGGAACAAGAAA,0
TATCCGGAGCATAGCG,0
TATCCGGCACTCAGAT,0
TATCCGGCTACTCTTG,0
TATCCGGCTCTTGTTA,0
TATCCTAATATAAAAG,0
TATCCTAATATAAACA,0
TATCCTAATTCGGATG,0
TATCCTAGATACCAAG,0
TATCCTAGCGCAACAA,0
TATCCTATACTAGCCC,0
TATCCTATATACTCGA,0
TATCCTCCCGATAAAC,0
TATCCTCTAAGTGCAG,0
TATCCTGGACCCCAAA,0
TATCCTGGCACTTGCC,0
TATCCTGGCATCTCAA,0
TATCCTTACCGATTCC,0
TATCCTTCCACGAACC,0
TATCCTTGAAAAATAC,0
TATCCTTGTATCCAAA,0
TATCCTTTAAACCTAC,0
TATCCTTTGGAATTGT,0
TATCGAAAAACCAATT,0
TATCGAAACATTAATG,0
TATCGAAATACGAACT,0
TATCGAACTCCAAAAC,0
TATCGAAGCCAATACC,0
TATCGAAGTCCAACAC,0
TATCGAATAACATTTG,0
TATCGAATCGCATGCG,0
TATCGACACAAAACTA,0
TATCGACGAAATCCAG,0
TATCGACGAATTGTGA,0
TATCGAGAAACGTCTT,0
TATCGATACAGGAGTG,0
TATCGATATGCAAACA,0
TATCGATTCTCTAACG,0
TATCGCCCGATATTAT,0
TATCGCCTTAAAAGAA,0
TATCGCTACAGAAACT,0
TATCGCTATAGAAACT,0
TATCGCTGATAACATC,0
TATCGGAATAAACAGG,0
TATCGGACGAAGACCG,0
TATCGGAGAGCTGCCG,0
TATCGGATATCAGGAT,0
TATCGGATGAACCGCA,0
TATCGGCACCACACTT,0
TATCGGTAATTTCCGG,0
TATCGTAAACGCCGAA,0
TATCGTAAAGCCGAGA,0
TATCGTAATTATGCGT,0
TATCGTAGATAGAACC,0
TATCGTAGCAAAACAA,0
TATCGTATTTTGTAAA,0
TATCGTCATTTTACAG,0
TATCGTCTACATGCTG,0
TATCGTGAGAGAGAAC,0
TATCGTGCTCATTCAA,0
TATCGTTCGGTTTGCA,0
TATCGTTTATGTTGCG,0
TATCTAAATATATGGA,0
TATCTAAGCCCACAGC,0
TATCTAATTAAAATGA,0
TATCTACCAAAATGAT,0
TATCTACTATCAGATA,0
TATCTACTCAACCCGA,0
TATCTACTCGAAAAGA,0
TATCTAGAAACATGAT,0
TATCTAGACTTTACCA,0
TATCTAGAGGATCACC,0
TATCTAGCACCATGTT,0
TATCTAGCGCAGGTAT,0
TATCTAGGCTGTAGCG,0
TATCTAGTTGCTCACG,0
TATCTATAAGGCACAT,0
TATCTATCCACTTAAT,0
TATCTATTAACTGCAG,0
TATCTCAAATCCCAAA,0
TATCTCAAATCGTCAA,0
TATCTCACCCAGGTGG,0
TATCTCCAATGAACAA,0
TATCTCCAGCCTAGGG,0
TATCTCCAGTTACATA,0
TATCTCGAGTTAATCA,0
TATCTCGCATCACGTT,0
TATCTCGGCTACCATA,0
TATCTCGGGAATACGA,0
TATCTCTAATTAAACA,0
TATCTCTTATTATCAC,0
TATCTGAAACAAAAAA,0
TATCTGAACCAAAAAA,0
TATCTGTCTCAAGGAT,0
TATCTGTGTTTTACGT,0
TATCTTAAGACGATGA,0
TATCTTAATAGCTTCA,0
TATCTTAATCGAATAA,0
TATCTTAGTCACAGCC,0
TATCTTATGGGCTGAA,0
TATCTTATTCACCAAA,0
TATCTTATTTTGTAGG,0
TATCTTGATACTCTTG,0
TATCTTTACACTATAT,0
TATCTTTACCACCATG,0
TATCTTTCAAGTACTT,0
TATCTTTGTAGGCATG,0
TATCTTTTATGATACC,0
TATCTTTTGATAACCC,0
TATGAAACTATATCCA,0
TATGAAACTATGATAA,0
TATGAAACTTCTTAAT,0
TATGAAAGAGACATGC,0
TATGAAAGGATAGAAG,0
TATGAAATAAAATAGC,0
TATGAAATGTCTAACA,0
TATGAACAAACGCCGC,0
TATGAACACATAATGC,0
TATGAACAGGTCTAAG,0
TATGAACCAGATATAG,0
TATGAACCCATAAAAG,0
TATGAACCGTAAGTCA,0
TATGAACGACCGCATA,0
TATGAACGATGCAATT,0
TATGAACTATATGTAC,0
TATGAACTGTCTATAA,0
TATGAACTTATCAATT,0
TATGAAGAAATTTTTG,0
TATGAAGAATATAAAG,0
TATGAAGCACCATTCA,0
TATGAAGCGAAGGGGT,0
TATGAAGCTCCCGACA,0
TATGAAGCTTAATAAG,0
TATGAAGGTCTTATGA,0
TATGAATAGCAGAGAA,0
TATGAATATAACGAAA,0
TATGAATCATATACTT,0
TATGAATCGAACAAAG,0
TATGAATGCTCAGGAT,0
TATGAATGGGGCCAAC,0
TATGAATGTCGCTAAA,0
TATGAATTTTACACGG,0
TATGACAAATCATTTC,0
TATGACAAGTAAACCA,0
TATGACATGACTTCGT,0
TATGACCACTGATCCA,0
TATGACCAGCTATACC,0
TATGACCCTCTAACAA,0
TATGACCTACACCCTA,0
TATGACCTTTAGACTT,0
TATGACGATGAAAAAA,0
TATGACGCCTAGTCAG,0
TATGAGACAACTGTAT,0
TATGAGACCGAACCCA,0
TATGAGATTCATAAGA,0
TATGAGCGGAACTTAG,0
TATGAGCTTAGGAAAA,0
TATGAGGACATAAATG,0
TATGAGGATCATCTCG,0
TATGAGGTTAGGGGGG,0
TATGAGTAGCCTCGGA,0
TATGAGTTACTTGTCT,0
TATGATAAAATTCCGC,0
TATGATAACAAACAGA,0
TATGATAAGACTGGAA,0
TATGATAATGAACGCA,0
TATGATAGAAACGAAT,0
TATGATATAACGAAAG,0
TATGATATATTCAATT,0
TATGATATGTAGATCC,0
TATGATCAAGGAACTA,0
TATGATCCAAAAGTCA,0
TATGATCGAATCAAAT,0
TATGATTAATTCCAAA,0
TATGATTATAACACCC,0
TATGATTATAACTAAA,0
TATGATTATCATATAA,0
TATGATTTAAAAGAAA,0
TATGATTTCCATGGCA,0
TATGATTTCCCACTAA,0
TATGCAAACAAATATT,0
TATGCAAACGATCGCA,0
TATGCAACTAAATATA,0
TATGCAAGACCTCTTT,0
TATGCAAGTGGAAAAG,0
TATGCAATCTACCTGT,0
TATGCACAGAGTAGAC,0
TATGCACCTAGTAAAA,0
TATGCAGAAAGCCGGG,0
TATGCAGAGTGATAGT,0
TATGCAGAGTGCCAGA,0
TATGCAGATGAAAATC,0
TATGCAGCGGGTTAAC,0
TATGCATAAGAGGCGT,0
TATGCATATCCAAATT,0
TATGCATATCCCTGTC,0
TATGCATCTTTACCGA,0
TATGCATGCTAGGCCT,0
TATGCATTACCCGGAT,0
TATGCCAAAATAAACT,0
TATGCCAGAATTTCGA,0
TATGCCCACAGGGCTA,0
TATGCCCAGACATAGC,0
TATGCCGATGGATTTA,0
TATGCCTAATAGTTTT,0
TATGCGATCGTGTCCA,0
TATGCGATCTTTTCAG,0
TATGCGGGATATCTAA,0
TATGCGTAATACCAGC,0
TATGCTAGTTACTAAC,0
TATGCTATCAATGACC,0
TATGCTCATTGTATAA,0
TATGCTCGTCAGGAAC,0
TATGCTCTACATCTAA,0
TATGCTGAGAACGCCC,0
TATGCTGGAAATAATG,0
TATGCTGGCCTTTCGC,0
TATGCTGTCGATTTAA,0
TATGCTTAACTAATTG,0
TATGCTTGAAACGATT,0
TATGGAAAACCAAACT,0
TATGGAATGTGCGGAC,0
TATGGACAAATAACCT,0
TATGGACCCTTTAGAC,0
TATGGAGATCATCCCC,0
TATGGCACCAATAACA,0
TATGGCCAAACACCAG,0
TATGGCGAAAGTCAGG,0
TATGGCTCTATTTACA,0
TATGGGCTCTATAAAG,0
TATGGTACTTGAAGAC,0
TATGGTATATACTAAA,0
TATGGTCCTAATGCAG,0
TATGGTTTACCCTCCT,0
TATGTAAAAAACGATG,0
TATGTAAATACCACCA,0
TATGTAACAAGTTTCG,0
TATGTAACCCACTATA,0
TATGTAACCCTTACTC,0
TATGTAACGACCGTGT,0
TATGTAAGAGTACAAA,0
TATGTAAGTAATAACG,0
TATGTAATTTGGGGGT,0
TATGTACACATCTCTT,0
TATGTACCCAAAACCA,0
TATGTAGACCCCAAAC,0
TATGTAGACTGACCCC,0
TATGTAGAGCCATTAC,0
TATGTAGCAAAACCAG,0
TATGTATACTGTTGTG,0
TATGTATGACCTTAAG,0
TATGTATGAGAAAGAA,0
TATGTCACATTGGAAA,0
TATGTCCGGAGTGGCA,0
TATGTCGAATTCTTCC,0
TATGTCGTGATCCCAG,0
TATGTGACCATAAGTG,0
TATGTGCAAACAACAG,0
TATGTGCATAATTACA,0
TATGTGCGCTGCCCAC,0
TATGTGGTCCCAACTT,0
TATGTGTACCGCGGTA,0
TATGTGTCCCCCAACG,0
TATGTGTGTGTATCAA,0
TATGTTAAACCCTCCG,0
TATGTTAAATCTTACA,0
TATGTTACTACCACAA,0
TATGTTCGAGACACTT,0
TATGTTCGCACATGCA,0
TATGTTCGGAAATGTG,0
TATGTTCTTCTCAGTC,0
TATGTTTGAAATATAG,0
TATGTTTGGGGGACCG,0
TATGTTTTATGCAAAA,0
TATTAAAAAACGAGAA,0
TATTAAAAACGTCACT,0
TATTAAACCTTAAATC,0
TATTAAACTAACGCAC,0
TATTAAACTCTAATTT,0
TATTAAAGTCCGTCCA,0
TATTAAAGTTCAAATG,0
TATTAAATCCACTTGG,0
TATTAACAGGGGGGCA,0
TATTAACCGCGGATAA,0
TATTAACTAATCTTTG,0
TATTAACTACTATTAA,0
TATTAACTTTATGCTA,0
TATTAAGAAAGTATTG,0
TATTAAGAGAACAGCC,0
TATTAAGATAGCAGAC,0
TATTAAGCGTTAAGAC,0
TATTAAGTCCGAAGCC,0
TATTAATAATCCAGAC,0
TATTAATAGCATGACT,0
TATTAATCACAATAAT,0
TATTAATCATATACAG,0
TATTAATCCATTAATA,0
TATTAATCTCTTAATA,0
TATTAATGAAGAGCAC,0
TATTAATGATCATACC,0
TATTAATGGGAAAAAA,0
TATTAATGGGCAAACT,0
TATTAATGTGCCCACT,0
TATTAATTCACTATCA,0
TATTACAATAACACCA,0
TATTACACAAAGATAT,0
TATTACACGAAAACGA,0
TATTACAGAGTCAATT,0
TATTACATCTTAACAC,0
TATTACCGATATCGTG,0
TATTACCTAACAATCC,0
TATTACGAAAATACCG,0
TATTACGAATGGGGAT,0
TATTACTGAGTCAAAA,0
TATTACTGCGGATTAA,0
TATTACTGTAACCTTA,0
TATTACTGTAAGACGG,0
TATTACTTAATAAATC,0
TATTACTTGAGTGGCC,0
TATTAGAAAACCAATG,0
TATTAGAAAACTACCC,0
TATTAGAAAATCGGAC,0
TATTAGAAATAAGAGT,0
TATTAGAACTGAGTCT,0
TATTAGAAGCAAATAA,0
TATTAGAATGCTGTAT,0
TATTAGAATGGATCGC,0
TATTAGACCAAATTCA,0
TATTAGAGAGCTAAAG,0
TATTAGAGTTCCAAAG,0
TATTAGATATTGAGAT,0
TATTAGATGTAGAGTG,0
TATTAGCAAATACTAA,0
TATTAGCCAGCCTTTC,0
TATTAGGTAATTGGCG,0
TATTAGGTAGTTTGAT,0
TATTAGTAGTATGAGA,0
TATTAGTCCGGTACAT,0
TATTAGTCTGTAACAA,0
TATTATAACAGATTAA,0
TATTATAACTGATCAG,0
TATTATAAGACACCAA,0
TATTATAATGCAAATA,0
TATTATACAAAAACGA,0
TATTATACGCAAACAA,0
TATTATACTTATCGGT,0
TATTATAGACTCCTGC,0
TATTATATAACTTCAA,0
TATTATATAATAACTC,0
TATTATATTCAATCAG,0
TATTATCAGTATTTCT,0
TATTATGAAACAGTAT,0
TATTATGCGTCACGAG,0
TATTATGTCTGATAAG,0
TATTATTAAATGCACG,0
TATTATTAACCGTGGT,0
TATTATTACACGCAAC,0
TATTATTAGCACGGCA,0
TATTATTATGGTATAG,0
TATTATTGAGACTTAC,0
TATTCAAAACTATGCC,0
TATTCAAACACAAAGT,0
TATTCAAACGCAGTGG,0
TATTCAAACTATTTGG,0
TATTCAAAGGCCTATA,0
TATTCAAATGTCAGAT,0
TATTCAAATTGATGCC,0
TATTCAAATTGTCACC,0
TATTCAACCGCTACTA,0
TATTCAAGAAGCAACC,0
TATTCAATTAATTTTT,0
TATTCAATTAGCATCG,0
TATTCACCCAATTAGA,0
TATTCAGAGATACAAA,0
TATTCAGATCGCTGTA,0
TATTCAGTTATTTGAA,0
TATTCAGTTCTCCACA,0
TATTCATAATTACTTC,0
TATTCATATAATTTAG,0
TATTCATTACAGTTAC,0
TATTCATTTACCCAAG,0
TATTCCAACCTTCCCC,0
TATTCCACATTACCGC,0
TATTCCAGCAAATGAC,0
TATTCCAGCGTAAGGC,0
TATTCCCAAGGGGTTT,0
TATTCCCATTAAGTTA,0
TATTCCCTACATTATT,0
TATTCCGAAATTGTTG,0
TATTCCGCTTGTCTAG,0
TATTCCGTAACACAAA,0
TATTCCTAATGATGAG,0
TATTCCTTTAGACTCA,0
TATTCGACAGCTGATA,0
TATTCGAGCAGTAAAT,0
TATTCGAGGAATTGAA,0
TATTCGATAAGGCGTG,0
TATTCGATCTCAAACT,0
TATTCGCCGACTTAAA,0
TATTCGGATGATAAAC,0
TATTCGTTATCAAAGT,0
TATTCTAAAGACCATA,0
TATTCTACTTTCACGT,0
TATTCTATCAGATAGA,0
TATTCTCACTATCACA,0
TATTCTCCACTAACCA,0
TATTCTGTATTGAGAG,0
TATTCTGTGTATACCT,0
TATTCTTTTTTCGGCA,0
TATTGAAATGAAAAAG,0
TATTGAAATGTAAAAT,0
TATTGAAGGTGAACAC,0
TATTGACAATGAGTCA,0
TATTGACACAAAACAA,0
TATTGACACATCATCG,0
TATTGACCATATATTG,0
TATTGACTGGAAAGTG,0
TATTGAGCCTTGGCAT,0
TATTGAGCTACCCCGT,0
TATTGAGGCCACGCCG,0
TATTGAGTAAGGTAGC,0
TATTGATAAAAAGAGT,0
TATTGATCTCAAGTAA,0
TATTGATGACAATCCT,0
TATTGATTATAAAACA,0
TATTGATTATCTAGAC,0
TATTGATTTCATCAAC,0
TATTGATTTGTAGGAA,0
TATTGCAACTAGTGCA,0
TATTGCAGACCAAAAG,0
TATTGCAGGAGAAAAC,0
TATTGCCTTAAGGACT,0
TATTGCGTATTAGATC,0
TATTGCTAACGTTCAT,0
TATTGGAACATAACAA,0
TATTGGAATCTATGGA,0
TATTGGACGCTCTTTA,0
TATTGGACGTGGCCAC,0
TATTGGACTAAAAAAT,0
TATTGGACTAATCTTG,0
TATTGGAGCTGACTCG,0
TATTGGAGTGGCATGA,0
TATTGGCACTCATTAA,0
TATTGGCAGTTAGTCA,0
TATTGGGTGTATCTTC,0
TATTGGTCTGTAATAA,0
TATTGGTTCACCAAAA,0
TATTGTAGTGATGAAA,0
TATTGTAGTGGAACTA,0
TATTGTATCAAATTAG,0
TATTGTATCAGTATTG,0
TATTGTATTCTAAGTA,0
TATTGTCCAAACATAT,0
TATTGTCCAGTAGTGG,0
TATTGTTACTACTGAA,0
TATTGTTATCTCCCTG,0
TATTGTTGATGCCGTA,0
TATTGTTTCTTAAAAA,0
TATTTAAAAAATATTG,0
TATTTAAAGACTCAGG,0
TATTTAAATCTAGCGA,0
TATTTAACAAATTTAT,0
TATTTAACCTTGGGCA,0
TATTTAACGTATAGAG,0
TATTTAACTCCGCCCT,0
TATTTAAGTGTCACCT,0
TATTTAATAGGGCAGT,0
TATTTAATTATGCTTT,0
TATTTACAAAAACAAA,0
TATTTACAAACAGGAC,0
TATTTACAAACGATTC,0
TATTTACAGATACAGG,0
TATTTACTGAACAAAT,0
TATTTAGACGGAGAAC,0
TATTTAGTGAGAACAT,0
TATTTAGTTAGATAGT,0
TATTTATACTGTTAAA,0
TATTTATCACACCAGC,0
TATTTATCATAAGTGA,0
TATTTATCCTCTCTCG,0
TATTTATCTAAATTAA,0
TATTTATTAACACATT,0
TATTTCAAAAAACATC,0
TATTTCAAACCACGTT,0
TATTTCAACGTTCTCT,0
TATTTCAGCCCCAGAG,0
TATTTCCGGAAACCAA,0
TATTTCCTAAAGTAAA,0
TATTTCGAACCTGACA,0
TATTTCGAAGTGGGCT,0
TATTTCGGGCGCTTAG,0
TATTTCGGTACTACCA,0
TATTTCGTACCAATGA,0
TATTTCGTGCCCTAGA,0
TATTTCTTATTCTTTC,0
TATTTGAAAGCGACTA,0
TATTTGAAATCTAGTA,0
TATTTGAACATATAGA,0
TATTTGAATCCTACAC,0
TATTTGACCCAGAGAT,0
TATTTGCAACAAAAAC,0
TATTTGCGATACACCA,0
TATTTGGAATGAGTTT,0
TATTTGGATTGAACAA,0
TATTTGGGATAACAAA,0
TATTTGGTGGGTAAAC,0
TATTTGGTGTGTCGAT,0
TATTTGTACACTTAGG,0
TATTTGTCATCGTCAA,0
TATTTGTTAAGAATGC,0
TATTTTAGATCGGGTT,0
TATTTTATCAAAACTT,0
TATTTTCAGACTAACA,0
TATTTTCCCCCCAACA,0
TATTTTCCCTGAGATC,0
TATTTTCGTAGAGGAG,0
TATTTTGAAACATGCC,0
TATTTTGAGCCCCAAA,0
TATTTTGAGTTCTCAT,0
TATTTTGGCTAACGTC,0
TATTTTGTACAAGTAA,0
TATTTTGTATAATCCA,0
TATTTTTAACACATAC,0
TATTTTTACGAGGTAT,0
TATTTTTATAATTCAA,0
TATTTTTCAAAAAACG,0
TATTTTTCATTAGTTT,0
TATTTTTCTGCAAGCA,0
TATTTTTGTACTACTC,0
TATTTTTTCGGTCATG,0
TATTTTTTTAAGCTAC,0
TCAAAAAACCCAATAG,0
TCAAAAAACCGTAAAC,0
TCAAAAAATAAAACCT,0
TCAAAAACAACTTTTT,0
TCAAAAACCACGACCG,0
TCAAAAAGGAGAGATC,0
TCAAAAATAAATGAAG,0
TCAAAAATAATCCTGC,0
TCAAAAATACATTCGA,0
TCAAAAATCAACAGCA,0
TCAAAAATGATACGAG,0
TCAAAACAAATCGATA,0
TCAAAACACGTTTGTG,0
TCAAAACAGGGTGCAC,0
TCAAAACAGTCGAAAC,0
TCAAAACCACTCATAA,0
TCAAAACGCTATTAAT,0
TCAAAACGGGAATACC,0
TCAAAACGTAATATAA,0
TCAAAACTTTACATAT,0
TCAAAAGAAACAATGA,0
TCAAAAGCGCAGAAGT,0
TCAAAATAACTAAAAT,0
TCAAAATAAGACCCCG,0
TCAAAATAATCAATTT,0
TCAAAATACGGTTGTC,0
TCAAAATATAGAAGGA,0
TCAAAATATCCAAAAA,0
TCAAAATCAACGTATT,0
TCAAAATCAATCTACT,0
TCAAAATTATACACTA,0
TCAAAATTCACAGACC,0
TCAAAATTGGAAAGGC,0
TCAAACAAATTCAATA,0
TCAAACAACCTAAGAA,0
TCAAACAACGATGGAC,0
TCAAACAATGCGAACT,0
TCAAACACAACGAGCA,0
TCAAACACACCTTACC,0
TCAAACACGATTTAAT,0
TCAAACACTTTGAAAA,0
TCAAACAGATGCCGTC,0
TCAAACAGTCCTAAAC,0
TCAAACATAACACTTA,0
TCAAACATATAGAGAA,0
TCAAACATTAACAGAA,0
TCAAACCATTCAGACG,0
TCAAACCCAGTTTAAG,0
TCAAACCCATTAAGCA,0
TCAAACGCCATTGCCT,0
TCAAACGGTTGCCTCC,0
TCAAACTAATGACGAC,0
TCAAACTACTAATCAA,0
TCAAACTAGTTTAGAA,0
TCAAACTATCTATACT,0
TCAAACTCACAATCAG,0
TCAAACTCATCATAAC,0
TCAAACTCATCTTTTT,0
TCAAACTCCGCTACCA,0
TCAAACTGACATGTGA,0
TCAAAGAAACGTGATA,0
TCAAAGAAAGAAATGA,0
TCAAAGAACTATATAA,0
TCAAAGACAAGAAACA,0
TCAAAGACCATATGAA,0
TCAAAGAGTTGCCACA,0
TCAAAGATTAGCCCTG,0
TCAAAGCCTAATTGAA,0
TCAAAGCGAAGTTTAT,0
TCAAAGGAACGGGTAT,0
TCAAAGGTCTCTATCC,0
TCAAAGGTGCGTAAGG,0
TCAAAGGTTGTGACGT,0
TCAAAGTCACGATAAT,0
TCAAAGTGAGACGTAT,0
TCAAAGTGTCAAAACC,0
TCAAAGTTACTCACAA,0
TCAAAGTTGCTCTATC,0
TCAAATAAGCCGCAGG,0
TCAAATAAGGTAGACT,0
TCAAATAATATCGCAA,0
TCAAATAATTGTTTCG,0
TCAAATAATTTTCGTG,0
TCAAATACGTGGGTAC,0
TCAAATAGACCACCGC,0
TCAAATAGTTCTTGAC,0
TCAAATATAAGGCCAG,0
TCAAATATCATACAAA,0
TCAAATATCGTAACAT,0
TCAAATATTGTTAGAT,0
TCAAATCACATAAATT,0
TCAAATCCTATAAACA,0
TCAAATGCACCAATAC,0
TCAAATGCCGACTTCG,0
TCAAATGCTTACTAGA,0
TCAAATTAACATCTAC,0
TCAAATTAACGTAAAC,0
TCAAATTAAGAGGATA,0
TCAAATTACAGTAACT,0
TCAAATTCATTCGGAC,0
TCAAATTCCCAAACAG,0
TCAAATTCGATCACTT,0
TCAAATTCTATTAACA,0
TCAAATTGTAACAATT,0
TCAAATTGTCGACTAA,0
TCAAATTTAAGTATAG,0
TCAACAAACCCAGAAG,0
TCAACAACAGACGAGA,0
TCAACAAGAAAAAGGG,0
TCAACAAGCCCGCATA,0
TCAACAATAAGAAGTC,0
TCAACAATAATCCAAA,0
TCAACAATACACGCCC,0
TCAACAATAGTCGAAG,0
TCAACACAGCCAAGAT,0
TCAACACCCATGTATA,0
TCAACACCTAGTAGCA,0
TCAACAGAGGGACACA,0
TCAACAGTACTCGGCA,0
TCAACATAAAGGACCA,0
TCAACATATCAAAACT,0
TCAACATCACTGTTCA,0
TCAACATCGTTTAACA,0
TCAACATGCAACCGCC,0
TCAACATTATTTGTAC,0
TCAACATTGTAGGAAC,0
TCAACATTTATCCTGT,0
TCAACCAAAAATTGGG,0
TCAACCAACACAAAAC,0
TCAACCACCTAATCAA,0
TCAACCACGTATAAAC,0
TCAACCAGGTAAAGCT,0
TCAACCCAACCTACGT,0
TCAACCCCGGGAACTC,0
TCAACCCTTCACTAAC,0
TCAACGAAAAAGGTCC,0
TCAACGAAATTATGTA,0
TCAACGAACTCTACAA,0
TCAACGAAGATAGCCC,0
TCAACGAAGCATATGT,0
TCAACGAAGTAATAAA,0
TCAACGAAGTACGGTA,0
TCAACGACATATATTA,0
TCAACGAGCTAATGGG,0
TCAACGCAATGACCAT,0
TCAACGCATCACGGAC,0
TCAACGCATGGACATC,0
TCAACGCCCATGTCCA,0
TCAACGCTAGACCACT,0
TCAACGCTGAGCAGAA,0
TCAACGCTTCACATGA,0
TCAACGCTTGGAGGGG,0
TCAACGGGTGACAAAG,0
TCAACGTAACCACATT,0
TCAACGTTTCCCAATA,0
TCAACGTTTTATAAAA,0
TCAACTAAGATTCAAC,0
TCAACTACACATCAAT,0
TCAACTATTGCCTTAC,0
TCAACTCACAAAGACA,0
TCAACTCAGACTAGAG,0
TCAACTCCCCTCTAGT,0
TCAACTCCTGACATGA,0
TCAACTCGAGCTCACA,0
TCAACTGAAAGAATTA,0
TCAACTGAACAAACAT,0
TCAACTGATTAATCTG,0
TCAACTGTAAACTGGG,0
TCAACTGTAGTATACA,0
TCAACTTCCCCCAATC,0
TCAACTTCCCTCAGTC,0
TCAACTTCGCGCACAA,0
TCAACTTGTATGGTTA,0
TCAAGAAATCAGTCCG,0
TCAAGAACCCCCAACT,0
TCAAGAACTAACATTC,0
TCAAGAAGGCATCCCA,0
TCAAGAATATCCCGTA,0
TCAAGACAAATGGAAA,0
TCAAGAGGTGGTATCA,0
TCAAGAGTATGGGAAT,0
TCAAGATGACTGCCAA,0
TCAAGATTAACACAAC,0
TCAAGCAAACACAAAT,0
TCAAGCAACAAATCCT,0
TCAAGCAACTGTTTAA,0
TCAAGCAATTAGGCTG,0
TCAAGCATAAAGAGTG,0
TCAAGCCAAATGTTTA,0
TCAAGCCCATGCAAGC,0
TCAAGCGGAAAAATAA,0
TCAAGCTGAATCTTTA,0
TCAAGCTTCACGTACA,0
TCAAGGCAGCTGAAGA,0
TCAAGGCAGTTATAAA,0
TCAAGGGCACAATTTG,0
TCAAGGGCCTGAAAAC,0
TCAAGGGTACTCTACA,0
TCAAGGTCAGGCCAAA,0
TCAAGGTCATGAGAAG,0
TCAAGTAAAATTTATT,0
TCAAGTAATAGTTATT,0
TCAAGTAATCCTGGGC,0
TCAAGTAATGCGGGAG,0
TCAAGTAGCCAGTGGA,0
TCAAGTATCAGAACTA,0
TCAAGTATCAGAAGTA,0
TCAAGTCAGTATGTCA,0
TCAAGTGATCCCTCGA,0
TCAAGTTCAGAGAACA,0
TCAAGTTGGCTAAATT,0
TCAAGTTTAAGATTTA,0
TCAATAAAAAACGTGT,0
TCAATAAAAAGACCCT,0
TCAATAAATATTTACG,0
TCAATAACAATATACA,0
TCAATAATACTATTTT,0
TCAATAATATCTAAAA,0
TCAATAATCTCCAAAT,0
TCAATAATCTCGCATC,0
TCAATACACAATCCAA,0
TCAATACGACTACCAG,0
TCAATACTGTAAAGCG,0
TCAATAGAATCGTTCG,0
TCAATAGACGTAAAAA,0
TCAATAGAGGGCAGCG,0
TCAATAGATATCGCTA,0
TCAATAGCTAAGGTTC,0
TCAATAGGATTGTGAT,0
TCAATAGTCCGGGCAG,0
TCAATAGTCTAATATA,0
TCAATAGTCTATGGTT,0
TCAATATAGGGTGTCT,0
TCAATATTAATTTAAT,0
TCAATATTTTATCGAA,0
TCAATCAAAAACCCTT,0
TCAATCAAACGAATCA,0
TCAATCAACATAGGCT,0
TCAATCACCATGACTT,0
TCAATCAGACAAATCT,0
TCAATCAGTCGAACGA,0
TCAATCATCAAAGTTC,0
TCAATCATTACCGCAA,0
TCAATCCCTGATACCA,0
TCAATCGAAACGATTG,0
TCAATCGGCTCGTCTA,0
TCAATCGTACCACTTA,0
TCAATCGTTTTTATTT,0
TCAATCTAAAACACAA,0
TCAATCTAACATACTC,0
TCAATCTAATGCGTAA,0
TCAATCTGTGCTTTAT,0
TCAATGAATTCATTAA,0
TCAATGACTGTGAAAT,0
TCAATGAGACACCGCC,0
TCAATGCCCTCGGTTT,0
TCAATGGCATTAAATT,0
TCAATGTCGCAAGAAT,0
TCAATGTGTACCAAAT,0
TCAATGTGTACCCGTA,0
TCAATGTTGGCAAAAT,0
TCAATTAAAAGAACCC,0
TCAATTAAAATCTTAA,0
TCAATTACCAGCGTGA,0
TCAATTATTTTTGTAC,0
TCAATTCAGCCAATAG,0
TCAATTCAGCGGGTGA,0
TCAATTCATACCCACA,0
TCAATTCGGTGAATTG,0
TCAATTGAAACGTTAG,0
TCAATTGAGCAGATTT,0
TCAATTGCGGAAGCAC,0
TCAATTTACAATCTAA,0
TCAATTTCATGACCTT,0
TCAATTTTAAACATAA,0
TCAATTTTGGGCACTA,0
TCAATTTTTAAAATCC,0
TCACAAAAAACAAAAA,0
TCACAAAAAGTACCAG,0
TCACAAAATACTAAAG,0
TCACAAAGAATAGTTA,0
TCACAAAGATCATCGC,0
TCACAAATTCTGAAAT,0
TCACAAATTGTTTGAT,0
TCACAACACTCCCCCC,0
TCACAACATTCTGGCA,0
TCACAACTAGGCGTTA,0
TCACAACTGACCGTAA,0
TCACAAGCGGTATGAG,0
TCACAAGGGATCCAAA,0
TCACAAGGTTACTCTT,0
TCACAAGTCCCCCCCC,0
TCACAAGTGGGAAGAA,0
TCACAAGTGTAAATAT,0
TCACAAGTTCGGATAT,0
TCACAAGTTGAAACCC,0
TCACAATAACCATGCA,0
TCACAATATGTAACCA,0
TCACAATCAATAGTGG,0
TCACACAACAATGTAT,0
TCACACACGCTTAAAA,0
TCACACAGCACCGTAC,0
TCACACAGTCGCACCG,0
TCACACATACGTAATC,0
TCACACATGCATATTG,0
TCACACCTAGCCTACT,0
TCACACCTCTAATAGT,0
TCACACGATGCCGAAG,0
TCACACGTAGGACTCG,0
TCACACTAATAACAAA,0
TCACACTCACCCAAAG,0
TCACACTGTATTATAG,0
TCACAGACGGTTGAAC,0
TCACAGAGACATGAAT,0
TCACAGAGCCAAGACC,0
TCACAGATTGGAAACA,0
TCACAGCCCAAAATTA,0
TCACAGGAAAAAGTCG,0
TCACAGGCGGAATCAT,0
TCACAGTAATTTAGAT,0
TCACAGTTGGGCCGAA,0
TCACATAAATATCCCT,0
TCACATAATATAGCCA,0
TCACATAATCTTTCTA,0
TCACATACAAAGTAAG,0
TCACATATCAATACGA,0
TCACATATTCGCGTAC,0
TCACATCAAGATTTAT,0
TCACATCATCCAATTT,0
TCACATCCCGCCCCTT,0
TCACATCTTCAAGCCT,0
TCACATGAAACTTCAT,0
TCACATGATGAGACAG,0
TCACATGCACACAACT,0
TCACATGGCATAATAG,0
TCACATTACGCTTTTG,0
TCACATTAGTTCGCGA,0
TCACATTCCACATCAG,0
TCACATTTCTACGACC,0
TCACCAAATGGGAGAG,0
TCACCAAATGTTCTTA,0
TCACCAAGAAGAGCGC,0
TCACCAAGCTAAGATT,0
TCACCAATACTGCCTA,0
TCACCACAATTTTTAA,0
TCACCACAGTGTAAAA,0
TCACCACTAACACTCA,0
TCACCACTCTAATGAC,0
TCACCACTCTACCGAC,0
TCACCAGCGAACGTTA,0
TCACCAGTATCGGAGC,0
TCACCAGTTGAATGAG,0
TCACCATAAGTCACAC,0
TCACCATAGATAAATG,0
TCACCATAGATTTTAT,0
TCACCATTGTGACTGA,0
TCACCCAAAATTTTAA,0
TCACCCACCGTAATAT,0
TCACCCAGGACACGTG,0
TCACCCATAACAAAAC,0
TCACCCCCGAGAAAGC,0
TCACCCCTAAACTCAC,0
TCACCCTAATATTGAC,0
TCACCCTGATTCACCA,0
TCACCCTTACCAACGC,0
TCACCGACTTATGAAA,0
TCACCGAGACTACTAT,0
TCACCGAGAGCTGTAA,0
TCACCGATGGATACAA,0
TCACCGCAACAACATA,0
TCACCTAAAATCATTC,0
TCACCTAAATCCAATT,0
TCACCTAATCTAGGAT,0
TCACCTACGTAAACAA,0
TCACCTATACCAGAAA,0
TCACCTATCTATTAAT,0
TCACCTATTGCACATC,0
TCACCTCAAAAGTCGC,0
TCACCTCCCAAAAACG,0
TCACCTCCTCGCAATT,0
TCACCTGAAAAAAAAA,0
TCACCTGAAAATTACC,0
TCACCTGAATTCTTCA,0
TCACCTGCTAACGAAA,0
TCACGAAACTGAAAGA,0
TCACGAAATCCGAAAG,0
TCACGAACGATACTGT,0
TCACGACAGCAAGCTT,0
TCACGACCTCCTCTTC,0
TCACGAGATCTACAAA,0
TCACGAGCCCGGGAAC,0
TCACGAGGAACACACT,0
TCACGATAAGAGGCCC,0
TCACGATCACGCATTG,0
TCACGCAATTAACGTT,0
TCACGCAGCCGTCTTA,0
TCACGCATATGACCAG,0
TCACGCCGTTTTAAAA,0
TCACGCCTGGATACAG,0
TCACGCGCTTCGACGA,0
TCACGCTCACGCTACA,0
TCACGCTGGATGATAA,0
TCACGGCCAATCAAAT,0
TCACGGGTCTAACACA,0
TCACGGTGAGAGATTG,0
TCACGTACTTAAACCT,0
TCACGTCCATTCCTAG,0
TCACGTGAAACCGAAC,0
TCACGTGGAAGTTAAC,0
TCACGTGTAACCTTAG,0
TCACGTTATGTGCCCC,0
TCACGTTCCTAGAACC,0
TCACGTTCGCGGGTCG,0
TCACTAAAATGATACA,0
TCACTAAACCAGCAAT,0
TCACTAAATTATAATC,0
TCACTAACGCAAATTT,0
TCACTAACGGGCAAAA,0
TCACTAACTAGGTCCA,0
TCACTAAGCCAGATGG,0
TCACTAATATTAAAGA,0
TCACTAATGACGGACA,0
TCACTACAAACCAGAA,0
TCACTACACTAGGACC,0
TCACTACGTTCATAGA,0
TCACTACTAAAGTAAC,0
TCACTACTTTCTTATT,0
TCACTAGAAATTAGCT,0
TCACTATAGTTAAAAC,0
TCACTATATCCTCCAT,0
TCACTATTAAAAGATA,0
TCACTATTGAAACAGT,0
TCACTATTGCAAACAC,0
TCACTCAAACGAGTTA,0
TCACTCATAGGAACAG,0
TCACTCATTGAAGGAC,0
TCACTCCACTAGAGAA,0
TCACTCCGGTAAATGC,0
TCACTCTACCTCAAGA,0
TCACTCTTAAAATAAC,0
TCACTCTTACCGTTGA,0
TCACTGAGCATACTAT,0
TCACTGATACATCAGA,0
TCACTGCCTTACAGTT,0
TCACTGTAATATTGAA,0
TCACTGTCACTGAGAC,0
TCACTGTTAATGGTAA,0
TCACTGTTCATGTCTG,0
TCACTGTTCTAGACAT,0
TCACTGTTTTATGATG,0
TCACTTAAAATCTAAC,0
TCACTTAAACTGATTG,0
TCACTTAAAGGGACCA,0
TCACTTACAAAGTAAA,0
TCACTTACACTAATAC,0
TCACTTACTCAAAGGA,0
TCACTTAGAAATTCCT,0
TCACTTCAGTACTAGA,0
TCACTTGAACAGAAAA,0
TCACTTGATTGACCCC,0
TCACTTTAGAGACTAT,0
TCAGAAAAATGCCCAA,0
TCAGAAACACAATACT,0
TCAGAAACAGCAGTAG,0
TCAGAAACATCGATAA,0
TCAGAAAGAATCCACA,0
TCAGAAAGAATTCATG,0
TCAGAAAGTTAGAAAG,0
TCAGAAATTCAGGAGC,0
TCAGAACATGAAGGCT,0
TCAGAAGAAGAAACAA,0
TCAGAAGCGCCTAATA,0
TCAGAAGTAAGCATTG,0
TCAGAATAGAGGAAAC,0
TCAGAATATGTAGAGA,0
TCAGAATTGTGCCGAT,0
TCAGACACTTGAAAAC,0
TCAGACAGAAGGAGCG,0
TCAGACATAGCAAAAT,0
TCAGACATGAGAGCCA,0
TCAGACATTATTAAAC,0
TCAGACCCGTATTACT,0
TCAGACCCGTTGCCTA,0
TCAGACCCTATACTAA,0
TCAGACCTACAGATGG,0
TCAGACGACCCCATTC,0
TCAGACTACTTTTCCA,0
TCAGACTGTAAAGGGG,0
TCAGAGATATACCAAA,0
TCAGAGCCCAAATTAG,0
TCAGAGGAACCCTTTT,0
TCAGAGTAAACACGAT,0
TCAGAGTAACACTAAA,0
TCAGAGTAATCGTTTG,0
TCAGAGTATCGACAGT,0
TCAGATAATGTAAACA,0
TCAGATACATCGGAGT,0
TCAGATACCGAAATCA,0
TCAGATAGCTATTATG,0
TCAGATATAACCGAGA,0
TCAGATATATAACACT,0
TCAGATCAGGCTATAT,0
TCAGATGACAGTAGAA,0
TCAGATGGACTTTACA,0
TCAGATGGCAGAAAAG,0
TCAGATGGCCCTCTTG,0
TCAGATGTAATGATGG,0
TCAGATTAATATATTA,0
TCAGATTACCAATGTA,0
TCAGATTACCCTGTAA,0
TCAGATTACTAAAAAC,0
TCAGATTCATTTTGCG,0
TCAGATTTTATCTTGC,0
TCAGCAACGAAAAGCA,0
TCAGCAACGCAAGCGC,0
TCAGCAATGTGTAGAA,0
TCAGCACATCTTGAAG,0
TCAGCACGGAACAATT,0
TCAGCACTACAAAAAG,0
TCAGCACTGCGAACCG,0
TCAGCCAAAATTTTTA,0
TCAGCCCTTACAATAT,0
TCAGCCCTTATATAAA,0
TCAGCCGAAGCCACAA,0
TCAGCCGTCACACACT,0
TCAGCCTATATTAACT,0
TCAGCCTCAATACAAT,0
TCAGCGAAGAATACCG,0
TCAGCGAATGACCCCT,0
TCAGCGAATGCGTTAG,0
TCAGCGATACATTTGT,0
TCAGCGCCTTCTGAAC,0
TCAGCGCTATGTACCA,0
TCAGCGTGCGTATCGA,0
TCAGCGTTGGTTATGA,0
TCAGCTAACAGAATGG,0
TCAGCTAACATTTTAC,0
TCAGCTACATGTGCTT,0
TCAGCTATTTATGGAT,0
TCAGCTCGCGCTAATG,0
TCAGCTCTATTATGAT,0
TCAGCTCTCTAGGCAC,0
TCAGCTTTGATTTTTA,0
TCAGGAAATTATTTCT,0
TCAGGAACCATTAATA,0
TCAGGACCAAATAGCC,0
TCAGGACTGAAAATCT,0
TCAGGAGACCCAACTA,0
TCAGGAGCGAGACGAA,0
TCAGGATACGAACTCA,0
TCAGGATCGTTTAATA,0
TCAGGATCTTGAAAAC,0
TCAGGCAAGTGTGGCT,0
TCAGGCACAAAAACCC,0
TCAGGCCCCAGAAGCG,0
TCAGGCCGTTAGACCT,0
TCAGGCGTGATATTCC,0
TCAGGCTACTTGCAGC,0
TCAGGCTGGATACACA,0
TCAGGCTGGATGAGCA,0
TCAGGGACAAAGCCCG,0
TCAGGGACATTCAATT,0
TCAGGGATTTTACAAA,0
TCAGGGCGTTGGCCTA,0
TCAGGGTAAATTTAAT,0
TCAGGTATTCAGTCGC,0
TCAGGTCAATTGTGTT,0
TCAGGTCCTTAATAAT,0
TCAGGTTAATCATTAA,0
TCAGGTTACCTCGAAC,0
TCAGGTTTTACCAATG,0
TCAGTAACCGGGAAGG,0
TCAGTAACCGTCTATT,0
TCAGTAATCCCGGCGT,0
TCAGTACACGAATAAG,0
TCAGTACAGTAGACGC,0
TCAGTACATTATCGTA,0
TCAGTACCTACCATAG,0
TCAGTACTAAATAGAA,0
TCAGTAGACGGTGAAC,0
TCAGTAGATAAGCACC,0
TCAGTAGTTACCTACA,0
TCAGTATAATTCGATC,0
TCAGTATACAAGTAAT,0
TCAGTATCCTGAAATG,0
TCAGTATGATATCCGC,0
TCAGTATGATGGTAGA,0
TCAGTCAAAGAACACA,0
TCAGTCACGCACCCGG,0
TCAGTCATATCGTCAT,0
TCAGTCCCTTATCGTT,0
TCAGTCGAAGAAAAAG,0
TCAGTCTGGTTGATGG,0
TCAGTGAATCCATGGC,0
TCAGTGAATGCTCCAT,0
TCAGTGATAGAACAAA,0
TCAGTGATCCACACTG,0
TCAGTGCACAGTACCC,0
TCAGTGGTGAACGAAT,0
TCAGTGTCGCTCGGCC,0
TCAGTGTCGGACATTA,0
TCAGTGTTGTACAAAA,0
TCAGTTAAAACCCCAT,0
TCAGTTCCTTAATCCA,0
TCAGTTCGACGCGCCC,0
TCAGTTCGTCAACTGC,0
TCAGTTCTACAGTCCG,0
TCAGTTCTATAGGTTG,0
TCAGTTCTGTGGACGC,0
TCAGTTTAAAATTAGA,0
TCAGTTTACATACATC,0
TCAGTTTCAAAAAGAC,0
TCAGTTTTCATAAGTC,0
TCATAAAAACAAACGT,0
TCATAAAAAGCCACTC,0
TCATAAAGGCTCCTAC,0
TCATAACAAAGTTCAT,0
TCATAACACAATGCAG,0
TCATAACACGATAGTT,0
TCATAACACGGTCAAA,0
TCATAACAGGAAGATC,0
TCATAACGAACACAAT,0
TCATAACTAATTGAAT,0
TCATAACTCGAAACAT,0
TCATAACTGCACGCGT,0
TCATAACTTAACCTAT,0
TCATAAGAATTAATCC,0
TCATAAGATAAACACA,0
TCATAAGATATTGAGT,0
TCATAAGCTGTTAATG,0
TCATAAGTAGCGGGAC,0
TCATAATAAAGAGAAA,0
TCATAATTAACCTACC,0
TCATAATTCAACTGTG,0
TCATAATTGAAGGCAA,0
TCATAATTTAACGCCC,0
TCATACAACAACCATG,0
TCATACAGAAAATATT,0
TCATACAGGTTTACCG,0
TCATACCAATATAGAC,0
TCATACCAGGAATCCA,0
TCATACCCCAGATACA,0
TCATACGAATGAAAAG,0
TCATACGGTAGTAGGC,0
TCATACGTTCACTTCC,0
TCATACTAATTAAAAA,0
TCATACTACAGGCCTG,0
TCATACTAGTAAGAGT,0
TCATACTCACTACCAC,0
TCATAGAAACTAAACC,0
TCATAGAAAGACCGAA,0
TCATAGAACTCGCCTC,0
TCATAGACCTAAAAAG,0
TCATAGAGACAACACT,0
TCATAGAGAGCCAGCC,0
TCATAGATAAAAAATA,0
TCATAGCAATACGATT,0
TCATAGCAATTAGTTA,0
TCATAGCCACTGACTA,0
TCATAGCTTCTTCCCT,0
TCATAGGAAAAATGCA,0
TCATAGGAATATTAGG,0
TCATAGGAGAATATTT,0
TCATAGGATACTCTAG,0
TCATAGTAAAACTTCA,0
TCATAGTAGAATTAAT,0
TCATAGTAGCGGGAAA,0
TCATAGTGGAAGGAAT,0
TCATAGTGTAAAGTTT,0
TCATATACAAATAGGC,0
TCATATACACGCTTTG,0
TCATATAGGCCATGGG,0
TCATATATAGTCCTCC,0
TCATATCAGCAAGACG,0
TCATATCATTCGGGGG,0
TCATATGAATCAAGCC,0
TCATATGCACATCAAA,0
TCATATTATCGGAGAT,0
TCATATTCTCGGCGAT,0
TCATATTTAGCTCAAT,0
TCATATTTTAGAAGAA,0
TCATCAAACTCAGATT,0
TCATCAATAATACATA,0
TCATCAATCTAGGAAA,0
TCATCACCGTAGACCA,0
TCATCACCTTATATTA,0
TCATCACTACTATACA,0
TCATCATAACTCCAGT,0
TCATCATAGTCTTCAT,0
TCATCATGGAGTCGCC,0
TCATCATTAAAACCGC,0
TCATCCAAAAAAATAT,0
TCATCCAACATGTAGT,0
TCATCCATATTTTTAC,0
TCATCCATGAAATGGT,0
TCATCCCAACAATCTA,0
TCATCCCAGCTGAGAG,0
TCATCCCATAACACTC,0
TCATCCCCCCAAAGAT,0
TCATCCCGTAGTGTCT,0
TCATCCCTGATTACTT,0
TCATCCGGTCGTGGAA,0
TCATCCGTAAACAACC,0
TCATCCTAAGTGCGTT,0
TCATCCTCCTCTAAAT,0
TCATCGAAAAAGTTAG,0
TCATCGAGGCTGAAAG,0
TCATCGATACGATAAT,0
TCATCGGACTTATAGC,0
TCATCGTTATAAAGTT,0
TCATCTAACGTCGTAG,0
TCATCTCAAGATATCC,0
TCATCTCCTGCAAGTA,0
TCATCTGAACCGCGAA,0
TCATCTGTAAGCCAAT,0
TCATCTTACCGTGCAT,0
TCATCTTGATTGGGTC,0
TCATCTTTCTCATAGT,0
TCATCTTTGCCACCCT,0
TCATCTTTTAGTTCAG,0
TCATCTTTTTACCTCA,0
TCATGAAAAAAAAAAG,0
TCATGAAAGCCCAATA,0
TCATGAACAACTAAGT,0
TCATGAACAATCCTCA,0
TCATGAACGGCAGACA,0
TCATGAAGTACACAGT,0
TCATGAATAGCGGAGA,0
TCATGACAATTTTTAA,0
TCATGACCAATTCAAT,0
TCATGACCATATTTCT,0
TCATGACTAACGTTTA,0
TCATGAGAGTCATGAA,0
TCATGATAACACAACA,0
TCATGCACAGTTACGG,0
TCATGCACGGTTGGAG,0
TCATGCACTTTCTACC,0
TCATGCAGAAAAAATA,0
TCATGCAGCCCACCAA,0
TCATGCAGTCTAACAG,0
TCATGCCAACTCAAAC,0
TCATGCCGAATTAACT,0
TCATGCGACTAACCAC,0
TCATGCGCCCATGGCT,0
TCATGCGTGAAGCCGT,0
TCATGCGTTACCGCTA,0
TCATGGAATTAGGACT,0
TCATGGAATTAGGCAA,0
TCATGGACGAAGACTG,0
TCATGGCAACAGCTGG,0
TCATGGCCGGGATGCG,0
TCATGGCGAAGACTTG,0
TCATGGGAAGAAAAAA,0
TCATGGGCATGACCCA,0
TCATGGTGCTAAAAAA,0
TCATGGTTTAGAAACG,0
TCATGTAAAACTAGAT,0
TCATGTCATAATTAAA,0
TCATGTCCATAAAGAA,0
TCATGTCCTTGCCCCA,0
TCATGTCTAATCCATC,0
TCATGTGCATACTGTA,0
TCATGTGTCCTGCGAT,0
TCATGTTAATATCTGC,0
TCATGTTAGGTTCAAA,0
TCATGTTCAAAAAAGC,0
TCATGTTTAGATAGAG,0
TCATTAAAAACGATCC,0
TCATTAAAATACAAAC,0
TCATTAAATATACTGA,0
TCATTAAATCTGAATA,0
TCATTAACCTTCAGAA,0
TCATTAAGAAAGTACT,0
TCATTAAGTTCTTAGA,0
TCATTAATTCTAACCG,0
TCATTACCAAGCCCCT,0
TCATTACCATCCTGTA,0
TCATTACCGAGAATAT,0
TCATTACTAAGCTCCT,0
TCATTACTTAGAATTT,0
TCATTAGATAAAACAT,0
TCATTAGGGACACCAA,0
TCATTAGGTCCAGTTC,0
TCATTAGTTTCCATCT,0
TCATTATATCGGCAAT,0
TCATTATATGAAATAC,0
TCATTATATGCGGTAA,0
TCATTATCGACGTTAC,0
TCATTCAAACATCAAC,0
TCATTCAACCTACTAA,0
TCATTCAATACATATT,0
TCATTCCAATAAATTT,0
TCATTCTCTTGAAACG,0
TCATTCTTTCCCACTG,0
TCATTGCATAATTAGA,0
TCATTGCATGTGTGTT,0
TCATTGCCAAAAAAAA,0
TCATTGGACAAAAGGA,0
TCATTGTTTGCGGAGA,0
TCATTTAAACCAAACA,0
TCATTTACGATTTCAC,0
TCATTTACTTCGATAA,0
TCATTTAGACACAAAC,0
TCATTTCATCCCTCTC,0
TCATTTCCACAGACTT,0
TCATTTCGCTCGAGAT,0
TCATTTCTTTTACGCT,0
TCATTTGAATAAAGAG,0
TCATTTGGACCTATCA,0
TCATTTGTGCCTGAAC,0
TCATTTTAAAAGTCTG,0
TCATTTTGTAAATAAT,0
TCATTTTTAGGCAAAA,0
TCATTTTTGTATCACA,0
TCCAAAAACATCCGTA,0
TCCAAAAAGCTGTTTC,0
TCCAAAAAGTATCAAG,0
TCCAAAAATATCCAGA,0
TCCAAAACAAATATCT,0
TCCAAAACATTAATGT,0
TCCAAAATATAAATAA,0
TCCAAAATGGTATTAA,0
TCCAAAATGTAGAATT,0
TCCAAAATTTAACTTG,0
TCCAAACCATCTAATG,0
TCCAAACCCAAGTTCT,0
TCCAAACCCTCTGCTG,0
TCCAAACCCTGAAACC,0
TCCAAACCTTGATCTG,0
TCCAAACTAACAATGA,0
TCCAAACTTCAAATGG,0
TCCAAAGACAGTAACC,0
TCCAAAGAGATACAAT,0
TCCAAAGATAATATAC,0
TCCAAAGATGGACAAT,0
TCCAAAGGGTGCTTAC,0
TCCAAATAGAGGCACG,0
TCCAAATATTACAGAA,0
TCCAAATCACTCTGTG,0
TCCAAATCCTTAGAAA,0
TCCAAATCTACTTATT,0
TCCAAATGGCATATAG,0
TCCAAATTATGTACAA,0
TCCAACAGTAGACTAA,0
TCCAACCAACAATAAG,0
TCCAACCCGTGGTAGC,0
TCCAACCCTCTTCAAC,0
TCCAACCGGCGCGGCT,0
TCCAACGTCTAGACAC,0
TCCAACTAAAAAGATT,0
TCCAACTAAAGCCTTG,0
TCCAACTATCGCCCAC,0
TCCAACTATTAGAATC,0
TCCAAGAATAGAAGAG,0
TCCAAGACCCAATCCG,0
TCCAAGACTCCTACGT,0
TCCAAGCAGAATACCC,0
TCCAAGCTCCATCCCG,0
TCCAAGGCCCGGAATC,0
TCCAAGTCCATACCCT,0
TCCAAGTTGGATAAGC,0
TCCAAGTTTATGTTCC,0
TCCAAGTTTTACATGA,0
TCCAATACCCTTAACA,0
TCCAATATACACTCAA,0
TCCAATATCAGTTTAC,0
TCCAATATGTCCTCTT,0
TCCAATCCCCATTGTC,0
TCCAATCTATTAGCAC,0
TCCAATCTCGTCTAAA,0
TCCAATGAAATATTAA,0
TCCAATGGGAATACGT,0
TCCAATGTAATTTTGG,0
TCCAATGTCCCACGCG,0
TCCAATTGCAACTATA,0
TCCAATTTAGGCTAGG,0
TCCAATTTGAAGACCA,0
TCCACAACTGACTAAA,0
TCCACAATTGATACAA,0
TCCACACAACAACAAA,0
TCCACACTACAAATAA,0
TCCACAGATAATCACA,0
TCCACAGCCGCCTAAG,0
TCCACAGCTCGATAGT,0
TCCACAGGTCCTACTA,0
TCCACATAAACAAAAC,0
TCCACATACTTATTAG,0
TCCACATATAAGAGTG,0
TCCACATTGAGACATT,0
TCCACCAGACTACAAA,0
TCCACCAGCACTGGCT,0
TCCACCATCGGTAAAC,0
TCCACCATGCCCGGGG,0
TCCACCATTTACCGTG,0
TCCACCCAAACTAACT,0
TCCACCCGTCCCGCAA,0
TCCACCCTTTATTTAG,0
TCCACCGAATACCTTA,0
TCCACCGATCATAAGA,0
TCCACCGTTAATAATA,0
TCCACGACTGTGTTCC,0
TCCACGAGACTGGTAG,0
TCCACGATAACCTCGA,0
TCCACGATCGACGAAT,0
TCCACGATGTAAGCAG,0
TCCACGCACACTAAAA,0
TCCACGGTCATTTGAT,0
TCCACGTACATCAGTT,0
TCCACGTCATCCAGGA,0
TCCACTAGTATACAAA,0
TCCACTATCCATGATA,0
TCCACTCAGGAACGAA,0
TCCACTGCCCCACATG,0
TCCACTTATAAATCGG,0
TCCACTTCTCATGCTC,0
TCCAGAAAAATACTTA,0
TCCAGAACCCCATATA,0
TCCAGAACTCGGGACA,0
TCCAGAATACTCAATG,0
TCCAGAATCAAAAGGT,0
TCCAGAATCTGACCTA,0
TCCAGACGGAACGAAA,0
TCCAGAGAACGATCGC,0
TCCAGCAAAATCGAAA,0
TCCAGCAAAGGCAAGC,0
TCCAGCAAGCACGAGT,0
TCCAGCAATAAGTCTT,0
TCCAGCATACGCGGCG,0
TCCAGCCAATAGTACA,0
TCCAGCCAGGAAGAAA,0
TCCAGCCCTGTTGAAT,0
TCCAGCGCTTCCCATT,0
TCCAGCTACCTTTTTA,0
TCCAGGAATTTCTAAG,0
TCCAGGACAAGATTCA,0
TCCAGGACTGCCCCGA,0
TCCAGGAGATATGATG,0
TCCAGGAGGATTAGGT,0
TCCAGGCAATTGGAGG,0
TCCAGGCGATTGATAC,0
TCCAGGCTTCTAATTA,0
TCCAGGGAAACACTGA,0
TCCAGGGATCATTCAT,0
TCCAGGGTATAAGGCA,0
TCCAGGTATATGTGTA,0
TCCAGGTCAAGCCATT,0
TCCAGTAAAGTGCTCG,0
TCCAGTAACACACATA,0
TCCAGTACGTAAAAAC,0
TCCAGTACTGGATGTC,0
TCCAGTATATTTGCCC,0
TCCAGTATCACATACG,0
TCCAGTCACAATCTGA,0
TCCAGTCGCAAATCCT,0
TCCAGTTTAATATGTC,0
TCCAGTTTTAAGTCGA,0
TCCATAAAAGTGGCAA,0
TCCATAAGAAGCAAAC,0
TCCATAAGTCGAATGT,0
TCCATAATTGCTATGG,0
TCCATACGATTCGTTA,0
TCCATAGGATGAATTG,0
TCCATAGTTAATGTAT,0
TCCATATAAAACCAGC,0
TCCATATATAAGCCGA,0
TCCATATATCTTCCGC,0
TCCATATTAAATGAGA,0
TCCATATTTGTATGGC,0
TCCATCAATTACCAAG,0
TCCATCACAAGACTTA,0
TCCATCACATCAGACT,0
TCCATCACCAATCGCA,0
TCCATCCGGTCTGTCC,0
TCCATCGCAGTTCGGG,0
TCCATCGCGAAAAAAG,0
TCCATCGTCACACTCG,0
TCCATCTACACAAACT,0
TCCATCTGATGATGCA,0
TCCATCTGTATTGTAT,0
TCCATCTTGTGAATGT,0
TCCATGACCCAGTGGG,0
TCCATGACTCAGCACT,0
TCCATGAGCATTCCGA,0
TCCATGAGCGCATTTA,0
TCCATGATACAGGCAA,0
TCCATGCAAGTTTGCC,0
TCCATGCGATGACTCA,0
TCCATGCTTGAAGTTA,0
TCCATGGTAGGGTGGA,0
TCCATGGTCACAAGAT,0
TCCATGTAGCATAAAT,0
TCCATGTTAAAGAAGG,0
TCCATTAGCGTTAAGT,0
TCCATTCCAGAAACAG,0
TCCATTCTATCGGTAG,0
TCCATTGATAGCCTCA,0
TCCATTGATCCGCTTA,0
TCCATTGCCAACATAG,0
TCCATTGGAAACACCG,0
TCCATTGTACTATATA,0
TCCATTGTAGAGGATA,0
TCCATTTAATACTTTT,0
TCCATTTACATGATAA,0
TCCATTTGACCTCATG,0
TCCATTTGGAATCGAC,0
TCCATTTTTGTCTTAA,0
TCCCAAAAATTGACTA,0
TCCCAAAACTGTATCG,0
TCCCAAAGTAATAGGG,0
TCCCAAATTTTCACTG,0
TCCCAACAACAAGAAT,0
TCCCAACACGGGACTT,0
TCCCAACTAACTAATA,0
TCCCAAGGACCGGACA,0
TCCCAAGGCTCCCTCT,0
TCCCAAGGTCCGCGAT,0
TCCCAATATCTTTTAT,0
TCCCAATCACAGAAAT,0
TCCCAATCATTCTGTA,0
TCCCAATCTCAGATTT,0
TCCCACAAACACTCTA,0
TCCCACAAATACACGT,0
TCCCACAAATCATTTA,0
TCCCACAAATTTCTGA,0
TCCCACACACTCTACA,0
TCCCACACCGTTGTGA,0
TCCCACCAAGATACAC,0
TCCCAGAAACTGTTTT,0
TCCCAGACACGCGCAC,0
TCCCAGACTGAGCTCA,0
TCCCAGAGTTTCATAT,0
TCCCAGATATAGCCCA,0
TCCCAGCAAATAATAA,0
TCCCAGCGAGAAGTTC,0
TCCCAGGCTTTAAAAC,0
TCCCAGGGACACCAAA,0
TCCCAGGTGGTAACTA,0
TCCCATAAATAATAAA,0
TCCCATAAGATTTCGA,0
TCCCATAAGCATCTAC,0
TCCCATATACATCCCC,0
TCCCATCAAAATGAAG,0
TCCCATCAAGGATTTT,0
TCCCATCTAAACATCA,0
TCCCATCTCTGTGGTT,0
TCCCATGAAGCGATAA,0
TCCCATGCGCGTAGGT,0
TCCCATTAAAAACACA,0
TCCCCAAACACTTCAG,0
TCCCCAAACCCTGTCA,0
TCCCCAACGTCCCCAC,0
TCCCCAAGCAGTTAGA,0
TCCCCACAAAACAGTA,0
TCCCCACAATCGACGG,0
TCCCCACTCCGTATTT,0
TCCCCAGCATACAACG,0
TCCCCAGGCTATTCTT,0
TCCCCATGTGAAGAAT,0
TCCCCATTCAACAAGA,0
TCCCCATTTCGAGAAA,0
TCCCCCAGAAACACTA,0
TCCCCCAGCAAACTAA,0
TCCCCCCCCTAGTCAA,0
TCCCCCCCTATTTTTG,0
TCCCCCCGTCGCGACT,0
TCCCCCGAAAACAGTC,0
TCCCCGAATAGATCAG,0
TCCCCGACTTGTGATT,0
TCCCCGATTTTTTGTG,0
TCCCCGCAAATACTGA,0
TCCCCGCCTCTCGAAA,0
TCCCCGCTAAAACACC,0
TCCCCGCTGGTACTTG,0
TCCCCGGTTTACAAAT,0
TCCCCGTATTCAAAGT,0
TCCCCTAAAACGAGAC,0
TCCCCTAGCTGCATAG,0
TCCCCTATTTAAATTA,0
TCCCCTGAAATATCAG,0
TCCCCTGATCCCTTAT,0
TCCCCTGCTATGCGGC,0
TCCCCTGTCAATAAGT,0
TCCCCTTTATCAACGA,0
TCCCCTTTTGAGCATG,0
TCCCGAAATATACGTG,0
TCCCGAAGACAAGCAC,0
TCCCGAAGATAAAGCC,0
TCCCGAAGCGGATCTA,0
TCCCGACGCACGAAAA,0
TCCCGAGCAGTCCTAT,0
TCCCGATATTGGAGGT,0
TCCCGATCGATTTACG,0
TCCCGATTAGAACCGA,0
TCCCGCACGTGTTATC,0
TCCCGCGGTTAACCAC,0
TCCCGCTATTCCCATT,0
TCCCGGATAGTGTGTC,0
TCCCGGATGTAAATTG,0
TCCCGGGCAACCGCCT,0
TCCCGGTATAGAAAAA,0
TCCCGTACAAGGCGAA,0
TCCCGTCAGACAACAC,0
TCCCGTCGCATCCGAA,0
TCCCGTGTAAAAGTTA,0
TCCCGTTAATAACTCG,0
TCCCGTTTATACACAG,0
TCCCGTTTCCAAGGAT,0
TCCCTAAAACCAAACT,0
TCCCTAAAACTTGATC,0
TCCCTAACCGGGACTT,0
TCCCTACACTTTGAAA,0
TCCCTACCTGCTTGAC,0
TCCCTAGTCACCCGAA,0
TCCCTATTCGCTTGAG,0
TCCCTATTTAAACTGT,0
TCCCTATTTCAAGTGG,0
TCCCTCACCGACTCGT,0
TCCCTCTGGCCTTGAT,0
TCCCTGAGACCAACTA,0
TCCCTGTCCCGTAGCA,0
TCCCTGTGGCATGAAA,0
TCCCTGTTGTACTTCA,0
TCCCTTAATGAGCCTC,0
TCCCTTACATCCGACG,0
TCCCTTATAATCGCCT,0
TCCCTTCCCAGAACCT,0
TCCCTTGAAACTCAAT,0
TCCCTTGAATAACATG,0
TCCCTTGGTTCACAGG,0
TCCCTTTATATGGCAG,0
TCCCTTTATGGGGACT,0
TCCCTTTTAATAGCCT,0
TCCCTTTTTAATCTGA,0
TCCGAAAAAACTAATG,0
TCCGAAAACAGAAGTA,0
TCCGAAAAGGAGAAGT,0
TCCGAAAATCCAAGAT,0
TCCGAAACACCAAGCA,0
TCCGAAAGAGATTACG,0
TCCGAAATGCAGCGAT,0
TCCGAACACACTAACA,0
TCCGAACATGCCGCGT,0
TCCGAACATTAAACGT,0
TCCGAAGAAAAAGGAC,0
TCCGAAGAGACTGGAC,0
TCCGAATACTGACCAG,0
TCCGAATAGGCACGAT,0
TCCGACCCGTTGGCGC,0
TCCGACGCACAGAGTC,0
TCCGACTATTGGTAGA,0
TCCGACTGTCGTAGTA,0
TCCGACTGTGTAATCA,0
TCCGACTGTGTTGAAA,0
TCCGACTTAGATGCAA,0
TCCGAGAACAACATAT,0
TCCGAGAAGTCTTATC,0
TCCGAGACATATAGAC,0
TCCGAGATCTAAGAGT,0
TCCGAGCTAGCATACT,0
TCCGAGCTTGCTAAAA,0
TCCGAGTGCAACATAG,0
TCCGAGTTCTCTTAAT,0
TCCGATAACCATGTAT,0
TCCGATAACGATACAT,0
TCCGATCAGTACCCAT,0
TCCGATCGATATAACA,0
TCCGATGAAAAAAAAA,0
TCCGATTACGAGGGTT,0
TCCGATTATTACTCAA,0
TCCGATTCTTGATCGC,0
TCCGATTTGATAAAAT,0
TCCGCAAAAAGCCATA,0
TCCGCACACGGCAGAT,0
TCCGCAGAAAGCAATA,0
TCCGCAGAGAATGTTA,0
TCCGCATAAAGATTCA,0
TCCGCATACTAAAAGG,0
TCCGCCACATGATCTC,0
TCCGCCATAACTTAAC,0
TCCGCCATATATACAT,0
TCCGCCGCTTCGAGAA,0
TCCGCCTAATAATACA,0
TCCGCGAAAGGATATT,0
TCCGCGGTTTGTGAAA,0
TCCGCTACTACTTCCC,0
TCCGCTCCACAATTAA,0
TCCGCTGGATAATAAC,0
TCCGCTGGTATTAGGT,0
TCCGCTTCAACGTCAA,0
TCCGGAACAATACAGC,0
TCCGGAAGCCAGCGGG,0
TCCGGATCGGCGGGGG,0
TCCGGATTAGTAATCA,0
TCCGGCATATACCGGG,0
TCCGGCCTGAAAAATA,0
TCCGGGGAATAACTAA,0
TCCGGGGGTTCAGGTC,0
TCCGGGTCTGGTCTAA,0
TCCGGTATCTGAGCTA,0
TCCGGTTCGGTATTTA,0
TCCGTAAACATGAATA,0
TCCGTAAAGAGGTTAG,0
TCCGTAACTACTGTAG,0
TCCGTAAGGGGATTCG,0
TCCGTACACTTTACGC,0
TCCGTACTTGCGCCTA,0
TCCGTATGCTATAGCG,0
TCCGTCAACTAATTAC,0
TCCGTCACTATTGCTC,0
TCCGTCAGCCATTGGG,0
TCCGTCGCGAGGATAC,0
TCCGTCGCTACTCATG,0
TCCGTGCGACATATAA,0
TCCGTGGGAACAGATG,0
TCCGTTAATCATTGCG,0
TCCGTTCGAGGATATA,0
TCCGTTTCGAGTAGAC,0
TCCTAAAATACCAAAC,0
TCCTAAACGGACCTAA,0
TCCTAAACTACGCTTA,0
TCCTAAACTATTCTAC,0
TCCTAACAGAAGGTGG,0
TCCTAACAGAGTACCA,0
TCCTAACCGAGCGCAA,0
TCCTAACTTTGTTAAT,0
TCCTAAGGAGATAATA,0
TCCTAAGGGCAAAACA,0
TCCTAATAAAAGTGAA,0
TCCTAATAATGGGATC,0
TCCTAATCACCGACTT,0
TCCTACAATACCACTT,0
TCCTACACGAATCTAA,0
TCCTACACTTCAACCA,0
TCCTACAGCCAAAGGG,0
TCCTACATTAGAATTA,0
TCCTACATTTAAACGC,0
TCCTACCAAAGCCACG,0
TCCTACCATAAATTGG,0
TCCTACCATATACAAA,0
TCCTACCCCCCCGAAG,0
TCCTACCTCTATGATA,0
TCCTACGGGTACTCGA,0
TCCTACGTCAAAGAGC,0
TCCTACTAAATCCTTA,0
TCCTACTAATAAAAGC,0
TCCTACTCACAGCTAA,0
TCCTACTCACCGGAAG,0
TCCTAGAAGACCTATA,0
TCCTAGAATTTATCAG,0
TCCTAGAATTTGTCTT,0
TCCTAGATAAACATGC,0
TCCTAGATTATCACAC,0
TCCTAGGAACTGGTTA,0
TCCTAGTAAGTGAAGA,0
TCCTATAAAAAACATT,0
TCCTATAATTCTTAAT,0
TCCTATAATTTCCATC,0
TCCTATACCGATATTT,0
TCCTATATAAACAGTA,0
TCCTATATACCAACTT,0
TCCTATATCTACGCCA,0
TCCTATTAACTACCGT,0
TCCTATTCTCGCTAAA,0
TCCTATTTAGCCAGAC,0
TCCTATTTATAAGAAG,0
TCCTCAAAGTATATAC,0
TCCTCAAATATATCAC,0
TCCTCAAATTAAAGAT,0
TCCTCAGAACGAATCA,0
TCCTCAGTCTGATGAA,0
TCCTCATAAAGTCAAC,0
TCCTCATACAGGTTAA,0
TCCTCATGAGCCTGAT,0
TCCTCATTACGTTAAC,0
TCCTCCAAAAATTGGA,0
TCCTCCAAAGTTAATC,0
TCCTCCAACCGATTTT,0
TCCTCCAAGTCACGCC,0
TCCTCCCCAATTACTC,0
TCCTCCCTATGGAGTA,0
TCCTCCGTTCTGTGGT,0
TCCTCCTACACTGTCA,0
TCCTCGACGTATTAGA,0
TCCTCGATTAATCAGT,0
TCCTCGTTATACAAAT,0
TCCTCGTTCCAACCAA,0
TCCTCGTTTTAAACTG,0
TCCTCTAAGTACAGAT,0
TCCTCTACCACCCTAA,0
TCCTCTAGATTCACGT,0
TCCTCTCAGAAAAAAA,0
TCCTCTCCAATGCAGA,0
TCCTCTGAGAACGTAA,0
TCCTCTGCGATATAAC,0
TCCTCTTCTTTTTGGT,0
TCCTCTTTATCAATAC,0
TCCTCTTTGACACTAC,0
TCCTGAATAAACCGTT,0
TCCTGAATTTAAACCC,0
TCCTGAGAATATCCAG,0
TCCTGATCAGGTACAA,0
TCCTGATCGCATCATT,0
TCCTGATGACTAAATC,0
TCCTGCACTGACGACT,0
TCCTGCCCAAACCTTC,0
TCCTGCGCTCATTATA,0
TCCTGGAAACTCGGCC,0
TCCTGGCAAGGCACGA,0
TCCTGGCCCACCCGCT,0
TCCTGGTGTGAAACAT,0
TCCTGTACCGAAGAGT,0
TCCTGTGCAGTTTAAC,0
TCCTGTTACTTGCAAA,0
TCCTGTTAGACAGTAG,0
TCCTGTTAGTGACTGT,0
TCCTGTTCGAGAAGCG,0
TCCTTAAAAATCAAAA,0
TCCTTACGCAATTTCT,0
TCCTTACTCAACACCT,0
TCCTTAGACGAAGTTC,0
TCCTTAGGATAGCTAA,0
TCCTTATAATTACTGA,0
TCCTTATCAATTTAAT,0
TCCTTCAGTATAGGTC,0
TCCTTCCAGAACTTTT,0
TCCTTCGCCAAACAAT,0
TCCTTCGTCTCAAGGT,0
TCCTTCTGCGAACCCA,0
TCCTTGATCGTAGACA,0
TCCTTGGATAGTACTT,0
TCCTTGTTTCTAGGTA,0
TCCTTTCGAAAGTACT,0
TCCTTTTACTCGAGAG,0
TCCTTTTAGTACGGCG,0
TCCTTTTTAAATCTTC,0
TCGAAAAAAAAAAGCC,0
TCGAAAAATACATACT,0
TCGAAAAATAGACCTT,0
TCGAAAAATTTATAAA,0
TCGAAAACACAGAGAA,0
TCGAAAACGATTAAGC,0
TCGAAAACTAACAACT,0
TCGAAAAGCTAGTCTA,0
TCGAAAATAATAGGGT,0
TCGAAAATCAACACAG,0
TCGAAAATCGCGGCGG,0
TCGAAAATCGTCGCTT,0
TCGAAAATCTTACAGC,0
TCGAAAATTTGAGCTC,0
TCGAAACACAATTGAT,0
TCGAAACCAAAGAAAT,0
TCGAAACGACCCCCTG,0
TCGAAACTAAACCAAT,0
TCGAAAGAATAGATAG,0
TCGAAAGTAACACCGA,0
TCGAAAGTAATTACCA,0
TCGAAAGTCAGCTTCA,0
TCGAAAGTGTACCTTA,0
TCGAAATAATCTACAA,0
TCGAAATGAAAGCGCT,0
TCGAAATTTACAACCG,0
TCGAACAAATGATACG,0
TCGAACACATATAAAA,0
TCGAACATACATCCTG,0
TCGAACATGATAGCGC,0
TCGAACCATATCTAAG,0
TCGAACCATGAGATCA,0
TCGAACCATTTGGCCA,0
TCGAACCGCTAATGAA,0
TCGAACCTAAATGTAT,0
TCGAACGATAATTCCA,0
TCGAACGTGCCTCAAG,0
TCGAACTAGATGATTA,0
TCGAAGAATTCCGATC,0
TCGAAGCTACACCCAG,0
TCGAAGGAACTGGAAC,0
TCGAATAAGTGGCGTT,0
TCGAATAATACAATCC,0
TCGAATAATGTATTTA,0
TCGAATATCACCCGGG,0
TCGAATATTAGCATGG,0
TCGAATATTGCATGAA,0
TCGAATCAAGCTTTGG,0
TCGAATCATTGACGAA,0
TCGAATCCTAGATCAC,0
TCGAATGTTGTCAGTC,0
TCGAATTATCCAATCT,0
TCGACAAAGAGTCACC,0
TCGACAAATAGCCCAG,0
TCGACAACAATTAATC,0
TCGACAAGAACTTTAA,0
TCGACAATGCCAGTAA,0
TCGACACCAGATTGTG,0
TCGACACTGCGTGAAG,0
TCGACAGCAAAGTAGA,0
TCGACAGGATTCTTAC,0
TCGACATAAACCTCGA,0
TCGACATCATATTTAT,0
TCGACATTAACTATGG,0
TCGACCAACAGATAAC,0
TCGACCAATCTCCCTT,0
TCGACCAGACACTTGC,0
TCGACCAGTCCAAGAG,0
TCGACCATTGAAAATC,0
TCGACCCCGGTCAACA,0
TCGACCCGCAGCCACT,0
TCGACCGAATGGTAAT,0
TCGACCGAGTCAGTAA,0
TCGACCGCATAGGTTC,0
TCGACCGTGTTGGTTA,0
TCGACCTAAAGACAGA,0
TCGACCTAAATCGCAC,0
TCGACCTGCTCGAATC,0
TCGACCTTCATAAAAC,0
TCGACGCACTGATTCA,0
TCGACGGAAGCTGGGG,0
TCGACGGACTACCCGT,0
TCGACGGGAACAGGCG,0
TCGACGTAGTAGAATC,0
TCGACTAAGCCAGTCC,0
TCGACTACATGAATTG,0
TCGACTAGCCCAGCCT,0
TCGACTAGTAGATTGT,0
TCGACTCGGCATAAAC,0
TCGACTCTGTTAAAAA,0
TCGAGAAACCGGACAA,0
TCGAGACATAATTAAC,0
TCGAGACATGTCTCAA,0
TCGAGACTAATGAACA,0
TCGAGATGCTGAGCAT,0
TCGAGCAGACGAAATA,0
TCGAGCCAATAGGCGT,0
TCGAGCCACAAATATT,0
TCGAGCCCATTCTTAG,0
TCGAGGACATCGGAGA,0
TCGAGGGGCAATTACA,0
TCGAGGTCCGTCTAAA,0
TCGAGGTTAATCTGAC,0
TCGAGTACTCTGAATT,0
TCGAGTAGATTTAAAC,0
TCGAGTGCATACGATT,0
TCGAGTGTCAGTGCAA,0
TCGAGTTCAGTATACC,0
TCGATAATGTGATTTG,0
TCGATACACTCAAACC,0
TCGATACCACAACAGA,0
TCGATACCAGACATAA,0
TCGATACCGTTATAAA,0
TCGATACTAGGCACCT,0
TCGATACTTTTCCACA,0
TCGATATACCCTCGCG,0
TCGATATCCTTCAACA,0
TCGATATCTTTGTATA,0
TCGATATGAGAAAAAG,0
TCGATATGCCTAACCC,0
TCGATCACGGAAACAA,0
TCGATCAGATTTAGCA,0
TCGATCGGTTCCAACG,0
TCGATCGTATTGACAG,0
TCGATCTGGCTAAGCA,0
TCGATCTGGTAACAGG,0
TCGATCTGTATACCAA,0
TCGATGAAGGCACGGG,0
TCGATGACAGACAGTT,0
TCGATGATAAGCACAC,0
TCGATTAAAAGAACAG,0
TCGATTAATGATTCTT,0
TCGATTATTTGAACGG,0
TCGATTCAGCCCAAAG,0
TCGATTGAAATACCAA,0
TCGATTGCACAAACAA,0
TCGATTTAGCACATAA,0
TCGATTTATTTCCATA,0
TCGCAAAAAGAAATAA,0
TCGCAAAACAAATTAC,0
TCGCAAAACAATAACC,0
TCGCAAAAGAAATACG,0
TCGCAAATAACCGCCA,0
TCGCAAATCTCATGTC,0
TCGCAAATGACCTAAA,0
TCGCAAATGCTAACCT,0
TCGCAAGCAATCCATT,0
TCGCAAGCCATCTAAT,0
TCGCAAGGGCTCGTCA,0
TCGCAATACATCTCGA,0
TCGCAATCTGATGTGA,0
TCGCACAACACACACG,0
TCGCACACTGAGAACA,0
TCGCACGCACACTCAT,0
TCGCACTGGATAGTCT,0
TCGCAGAAGGCAATGC,0
TCGCAGCTATATGCCT,0
TCGCAGGCGAGTCTTT,0
TCGCAGGCTTGAACGA,0
TCGCAGTAAAGTGTGG,0
TCGCAGTATAAAATAG,0
TCGCATACTTTTAAGG,0
TCGCATCAGTTCGGAA,0
TCGCATGAAGAAGCAA,0
TCGCATGACACGCCCT,0
TCGCATTCCAGGTATG,0
TCGCATTGCGGAAATC,0
TCGCCAAATAGCCAAA,0
TCGCCAACTGCCCGTT,0
TCGCCAAGTGTTAAAA,0
TCGCCACCTCGGACAG,0
TCGCCATCCGGCCCGC,0
TCGCCCCCCCTCTTTT,0
TCGCCCCGACCAAGGA,0
TCGCCCGCTTGATAAC,0
TCGCCCTATTACGTAA,0
TCGCCGCAATTCACTT,0
TCGCCGCCGATATGCT,0
TCGCCGGACACTGGAA,0
TCGCCGGATAACTTTT,0
TCGCCGTAAACAAATT,0
TCGCCGTATTAAGGAG,0
TCGCCGTGACCCATTT,0
TCGCCTAAGAAGACAC,0
TCGCCTCTGGTCTTAG,0
TCGCCTGATAAATAAA,0
TCGCCTGTACATTAAT,0
TCGCCTTAACGTCTTC,0
TCGCCTTAGTCAGTCT,0
TCGCGAATCTGACTAA,0
TCGCGACACACCTAGA,0
TCGCGATAAATAATTC,0
TCGCGATACACAAAAA,0
TCGCGCAAAATAGGCA,0
TCGCGCAACTAAAGCG,0
TCGCGCATCCAAAAGT,0
TCGCGCATGTGTCCAA,0
TCGCGCGGCATTGAAC,0
TCGCGGACACCTAATT,0
TCGCGTCCTAACAGTA,0
TCGCGTGAATTTCAAA,0
TCGCTAAAACAAATCT,0
TCGCTAAGTTAAAACC,0
TCGCTACCGTAAGATG,0
TCGCTAGAACAACGTA,0
TCGCTAGAACTCAACA,0
TCGCTAGACAATGGCG,0
TCGCTAGCAGATAGTG,0
TCGCTAGTACAGGCCC,0
TCGCTATTAGCTCATG,0
TCGCTATTGAATAACT,0
TCGCTCAAAAAGGAGA,0
TCGCTCGAATAAAAGA,0
TCGCTCTAATGAGTAT,0
TCGCTCTGAATTCCCT,0
TCGCTGTCATCAACAG,0
TCGCTTACGTAAAAGT,0
TCGCTTCAGGTTTCGA,0
TCGCTTGTCGCATACA,0
TCGCTTTACCACTCGT,0
TCGCTTTACTTAAGTT,0
TCGGAAAATATTGTAA,0
TCGGAAACAGCTCCAA,0
TCGGAACAATAAAAGT,0
TCGGAACATTAACAAT,0
TCGGAACATTGAAGCG,0
TCGGAAGAAATAGGCA,0
TCGGAAGAAATCTAAA,0
TCGGAAGCATCTCTTA,0
TCGGAAGCCTGAAACA,0
TCGGAATCGGGAAACA,0
TCGGAATGGCCAATCG,0
TCGGACAAGAAATTCT,0
TCGGACCCAAAGGTCA,0
TCGGACGGAAACATTT,0
TCGGACGTAGCAATCG,0
TCGGACTACGCACGAG,0
TCGGACTCTTACAGCA,0
TCGGACTCTTTAAGGA,0
TCGGACTGCTCCCAGA,0
TCGGACTTACTACCAG,0
TCGGAGAAATTCAATT,0
TCGGAGGAAGGAAAAT,0
TCGGATAATATTAAAG,0
TCGGATAATGAACAAA,0
TCGGATACAACACCAA,0
TCGGATACTTATCTTT,0
TCGGATAGAGCCTTAC,0
TCGGATCATTTATCTA,0
TCGGATCGCACCTACC,0
TCGGATCGCTGCATAA,0
TCGGATGGTACCTTTT,0
TCGGATTACTTCTTTG,0
TCGGATTGATTGAGAG,0
TCGGATTTCGGCGTAG,0
TCGGATTTGCGTTATT,0
TCGGCAAAACTAGGTA,0
TCGGCAAACTAGAGAA,0
TCGGCAAGACCCCGCA,0
TCGGCATAGTCTAATA,0
TCGGCATCTACAAAAA,0
TCGGCCACTATTCTAA,0
TCGGCCAGTAATAAAT,0
TCGGCCATAAGGCAAT,0
TCGGCCATTCGCTTGA,0
TCGGCCTCTTCATAAT,0
TCGGCGAAACAAAATC,0
TCGGCGACGTGTTTTG,0
TCGGCGCCCGGTAGAA,0
TCGGCGCGTGCTCCAT,0
TCGGCTAAAGATGTAC,0
TCGGCTACTCATGGTA,0
TCGGCTCTACTAAATA,0
TCGGCTTCTCTAATAC,0
TCGGGAATTTAATTCG,0
TCGGGACTTAATGCAC,0
TCGGGCAACATCTTCA,0
TCGGGCCATATATCCT,0
TCGGGCCCTCCGCTTC,0
TCGGGCGAACAGGAGT,0
TCGGGCGCCCGAATAT,0
TCGGGGAGTACTCAAA,0
TCGGGGCTCTGGTGTC,0
TCGGGGGAGATAAAAA,0
TCGGGGTAGTCATAAA,0
TCGGGTAAAGACATCC,0
TCGGTAAAACAGGACA,0
TCGGTAAACACGCTAA,0
TCGGTAAATTGAAAAC,0
TCGGTAAGCACTTAAT,0
TCGGTAATAAGATCAT,0
TCGGTAATATAGTAAA,0
TCGGTCAAAAGTGCCT,0
TCGGTCAGAATAACAC,0
TCGGTGAATGAGCTAA,0
TCGGTGCCGAATTGTA,0
TCGGTGGGTTTAATAG,0
TCGGTGTGGTCGCGAT,0
TCGGTTCATATATAAA,0
TCGGTTCCTTCCACCA,0
TCGGTTCGGAGTACTC,0
TCGTAAAAATACGGGG,0
TCGTAAAACATCATGC,0
TCGTAAACCATTGGAT,0
TCGTAAAGCCTAGGAC,0
TCGTAAATAAATGAAG,0
TCGTAACAATCTATCC,0
TCGTAACCTCATCGAT,0
TCGTAACGAAAAAAAG,0
TCGTAACTACAACAAA,0
TCGTAAGCTCAATGAA,0
TCGTAAGTAAATTAGA,0
TCGTAAGTTAACGCAG,0
TCGTAATACGTGATTT,0
TCGTAATCAGAATGCT,0
TCGTAATCTCAAGAAT,0
TCGTAATGTGCGATAT,0
TCGTACAATTCACAGT,0
TCGTACACACCATTAC,0
TCGTACACTAATGACC,0
TCGTACATAATCTACG,0
TCGTACATGAGAGATT,0
TCGTACCCTTCATCAT,0
TCGTACCGAGAGTAAA,0
TCGTACCGCAGCATCA,0
TCGTACCTGTGCAAAC,0
TCGTACGTGACAAACA,0
TCGTACTCTAAAGCTT,0
TCGTAGAAGTCTTAAC,0
TCGTAGCACAGAGCCT,0
TCGTAGCATAGGGTAT,0
TCGTAGCCAAGTGGAT,0
TCGTAGTGCGATCAAC,0
TCGTAGTTCAACCACC,0
TCGTAGTTTTCACGAT,0
TCGTATAATCTCTCAC,0
TCGTATAATGGGAAGT,0
TCGTATCAATCACTTA,0
TCGTATCTAAATGCGG,0
TCGTATCTCACCGGAC,0
TCGTATCTTCCGTACC,0
TCGTATGATCATCATG,0
TCGTATGTAATAGAGA,0
TCGTATGTCAGACAGC,0
TCGTATTAAACACTTA,0
TCGTATTAATTGACGT,0
TCGTATTACAAACCTC,0
TCGTATTTCTCAGTTA,0
TCGTCAAACATGCTAA,0
TCGTCACATAAGGAAC,0
TCGTCACTAGAGGCAT,0
TCGTCACTTCTTCAAT,0
TCGTCATATACTGTAG,0
TCGTCCAAATCCAGTT,0
TCGTCCCAGTAGGGAC,0
TCGTCCCCAACCCCCG,0
TCGTCCTAAGAGTCTA,0
TCGTCCTCTAATGAAG,0
TCGTCGATCGTATCAA,0
TCGTCGTAACATAGGT,0
TCGTCGTAATAGAGAA,0
TCGTCTAAGACAAATA,0
TCGTCTAAGTAGTTCC,0
TCGTCTAAGTCCCCAC,0
TCGTCTACACGTTGTT,0
TCGTCTTGGTCCGGAG,0
TCGTGACAGAAATCAA,0
TCGTGACCCGATAAGA,0
TCGTGAGAAAACTCTA,0
TCGTGAGTACCGCTTC,0
TCGTGATACCCCATCA,0
TCGTGATAGCTGACTT,0
TCGTGATATACACCAA,0
TCGTGATATACTAGTA,0
TCGTGATCGTACCTCA,0
TCGTGCGACCAACGTG,0
TCGTGCTTATCAAAGT,0
TCGTGGATACCTCCAC,0
TCGTGGCATAAATCCC,0
TCGTGGTTAGCTTCTA,0
TCGTGTTACATCGCGA,0
TCGTGTTCCAAATGCA,0
TCGTTAACCTGCGAAC,0
TCGTTAATTATGCCCA,0
TCGTTACACACTTATG,0
TCGTTACGTTTCCACA,0
TCGTTACTCTTACTCG,0
TCGTTACTGGTTAATT,0
TCGTTCAAGGCGTAGG,0
TCGTTCATACATGTCA,0
TCGTTCATTAAATAGG,0
TCGTTCGAGCTTAGAG,0
TCGTTTAACTTAACAA,0
TCGTTTACCAACCGTA,0
TCGTTTCGGAATTTAT,0
TCGTTTGACTGACCTA,0
TCGTTTGCGGTCACAT,0
TCGTTTTAAAAATCAG,0
TCGTTTTCAACTGACC,0
TCTAAAAAACAACCGA,0
TCTAAAAAAGCTCTGT,0
TCTAAAAAATATTTTT,0
TCTAAAAATTAGCCGT,0
TCTAAAAATTGAGACC,0
TCTAAAAATTTCTTCA,0
TCTAAAACCAACTCTA,0
TCTAAAAGCCCCTTGC,0
TCTAAAATAATAGCAA,0
TCTAAAATGAAAAGAA,0
TCTAAACATTTACGGC,0
TCTAAACCTAAGTAGC,0
TCTAAACCTCAGGATT,0
TCTAAACTATCCGGCC,0
TCTAAAGACAAAGATG,0
TCTAAAGAGAATAAAT,0
TCTAAAGAGCATGACA,0
TCTAAAGCCAGGCTCC,0
TCTAAAGCCAGGTGTA,0
TCTAAAGGATGAATGA,0
TCTAAAGTCGTTCCAG,0
TCTAAATACCCATATA,0
TCTAACAACTAGGAAA,0
TCTAACACTAGACACA,0
TCTAACCAAAATGAGC,0
TCTAACCACCCCACAT,0
TCTAACCCGTGCGTTA,0
TCTAACGATACATAGC,0
TCTAACGATAGCCCTA,0
TCTAACGCATAAGTCA,0
TCTAACGTAGACTTAT,0
TCTAACTAGTCGAGAG,0
TCTAACTATAAGATTA,0
TCTAACTATCCCGCGA,0
TCTAACTGGGCGAATT,0
TCTAAGAAGGCGCTCC,0
TCTAAGATGCACTAAT,0
TCTAAGCACAAGCTGA,0
TCTAAGGCGAGTAAGC,0
TCTAAGGCGTTTTCCA,0
TCTAATAACAACCCTA,0
TCTAATAACAATGTAA,0
TCTAATAACGCAGCCT,0
TCTAATAACTGCCATG,0
TCTAATACAAATGAAC,0
TCTAATACACGGGTTA,0
TCTAATACTATAGGAG,0
TCTAATAGTATAAACG,0
TCTAATATGTTATACA,0
TCTAATCAACGCTCAG,0
TCTAATCCCATAAAAG,0
TCTAATCGAGACCGTA,0
TCTAATCTAAAAATAA,0
TCTAATCTCACCACCC,0
TCTAATCTGTTAACGT,0
TCTAATGAACACGAAC,0
TCTAATGATTCGGTTC,0
TCTAATGCTAAGGAGT,0
TCTAATGCTGTCCAGC,0
TCTAATGGATCCTATT,0
TCTAATTACAATAATA,0
TCTAATTAGCATGCGA,0
TCTAATTATACCTATT,0
TCTAATTGATCACGTG,0
TCTACAAAAACGTTCC,0
TCTACAAGACAAAATA,0
TCTACAAGGAGCACTT,0
TCTACAATACTGCCTA,0
TCTACACATATAAAAA,0
TCTACACCGTAAACGT,0
TCTACACTAACAAACA,0
TCTACACTAGCCAATG,0
TCTACACTATTACAAG,0
TCTACACTGTCAATTA,0
TCTACAGATAACAAAC,0
TCTACATGACCACGGT,0
TCTACATGTTCTAAGT,0
TCTACATTTAATAATG,0
TCTACATTTGACTTGA,0
TCTACCAGGGTCTAGT,0
TCTACCATTCCCTAAG,0
TCTACCCATACCTTGA,0
TCTACCCCCGTATAAA,0
TCTACCGTAAAGAGTC,0
TCTACCGTAAAGCCTC,0
TCTACCGTATAGGATC,0
TCTACCTAGCCCTAAC,0
TCTACCTAGGCATGCC,0
TCTACCTGAACTGAAA,0
TCTACGAAATTGATTT,0
TCTACGAACTCAAAAA,0
TCTACGACACTCAAAT,0
TCTACGCACAAGCTTG,0
TCTACGCTCCCGAGAA,0
TCTACGCTGAATACAT,0
TCTACGGCTAGCGAAA,0
TCTACGTACTAACCAT,0
TCTACGTGTGCAAGGA,0
TCTACTAATTGAATTC,0
TCTACTAGGCTCTACC,0
TCTACTCCTGCACGAT,0
TCTACTTAAACAATAT,0
TCTACTTAAGCTCTCG,0
TCTACTTGAACACTTC,0
TCTACTTGATCTTCTT,0
TCTACTTGCCAACATC,0
TCTAGAAACTCCAACC,0
TCTAGAAAGATAACTA,0
TCTAGAAAGGATTCTC,0
TCTAGAACGGAGACGG,0
TCTAGAACTTTCCAAC,0
TCTAGAAGTAAAACAA,0
TCTAGACTTAAGCTGT,0
TCTAGATCCTTGTCGA,0
TCTAGATCGCTTAATT,0
TCTAGCAACCTAACTT,0
TCTAGCACAATGCGAG,0
TCTAGCCAGACTATAT,0
TCTAGCCCTAAGAACA,0
TCTAGCGCCTACGAAT,0
TCTAGCGCTGTGAGTC,0
TCTAGCGGATCTTCAA,0
TCTAGCTAGAGTGAAA,0
TCTAGCTCGTGAGAAT,0
TCTAGCTGTCTCAATG,0
TCTAGGAATCAAGGCG,0
TCTAGGATTTAGTTTG,0
TCTAGGGCGGCTACGC,0
TCTAGGGTTTTGACAT,0
TCTAGGTCGGGATACA,0
TCTAGTAACCACGGAA,0
TCTAGTAATTACAAAT,0
TCTAGTAGCAGACAAC,0
TCTAGTCACCGGGAAG,0
TCTAGTCATATATTAT,0
TCTAGTCTGAACGAAG,0
TCTAGTCTGGTTAAGA,0
TCTAGTTCTATATCCC,0
TCTAGTTTACCAAGTA,0
TCTATAAAACAGTAAG,0
TCTATAAAATCTACAA,0
TCTATAAACGTGTGTA,0
TCTATAACATATCAGC,0
TCTATAAGACGTAATT,0
TCTATAATATGTAAAA,0
TCTATAATCATCGGAA,0
TCTATACAAGATTTAG,0
TCTATACATATGGACA,0
TCTATACGATACTAGC,0
TCTATACGTTAGACGG,0
TCTATACTTATTTTAT,0
TCTATAGCATAACCTA,0
TCTATAGTCGATAAAC,0
TCTATATAATACCAAG,0
TCTATATCACTATGAA,0
TCTATATCATCACGCA,0
TCTATATGACAATATC,0
TCTATCAAAGACAGAC,0
TCTATCAATCGCTGCC,0
TCTATCAGCACTAACC,0
TCTATCATACTCACAC,0
TCTATCATCTAACCCT,0
TCTATCATGACCTGAG,0
TCTATCCCCAATCTTC,0
TCTATCCCTAGAACTG,0
TCTATCCTTCCAGAAA,0
TCTATCGACAGTAAAA,0
TCTATCGGAAGAGACC,0
TCTATCGGAAGTAGGG,0
TCTATCGGTTAGCGTA,0
TCTATCGTTCATTTCA,0
TCTATCGTTTAGATTG,0
TCTATCTTTACCAGTA,0
TCTATCTTTGCATACA,0
TCTATGAAGAACTCCC,0
TCTATGAATCAATCGA,0
TCTATGAGTAGGAGAT,0
TCTATGCATGAAGACA,0
TCTATGCCGAGCAAAT,0
TCTATGCGAAATTGAA,0
TCTATGGACCACGTGT,0
TCTATGGATATTAAAA,0
TCTATGGTACAGAATC,0
TCTATGTAACCTTTAA,0
TCTATGTAGTTAGACA,0
TCTATGTGTCCCGCAT,0
TCTATGTTAAAGCACA,0
TCTATTACCTTGGTTA,0
TCTATTAGCAGTTTGG,0
TCTATTATAGCCCAAT,0
TCTATTCGCAGCAGAT,0
TCTATTCGCATAACAT,0
TCTATTCTAACCCAGG,0
TCTATTGATGCACAGA,0
TCTATTGGAAAATGCA,0
TCTATTGTGCTTTGAA,0
TCTATTTAACTAGACA,0
TCTATTTAGTTGATAG,0
TCTATTTCAGGAATGA,0
TCTATTTCATAAATGC,0
TCTCAAAAACTTCGTA,0
TCTCAAAAATCATAAG,0
TCTCAAAACCAAAAAA,0
TCTCAAAAGTTGACAT,0
TCTCAAACACCCCCAA,0
TCTCAAACGAATTACG,0
TCTCAAAGCAGGGGGA,0
TCTCAAAGTACAGTAT,0
TCTCAAATCACTTTAT,0
TCTCAAATGATAATAA,0
TCTCAACACCTAAAGA,0
TCTCAACTACCACCTA,0
TCTCAACTCATCCAGA,0
TCTCAACTGATTATAG,0
TCTCAAGTACTATTAC,0
TCTCAAGTAGTCCACG,0
TCTCAAGTCGTTTTGA,0
TCTCAATATTGACGCC,0
TCTCAATGCAGAAGAA,0
TCTCAATGCATCTTAG,0
TCTCAATGCCTTCAAG,0
TCTCAATGGCACATCA,0
TCTCAATTTAAATTCA,0
TCTCACACCAAGCCCA,0
TCTCACACCTTCACAA,0
TCTCACATTGATTTTG,0
TCTCACCACGCTCGTA,0
TCTCACCGCTTAAACA,0
TCTCACCTAAAATCCA,0
TCTCACGCCGAAAAGA,0
TCTCACGTAATGCGTG,0
TCTCACTATCTCCCAT,0
TCTCAGAACGAGGTCT,0
TCTCAGAACGTTCATA,0
TCTCAGACATGTCTAA,0
TCTCAGGAATGAACCG,0
TCTCAGGCTGCGGCCG,0
TCTCATACCATCGTCC,0
TCTCATATCTAATAGA,0
TCTCATATGTAGAAAA,0
TCTCATTAATAAAATT,0
TCTCATTGCAGAGAGT,0
TCTCATTTACCAGAAA,0
TCTCCAAAAATAATAC,0
TCTCCAATATCCCCAA,0
TCTCCACCAATTTACC,0
TCTCCACGTTTAACTG,0
TCTCCACTCAATCCAA,0
TCTCCAGTAGAATATA,0
TCTCCATCATCTCGAT,0
TCTCCATGACCCATGA,0
TCTCCATTACAGGCCA,0
TCTCCCAATCAAGAAG,0
TCTCCCGACCTATTTT,0
TCTCCCGGACTAGTAT,0
TCTCCCTCACTATTTC,0
TCTCCCTGAGATCAGT,0
TCTCCCTGATGTGCAC,0
TCTCCCTTACACCGGA,0
TCTCCGGGGCTAGACT,0
TCTCCGTAACGGAGGG,0
TCTCCGTAATTCCTTT,0
TCTCCGTAGTTTACAT,0
TCTCCTACAGAACCGA,0
TCTCCTAGATAAGGCC,0
TCTCCTATAGTAAATA,0
TCTCCTCGTAGTGAAC,0
TCTCCTGTACAAAAAT,0
TCTCGAAAAGCCTTTC,0
TCTCGACACGACATTA,0
TCTCGACCCACACATA,0
TCTCGACCGTCAAGCT,0
TCTCGAGAGATCCGCC,0
TCTCGATAAAACAGTT,0
TCTCGATAAACACTTA,0
TCTCGATCACATAAAT,0
TCTCGATCACTGGTGT,0
TCTCGATTAGTCCCAA,0
TCTCGATTATTGGATA,0
TCTCGCTAGCGTTAGT,0
TCTCGCTATGCACAAA,0
TCTCGGAAGTTGGAAG,0
TCTCGGAATGTTGACA,0
TCTCGGACGAGAAAAA,0
TCTCGGTCACAATACC,0
TCTCGTAAGACTGCCA,0
TCTCGTATCAATGAAA,0
TCTCGTTCGCGCACGA,0
TCTCGTTCGGACGACG,0
TCTCGTTCTATGAGCA,0
TCTCTAAATACTTTTA,0
TCTCTAACCTGGAGGT,0
TCTCTAAGCCTGATAA,0
TCTCTAATCCATCAAA,0
TCTCTAATGAATCCGA,0
TCTCTACAAATAACTA,0
TCTCTACGTTTCAGGA,0
TCTCTAGAGGCTGCAG,0
TCTCTAGCGAAGAAAA,0
TCTCTCAGAAAACGAC,0
TCTCTCATGATACAAA,0
TCTCTCGCTACAATAA,0
TCTCTCGCTCTAAACA,0
TCTCTCTTACTACGAC,0
TCTCTGAAATGAGGCA,0
TCTCTGCCCAGGAACA,0
TCTCTGGATGAATAAC,0
TCTCTGTAACATCGTA,0
TCTCTGTACCATAAAT,0
TCTCTGTCCCCATGGG,0
TCTCTTAAGGCTTACC,0
TCTCTTACAGAATGCC,0
TCTCTTAGTACGCCTA,0
TCTCTTAGTATCTTTT,0
TCTCTTATAAGCACAA,0
TCTCTTCAGTAAACTG,0
TCTCTTGTAAATTTGG,0
TCTCTTTAAACACCAT,0
TCTCTTTATCAAGTGC,0
TCTGAAAATCATGCCG,0
TCTGAAACAACAAACT,0
TCTGAAACCAAAACTC,0
TCTGAAACTACTACTG,0
TCTGAAATAGTTGGAG,0
TCTGAAATGAGATATT,0
TCTGAAATGGGACATT,0
TCTGAACAACTCGCAT,0
TCTGAACACAATCCAG,0
TCTGAACACCGTGTAA,0
TCTGAACGTAGAGGAA,0
TCTGAACTACGTCGAT,0
TCTGAAGAATAGTGTA,0
TCTGAAGTAAACAAAC,0
TCTGAAGTAGGTTTAA,0
TCTGAATGAGTCACAT,0
TCTGAATTATCCCTAC,0
TCTGACAAATCGAGAC,0
TCTGACAATGTTAAAA,0
TCTGACATAGGAGCCT,0
TCTGACATCCTTGAAT,0
TCTGACATGAAAGGCC,0
TCTGACCAGTAACACA,0
TCTGACCGAAAAAAGT,0
TCTGACCGCGTGCACT,0
TCTGACCTTCTGAACC,0
TCTGAGAAAAATGAGG,0
TCTGAGACGGTACATT,0
TCTGAGACGTGTGACT,0
TCTGAGAGAATTTCCA,0
TCTGAGAGCCTGGAAT,0
TCTGAGAGTACAGTTC,0
TCTGAGCAACGGACTG,0
TCTGAGGAAAGAACAG,0
TCTGAGGAGTCAGAAT,0
TCTGAGTCCAATCCAA,0
TCTGATATATTCTGCA,0
TCTGATCAACCCCAGA,0
TCTGATCATCCTTCTA,0
TCTGATCCGTTATTAA,0
TCTGATCTCTCAATCG,0
TCTGATGAACGCAGAT,0
TCTGATGCATAAGTCT,0
TCTGATTAGTTAGAGA,0
TCTGATTGTTTAACTA,0
TCTGATTTAGCCAAAG,0
TCTGCAAAATAAATTC,0
TCTGCAAAATACGGGG,0
TCTGCAAAATAGGTAT,0
TCTGCAAATCATGCTA,0
TCTGCAATAATAAGTA,0
TCTGCACATTGACACG,0
TCTGCACTTCTATGAG,0
TCTGCAGAGCAATACT,0
TCTGCAGCGGTAAAAA,0
TCTGCAGCTTACAATG,0
TCTGCAGGACTCAAAG,0
TCTGCCGCACTGATTG,0
TCTGCGACGCGCTAAC,0
TCTGCGCCACGATCAG,0
TCTGCGCTACGATCGC,0
TCTGCGGGTATGCAAA,0
TCTGCTGTGAGTTTTT,0
TCTGGAAATATAGTCG,0
TCTGGAACAGTCTGAA,0
TCTGGAACTAAGAGAG,0
TCTGGACAAGGGGACG,0
TCTGGATAGTCACTGA,0
TCTGGATTCGTATTAA,0
TCTGGATTTAATAGGT,0
TCTGGCAATAGCAATT,0
TCTGGCACCGTTAGTA,0
TCTGGGAAGAGAAAAC,0
TCTGGGCATAGATAAA,0
TCTGGGTAAATGTGAA,0
TCTGGTATAATTCTTA,0
TCTGGTTAACAAGACA,0
TCTGTAAATGGCCGAA,0
TCTGTAATATAGTAGT,0
TCTGTACAATATACCC,0
TCTGTACACGAATGAG,0
TCTGTACCATATTCGA,0
TCTGTAGACTAATATA,0
TCTGTAGAGGAGTCCA,0
TCTGTAGCCATTAATC,0
TCTGTAGTCTATTCCA,0
TCTGTATAAGAACTTC,0
TCTGTATCGACATCGA,0
TCTGTATCTTGGAAGT,0
TCTGTCAAATTCATTG,0
TCTGTCAGTATTCGGA,0
TCTGTCATTCCGCATT,0
TCTGTCCAAAAAACGC,0
TCTGTCCTTACAACGA,0
TCTGTCTGATGATAAA,0
TCTGTGAAAAATTTTC,0
TCTGTGACTTACTGAA,0
TCTGTGTGGTTTCAAT,0
TCTGTTAAAGTATTAA,0
TCTGTTAACAGTGAAG,0
TCTGTTAAGGCACCAC,0
TCTGTTACAGGCATTG,0
TCTGTTATGAATGTGC,0
TCTGTTCAGAGTGTGA,0
TCTGTTTAAATCCAAA,0
TCTTAAAAAAATACAT,0
TCTTAAAATCTTCGAT,0
TCTTAAAATGGTGAAA,0
TCTTAAACTAATGTAA,0
TCTTAAATGATTCATC,0
TCTTAAATTCCTAATA,0
TCTTAACCAATCAGTA,0
TCTTAACCCGTGAGTT,0
TCTTAACGCGAAAACA,0
TCTTAACGTCACCGCC,0
TCTTAACGTTCCCAGG,0
TCTTAACTGGCCTAAG,0
TCTTAAGAACCCGGCT,0
TCTTAAGAACTCTGTA,0
TCTTAAGCAAGCCACA,0
TCTTAAGGACCGCATT,0
TCTTAAGGCACTTTCG,0
TCTTAAGTCAGAATAG,0
TCTTAAGTTTGAACCA,0
TCTTAATCCGTCTAAC,0
TCTTAATTACGGTATA,0
TCTTAATTCCAAAAAC,0
TCTTACAGGTCTACCT,0
TCTTACCACCGGAAAT,0
TCTTACCTACAGTGTA,0
TCTTACCTGCCTTTAC,0
TCTTACCTGGCGTTTT,0
TCTTACGCGAGCATAA,0
TCTTACGTGGCGCTGG,0
TCTTACTCTATATTAC,0
TCTTAGACAAGATGAC,0
TCTTAGACTAATGTCG,0
TCTTAGAGCAATAGCC,0
TCTTAGATCTATTCAG,0
TCTTAGCAACACCTAC,0
TCTTAGCCCTGTCACC,0
TCTTAGGAGGCAAAAA,0
TCTTAGTACAGGAGGG,0
TCTTAGTATAAGCCAA,0
TCTTAGTTAGGGATAC,0
TCTTATAAAACTAATA,0
TCTTATAGAAGGTTTG,0
TCTTATATACCTAAGG,0
TCTTATCAAATATAAC,0
TCTTATCACAGAACTC,0
TCTTATCTCGTAAAAT,0
TCTTATGAACGGGAAC,0
TCTTATGAAGATAGTC,0
TCTTATGACCAACCCA,0
TCTTATTACCCATACA,0
TCTTATTACGGGCTGT,0
TCTTATTAGAGAAACC,0
TCTTATTAGTCACATT,0
TCTTATTATAACCACA,0
TCTTATTATCCCATAA,0
TCTTATTATGGCAGCT,0
TCTTATTGCAATAAAA,0
TCTTATTGGTGTTGAA,0
TCTTCAAAATTGGCTA,0
TCTTCAACTGAAGATA,0
TCTTCAAGCTAATGCA,0
TCTTCAAGGCACCGAC,0
TCTTCAATAGCTGACG,0
TCTTCAATGTAGACAT,0
TCTTCACAACTAAGTC,0
TCTTCACGAAGAAATA,0
TCTTCAGTTATATTTA,0
TCTTCCAACAAATCAT,0
TCTTCCAAGATAAATT,0
TCTTCCAATTCATAGA,0
TCTTCCAGCTCACAAA,0
TCTTCCATACAGCACG,0
TCTTCCATATCAATCA,0
TCTTCCATTATAACAA,0
TCTTCCGATGGCCAGC,0
TCTTCCTCCAGACAAC,0
TCTTCGAAGTATGCGA,0
TCTTCGTGGAAACATA,0
TCTTCGTTGATGTAAT,0
TCTTCGTTTCTTCCCA,0
TCTTCTAACTACACGG,0
TCTTCTAAGAGAAAGA,0
TCTTCTAGCTTAGCGC,0
TCTTCTTGTAAATGCA,0
TCTTGAATAACTGTAG,0
TCTTGACCACAAGTAC,0
TCTTGACGACACAAAG,0
TCTTGACTTTTGGACA,0
TCTTGAGCCCAATGAA,0
TCTTGAGGGCCTTCTA,0
TCTTGATAGATGAGCA,0
TCTTGATCACCGGGCT,0
TCTTGATTAAGCCCTC,0
TCTTGCCATACCATTA,0
TCTTGCCGGAAGTACT,0
TCTTGCCTCTGGAAAA,0
TCTTGCGAACGCAAGC,0
TCTTGCGATCCCAGGC,0
TCTTGGAAAACTATAC,0
TCTTGGAAACGATACT,0
TCTTGGAATTACGAGA,0
TCTTGGCTCACGACCA,0
TCTTGGTTAGAAGTAG,0
TCTTGTACGAAAACTT,0
TCTTGTGTAAATAGAG,0
TCTTGTTCATCAGCGA,0
TCTTGTTTATTTGGTA,0
TCTTTACACTTGCGCT,0
TCTTTACGAACAGTCG,0
TCTTTACGGTATCCTA,0
TCTTTACTGACGCCCT,0
TCTTTCAAACAGTGGC,0
TCTTTCAAGAGTCCCT,0
TCTTTCACATAGACAG,0
TCTTTCCACGATAGTC,0
TCTTTCCCCAGGGATG,0
TCTTTCCTATTATAAC,0
TCTTTCTTAAGGCAAG,0
TCTTTCTTTGATAAAT,0
TCTTTGAAAGCGGGTT,0
TCTTTGAGATAAGGTT,0
TCTTTGATTTATGGGA,0
TCTTTGATTTGTCCGA,0
TCTTTTACCTCGATTA,0
TCTTTTCGGGGCAAAC,0
TCTTTTGTGTTTTAAA,0
TCTTTTTCCATAAAAC,0
TCTTTTTGTTCCTAAC,0
TGAAAAAAAAAAAATA,0
TGAAAAAAAAATGTTT,0
TGAAAAAAAATTTTAG,0
TGAAAAAACTATGACA,0
TGAAAAAAGTTTTGCG,0
TGAAAAACCCGGTGTC,0
TGAAAAACGAAAAGCC,0
TGAAAAACTAAAATGA,0
TGAAAAACTGTGCGCG,0
TGAAAAAGTATTGGAA,0
TGAAAAAGTCATCACT,0
TGAAAAATACATAACG,0
TGAAAAATCGTTAAGA,0
TGAAAACAAACCGAAA,0
TGAAAACAACGACTAA,0
TGAAAACAACTTGTTA,0
TGAAAACACAAAATTA,0
TGAAAACACGAACATA,0
TGAAAACAGGGTTAAA,0
TGAAAACATATTTAAT,0
TGAAAACCATCACTTC,0
TGAAAACCCATGCTTG,0
TGAAAACTTATATAAC,0
TGAAAAGGAACAACCA,0
TGAAAAGTGTAACCGA,0
TGAAAAGTTAAAAAAA,0
TGAAAAGTTCTCGCTT,0
TGAAAATACCTTATTT,0
TGAAAATCTATCAACA,0
TGAAAATCTATGACGC,0
TGAAAATGCCGGATTC,0
TGAAAATGTAATAGAT,0
TGAAAATGTACACAAA,0
TGAAAATGTCTCTAAC,0
TGAAAATGTTGAGACT,0
TGAAAATTAAGGAGTG,0
TGAAAATTAGTACTAC,0
TGAAAATTCTACCTAA,0
TGAAAATTGAACCATT,0
TGAAAATTTCATCTAT,0
TGAAACAAATCTAGCA,0
TGAAACAATCTAATAG,0
TGAAACACCAAAAGAT,0
TGAAACAGAGTACCTA,0
TGAAACATTGGCCACA,0
TGAAACCAAACTAGAA,0
TGAAACCAAAGGAAGC,0
TGAAACCAGTAAAAAT,0
TGAAACCAGTATTTGC,0
TGAAACCCATCATGTA,0
TGAAACCCGATCCATA,0
TGAAACCTATGCCCTA,0
TGAAACGAATTTAATG,0
TGAAACGACAAGCAGA,0
TGAAACGCACAGAGTT,0
TGAAACGCAGAGCGTT,0
TGAAACTATTCTCGTA,0
TGAAACTGCCCTCAAG,0
TGAAACTGTTATCGTG,0
TGAAACTTCGGGAGAT,0
TGAAACTTTTGGTAGC,0
TGAAAGAAAGGCATTC,0
TGAAAGAAATTCGCGA,0
TGAAAGAACTTGTGGC,0
TGAAAGAATTAAGGAT,0
TGAAAGACAATACAGC,0
TGAAAGACAGGACTGA,0
TGAAAGAGTAAACACT,0
TGAAAGATAACTTATT,0
TGAAAGATATAATAAC,0
TGAAAGATCTTCCAAA,0
TGAAAGCAATCTGTAT,0
TGAAAGCATGCACATT,0
TGAAAGCCGGAAGGAA,0
TGAAAGCTTCTCACTT,0
TGAAAGTAACACACCA,0
TGAAAGTACGCAGTCC,0
TGAAAGTATAAAACCG,0
TGAAAGTCACGGGACG,0
TGAAAGTGAGATTAGT,0
TGAAATAACGGAATTA,0
TGAAATAAGATTTAAC,0
TGAAATAAGCAAAGAC,0
TGAAATAATACCCCCG,0
TGAAATACCGACAAGC,0
TGAAATACGATCCTAC,0
TGAAATAGAATAGGTG,0
TGAAATAGCAGGACAG,0
TGAAATAGCCTGCCTC,0
TGAAATATAACGAATT,0
TGAAATATAGTAATTC,0
TGAAATATGACTAATA,0
TGAAATATGTGTATAA,0
TGAAATCAAAATCACA,0
TGAAATCACCATTAAT,0
TGAAATCCATGCTGGC,0
TGAAATCTAGTTGCGG,0
TGAAATCTCGATCATA,0
TGAAATCTTTGTGAAT,0
TGAAATGAAACTTCAT,0
TGAAATGCAACCACAT,0
TGAAATGGAAGAATAA,0
TGAAATTAATGAAGCT,0
TGAAATTACGGAATGT,0
TGAAATTACTCACGAC,0
TGAAATTAGGAGAGTA,0
TGAAATTCCGGAAGCG,0
TGAAATTGCAAGAAAA,0
TGAAATTTAATTTTCT,0
TGAACAAACAAAAAAT,0
TGAACAAATTTCAGTA,0
TGAACAACCTAACAAG,0
TGAACAACCTACCAAA,0
TGAACAACTTATTGTT,0
TGAACAATCACCATAG,0
TGAACACCCAATCAGT,0
TGAACACGGCATCCGT,0
TGAACACTATACACAT,0
TGAACACTCACTTATC,0
TGAACACTTACAAAAG,0
TGAACACTTTCATAGG,0
TGAACAGAGCCGCAAT,0
TGAACAGATAAAGTTC,0
TGAACAGCAATTTCAA,0
TGAACAGCCTAATAAT,0
TGAACATAAAAACTAG,0
TGAACATACAAAGAAA,0
TGAACATAGGGGTAAG,0
TGAACATATGCGGAGC,0
TGAACATATTTTTCCA,0
TGAACATCCTATAGAA,0
TGAACATGATTACATA,0
TGAACATTCCAGCCAT,0
TGAACCAAAGTGAACC,0
TGAACCAAGACTAACT,0
TGAACCAAGCAATCAC,0
TGAACCACTCCCGAGC,0
TGAACCACTGAATCTA,0
TGAACCAGATATTTAC,0
TGAACCCATGTTTAAG,0
TGAACCCGGGGTTCAT,0
TGAACCGAGGGTAAAA,0
TGAACCGATGAAACCC,0
TGAACCGCTAGTAGAT,0
TGAACCTAACGCCGTC,0
TGAACCTACAGTCCCA,0
TGAACCTATACGCGAA,0
TGAACCTCAACGAAAA,0
TGAACCTCAATGCATG,0
TGAACCTCCTATTATT,0
TGAACCTGATGACACC,0
TGAACCTTTCATCCAA,0
TGAACGAAAGTAGAAA,0
TGAACGAACGGGCTTA,0
TGAACGAAGAGCAAGA,0
TGAACGACCCTAAGAT,0
TGAACGCACAGACTAT,0
TGAACGCACCTGAATT,0
TGAACGCAGAGATACG,0
TGAACGCCAAATCATA,0
TGAACGCCGCTTCGCC,0
TGAACGCTAGATCTAT,0
TGAACGGAGAGTCACT,0
TGAACGGGAGACTGAA,0
TGAACGGTAAAGTTAA,0
TGAACGTACATACGGA,0
TGAACGTACCCGCTGT,0
TGAACGTAGAACGTAG,0
TGAACGTGGCAGAAAA,0
TGAACGTTGACTGAAA,0
TGAACTAACTTAAATG,0
TGAACTACCGTAGTAA,0
TGAACTATCCAATATG,0
TGAACTATTCATGTAC,0
TGAACTGGATTCCTCA,0
TGAACTTAAAGGCTAC,0
TGAACTTATAAGATAT,0
TGAACTTCACCCCCTC,0
TGAAGAAACCTGAATA,0
TGAAGAAACGATATAG,0
TGAAGAAACGCACACC,0
TGAAGAAATGCGCCAA,0
TGAAGAACGAGATAAC,0
TGAAGAACTGTTGATC,0
TGAAGAAGTGCTTAGA,0
TGAAGAAGTTCTAGGG,0
TGAAGAATACCGATTC,0
TGAAGAATAGTAATTC,0
TGAAGAATCCGACTAC,0
TGAAGAATTTGACTGT,0
TGAAGACAATAGTGAT,0
TGAAGACACCTCCCAA,0
TGAAGACCAGATAACC,0
TGAAGACCTCAGGGAT,0
TGAAGACTTGGCCTGG,0
TGAAGAGAGACAAAAT,0
TGAAGAGAGGTTTAAA,0
TGAAGAGCTGGTAACA,0
TGAAGAGGAATAGAGC,0
TGAAGAGTTAGGGTCT,0
TGAAGATAAAGGATCG,0
TGAAGATCACTAAAGG,0
TGAAGATCTCGAAAAT,0
TGAAGCAAAGCTAATC,0
TGAAGCAACCGAATCA,0
TGAAGCAACCTCAAAC,0
TGAAGCAATGTAACAC,0
TGAAGCAGCCTTAGCA,0
TGAAGCCAAAATTGCA,0
TGAAGCCAACTAACTC,0
TGAAGCCAATGATACA,0
TGAAGCTACTTGTACG,0
TGAAGCTAGCTCAAGA,0
TGAAGCTATGTGCCCC,0
TGAAGCTTGGAATGAG,0
TGAAGCTTTTGACATC,0
TGAAGGAGTCTTGAAA,0
TGAAGGATCCTCGACT,0
TGAAGGATGCAGAATT,0
TGAAGGCATACAATAG,0
TGAAGGCCCTTTACCA,0
TGAAGGGAGGTTGCTC,0
TGAAGGGATGGCCAGG,0
TGAAGGTACTGATGCA,0
TGAAGTAAAAATTAAA,0
TGAAGTAAGTACCTCG,0
TGAAGTAGCTTTCAAA,0
TGAAGTATAGTGGAAA,0
TGAAGTATGTGAAAAA,0
TGAAGTCCTGACAGAC,0
TGAAGTCTCTAAATCC,0
TGAAGTCTTGAACTGA,0
TGAAGTTTGCATCTTA,0
TGAATAAACGATATCG,0
TGAATAACAAAAACTA,0
TGAATAACATGTTTCT,0
TGAATAACTCAATGGT,0
TGAATAACTGATCCTA,0
TGAATAACTTTGATAC,0
TGAATAAGTTTTATTT,0
TGAATAATTGAGAGAA,0
TGAATACAAACGCAGT,0
TGAATACAACAGATAT,0
TGAATACACGGCGTTG,0
TGAATACATGCAGACG,0
TGAATACCGTTACTCA,0
TGAATACGGGCAAACC,0
TGAATACGGTCTACGT,0
TGAATACGTTTCAAAA,0
TGAATACTAGTAACAA,0
TGAATAGATGTAACCC,0
TGAATAGCCAACTAAA,0
TGAATAGCTACAAAAA,0
TGAATAGGTTCTTAAA,0
TGAATAGTTTACAGAC,0
TGAATATCACTCAGAC,0
TGAATATGCGAAGATC,0
TGAATATGTGACCAAG,0
TGAATATGTTATAAAA,0
TGAATATTCCTAGCAA,0
TGAATATTTCGACCGA,0
TGAATCAAATATTTCC,0
TGAATCAATAACAGCA,0
TGAATCAGAAATGTAA,0
TGAATCAGCGCTGTAA,0
TGAATCAGCTTCCGCT,0
TGAATCATACTGTCTT,0
TGAATCATCAGACTAG,0
TGAATCATCTCAGAGA,0
TGAATCATGAAACATC,0
TGAATCATGAATTGGA,0
TGAATCCATTTTTATC,0
TGAATCCGAAAAATAC,0
TGAATCCGATCGTATC,0
TGAATCCGCTAGTGTA,0
TGAATCCTACTACATA,0
TGAATCCTCAGCTCCA,0
TGAATCGAGTTATAAG,0
TGAATCGCGATAAACT,0
TGAATCGCGCAAATGT,0
TGAATCGGTATGTCAT,0
TGAATCGTTAGATATT,0
TGAATCTCACGGATGT,0
TGAATCTTACCACAGT,0
TGAATCTTCGTTATCC,0
TGAATGAAAAGTACAC,0
TGAATGAAAGTACGAT,0
TGAATGAATCGAAGAG,0
TGAATGAATTCTTTCT,0
TGAATGACGGGTTTCA,0
TGAATGAGCGGAGGGC,0
TGAATGAGGAGCGAAC,0
TGAATGATATACTGAA,0
TGAATGCAGTTTTTAT,0
TGAATGCATCGGGCAG,0
TGAATGCCCTATATGT,0
TGAATGCCTCTGTTCC,0
TGAATGCTCTTACGTT,0
TGAATGGAAAGTATAG,0
TGAATGGCCACCCATG,0
TGAATGGCCGGGGCGT,0
TGAATGTTATATTACA,0
TGAATGTTCTAGTATA,0
TGAATTAACTTTCATA,0
TGAATTACATTCGGTG,0
TGAATTACCCGATACG,0
TGAATTACGCCCACAT,0
TGAATTACGTGTGTGC,0
TGAATTACTGGGTAAG,0
TGAATTAGCACTCCTC,0
TGAATTAGCGTTATGG,0
TGAATTAGCTTCGTCC,0
TGAATTATGATGTGCA,0
TGAATTCGGAAAGAAT,0
TGAATTCTAACTGTTG,0
TGAATTGAATCGGGTC,0
TGAATTGAGAAAATTG,0
TGAATTGAGCCGGAAG,0
TGAATTGTAAACTTAA,0
TGAATTGTTAAAACTT,0
TGAATTTATAATAGAC,0
TGAATTTATCTAATAA,0
TGAATTTATCTGAGTA,0
TGAATTTCGTTAATAT,0
TGAATTTGGTGATTCT,0
TGAATTTTGTAACAAG,0
TGACAAAAGACAGAAT,0
TGACAAAATTAGTATA,0
TGACAAAGAGAGGTAG,0
TGACAAAGGGCTTATC,0
TGACAAATTCAAACAT,0
TGACAACAGCTATCTT,0
TGACAACAGGGACAAA,0
TGACAACGAAAGTGAC,0
TGACAACTTCAACAGA,0
TGACAACTTGTAACGA,0
TGACAAGAAGACATCG,0
TGACAAGACGATGTCA,0
TGACAAGCAATCACGA,0
TGACAAGGAAAATTTT,0
TGACAAGTAAAACAAT,0
TGACAAGTAAACCCTT,0
TGACAATAAAAGTGGT,0
TGACAATATACAGAAA,0
TGACAATATAGATCTA,0
TGACAATATTCTAAAC,0
TGACAATCGAATATGC,0
TGACAATCTCATACTC,0
TGACAATCTTACGAAG,0
TGACAATGCTAAGTCA,0
TGACACAAGTGAGATG,0
TGACACAATCGCAATA,0
TGACACACTACTTGAA,0
TGACACATACACGAAG,0
TGACACATATCTCTAT,0
TGACACATCAAAGGGA,0
TGACACCGGCATATTA,0
TGACACCGTGTATACG,0
TGACACCTACCCACAT,0
TGACACCTCACCTTAC,0
TGACACGTCAGATTTG,0
TGACACTACAATAAAA,0
TGACACTATAAACGAG,0
TGACACTCAAAACAAT,0
TGACAGAAAATCGAAA,0
TGACAGAAATTTCAAA,0
TGACAGAGAGCAAATC,0
TGACAGAGCGGGAACC,0
TGACAGATCGTCACGT,0
TGACAGATTTAGACTA,0
TGACAGCAAAGTATGT,0
TGACAGCACTCATTAA,0
TGACAGCTTGACGCTA,0
TGACAGGTAACCTGGC,0
TGACAGTATGTATATC,0
TGACAGTGCCAGAGGA,0
TGACATAACATATGTC,0
TGACATAAGTGATACA,0
TGACATACGGAAATCG,0
TGACATATAATTGCCT,0
TGACATATGTTCTGAA,0
TGACATCAAATCAATG,0
TGACATCACTACATAA,0
TGACATCATTACATGG,0
TGACATCCACGAATTT,0
TGACATGACGAACAAT,0
TGACATGCGCTCTTAG,0
TGACATGTACATTGTC,0
TGACATTCACAGCGCT,0
TGACATTCCTATCACT,0
TGACCAAAAAGCAGAA,0
TGACCAAAATAGAATA,0
TGACCAAAATATTGTA,0
TGACCAACATACATCG,0
TGACCAACCTCATATA,0
TGACCAAGGTAGTAGG,0
TGACCAATTAACCATG,0
TGACCAATTAATTACT,0
TGACCAATTCAATGCC,0
TGACCAATTCGAATTA,0
TGACCACATAAAAACC,0
TGACCACTATGACTAA,0
TGACCACTGGAAAAGA,0
TGACCAGCAAAATAGA,0
TGACCAGCTACCCCTT,0
TGACCAGTACTCTACC,0
TGACCAGTAGGAGATG,0
TGACCAGTCTCGGAAA,0
TGACCATAGGCTCAAT,0
TGACCATATCTCATGG,0
TGACCATATTAAATAT,0
TGACCATCATATGCCG,0
TGACCATCCCTACGGA,0
TGACCCACATTTAGAA,0
TGACCCACCGTTACAT,0
TGACCCAGATACGAGC,0
TGACCCAGTTGATTGG,0
TGACCCATGATAAAAT,0
TGACCCATTCGCGACA,0
TGACCCGCCTGACAAA,0
TGACCCGTATATAACT,0
TGACCCTAGTATTCCT,0
TGACCCTATCATGCAG,0
TGACCCTCCCACCAAC,0
TGACCCTCTTACCTCG,0
TGACCCTGGATTTAAA,0
TGACCCTTGATATGAG,0
TGACCGAATGTTGAGG,0
TGACCGAATTTCGGAC,0
TGACCGCAGAATAGTA,0
TGACCGCGAAGATAAC,0
TGACCGCTTAACAGGG,0
TGACCGGACCATGCAA,0
TGACCGGTAGATCTCA,0
TGACCGTCCACCCCTT,0
TGACCTAAATGTAGCT,0
TGACCTAAGACCCACA,0
TGACCTAGGCTAAGAC,0
TGACCTGTGGCAGAAA,0
TGACCTTAGACCAAGG,0
TGACCTTGTTTGCGAA,0
TGACGAAATAAAACCA,0
TGACGAAATCTCTGGC,0
TGACGAAGCAAACAAA,0
TGACGAAGCATACGTT,0
TGACGAAGGGCCTTCG,0
TGACGAATAAGCTTTT,0
TGACGAATGATAAAAG,0
TGACGACAAATTTCAA,0
TGACGACCTATTTTGG,0
TGACGACTTTCTAAGC,0
TGACGAGAGCAAAAAG,0
TGACGAGATCATATAG,0
TGACGATCAGTGTCAC,0
TGACGATCCAGTAAAA,0
TGACGATTTCACTGTT,0
TGACGCAAAAAGAGTC,0
TGACGCAAAGCACATG,0
TGACGCACGATCTAGT,0
TGACGCATTAAAAGGG,0
TGACGCCGCTTGATAC,0
TGACGGAATAAATCAA,0
TGACGGAATAACACTG,0
TGACGGAGAAAAGTAT,0
TGACGGATTTATGCAT,0
TGACGGCCAACCTGGC,0
TGACGGCTTCCGACGT,0
TGACGGGACGTCCGGA,0
TGACGTAACCTAATAG,0
TGACGTCTTTTGGTAC,0
TGACGTTAAAATTCTC,0
TGACGTTATAAGGTTG,0
TGACGTTTGCCTCGAG,0
TGACTAAAAAAGTCTG,0
TGACTAAAACGAATAA,0
TGACTAATAAAGGATT,0
TGACTAATAACCTCAA,0
TGACTAATATTATGAC,0
TGACTAGCACTTAGCA,0
TGACTATAGCGAATCT,0
TGACTATATAATTATC,0
TGACTATATTTAGAGA,0
TGACTATGACAGTGTG,0
TGACTCAACTAATCAA,0
TGACTCACTAACCCCT,0
TGACTCAGATAGTTAC,0
TGACTCCATGAGTAAA,0
TGACTCGCATCAGACA,0
TGACTCGCCGCGGTTG,0
TGACTCGCGCGTGTCT,0
TGACTCGGCTTAAATA,0
TGACTCGGGCAATTAT,0
TGACTCTCGTTTACGG,0
TGACTCTTCCGCACGA,0
TGACTGAACCACTATA,0
TGACTGATTAGAGCGT,0
TGACTGCATTTACGAA,0
TGACTGCCACTTCAAT,0
TGACTGCTATAGTTCG,0
TGACTGTAAACGAACA,0
TGACTGTGATCTCTCT,0
TGACTTAAGGTGAATC,0
TGACTTACAAATGTTA,0
TGACTTATGGTTATAA,0
TGACTTCCAGGCGATA,0
TGACTTCCATATTAAT,0
TGACTTCGCACTTGAT,0
TGACTTCTCTATAACC,0
TGACTTGATACATCAG,0
TGACTTGTAAGCGCCC,0
TGACTTTAACGTTAGA,0
TGACTTTATCAATTTT,0
TGACTTTCAAGTAGAC,0
TGACTTTCCCTCGATA,0
TGACTTTTAACCTAAT,0
TGAGAAAACGCTACAC,0
TGAGAAAAGCGAAAAA,0
TGAGAAAAGTTCCTCA,0
TGAGAAAATCTGTATC,0
TGAGAAAGACCTCCTA,0
TGAGAAAGGCAGACAG,0
TGAGAAAGGTGTGGGA,0
TGAGAAATTAGGAGGG,0
TGAGAACGGCTATCCT,0
TGAGAAGGCATTTCCC,0
TGAGAAGTCAAAGACA,0
TGAGAATCAAAATCAC,0
TGAGAATCCGGTTAGA,0
TGAGAATTGAAAGAGC,0
TGAGACAAGCAACAAA,0
TGAGACAATAAACCAT,0
TGAGACAATAACTTAA,0
TGAGACACTTTTAATA,0
TGAGACAGGGAAGCCA,0
TGAGACATGTTAGATA,0
TGAGACCAATTACCCG,0
TGAGACTATCTTAGTC,0
TGAGACTGATAGATGA,0
TGAGACTTGACCAATC,0
TGAGACTTTGGAAAGT,0
TGAGAGAAACATTGCT,0
TGAGAGAAATGCAAAA,0
TGAGAGACAAGTAGAT,0
TGAGAGACCCCAATCA,0
TGAGAGATATAATGCA,0
TGAGAGCATATCTCCG,0
TGAGAGCGCCATGGAC,0
TGAGAGGGTAACCTAG,0
TGAGATAAGTCGCGAA,0
TGAGATACGCTTTACA,0
TGAGATAGACTGCTGA,0
TGAGATATAAATTAGA,0
TGAGATCCACTCTCTC,0
TGAGATGAAAGAAGCA,0
TGAGATGCGGACTGGA,0
TGAGATTATATATTCG,0
TGAGATTCACCTAGAA,0
TGAGATTTCATCCTGG,0
TGAGCAAAAATACCGC,0
TGAGCAAAATACGGCG,0
TGAGCAAACTCAAAAA,0
TGAGCAAACTTTGAAT,0
TGAGCAACATTCATCA,0
TGAGCAACCATAAAAA,0
TGAGCAACCCTCTCCA,0
TGAGCAACCTTGATTT,0
TGAGCAAGCCGCCGGG,0
TGAGCAATCTGACGGG,0
TGAGCACCATTCTTAA,0
TGAGCACCGAAGGTAT,0
TGAGCACGACTATCCA,0
TGAGCACTGCAAATCA,0
TGAGCACTTTTAACTT,0
TGAGCAGACCGCTTCG,0
TGAGCAGACTTTCAGG,0
TGAGCAGGGTCAAGGG,0
TGAGCATCAGACGTAA,0
TGAGCATGTTCTGAAC,0
TGAGCATTCACTGACG,0
TGAGCCAAAAGAAAGT,0
TGAGCCAGACCGCTAA,0
TGAGCCATCTCAAGAC,0
TGAGCCATTAAGACCA,0
TGAGCCATTAGGAAAA,0
TGAGCCCCCAATGATC,0
TGAGCCCTAACTAAAA,0
TGAGCCCTCAGCTTCA,0
TGAGCCCTCTTACCAT,0
TGAGCCTGCGTAACAA,0
TGAGCGAAAAATTTTT,0
TGAGCGAGACAGCGAT,0
TGAGCGGATAAACTAG,0
TGAGCGGCGCGATTGT,0
TGAGCGTAACATGATC,0
TGAGCGTACTCAGAAA,0
TGAGCGTCCCAGATAC,0
TGAGCTACACGTGAGA,0
TGAGCTACACTTCCCG,0
TGAGCTAGACACTTCA,0
TGAGCTAGATGTAATA,0
TGAGCTCCCAAAAAAC,0
TGAGCTCGATTTAAAA,0
TGAGCTGCAGGCTCGG,0
TGAGCTTAAGTTCAGC,0
TGAGCTTACAAATGGC,0
TGAGCTTACGTGGTAA,0
TGAGCTTCAGATTCTG,0
TGAGCTTGAGTTGGCC,0
TGAGGAATAAATAAGT,0
TGAGGACGTCTTCTTT,0
TGAGGACTATGCCAGA,0
TGAGGACTGTACTATA,0
TGAGGACTTCATCTAT,0
TGAGGAGCAGTTTTGT,0
TGAGGAGCTCGAATCA,0
TGAGGATGTAACTAAC,0
TGAGGATTTAGGTGTG,0
TGAGGCACAAAGTCTA,0
TGAGGCAGCCACACGA,0
TGAGGCCAGTACATAT,0
TGAGGCGTAAAAAACT,0
TGAGGGACCACTAGAT,0
TGAGGGCAGATATCGT,0
TGAGGGCGCAACCGGT,0
TGAGGGGTTGCCTAAA,0
TGAGGGTACGGATTTC,0
TGAGGTACCAGAAATA,0
TGAGGTATTAAGTTAG,0
TGAGGTGCATATTTCA,0
TGAGGTGGCAACAGTG,0
TGAGGTTATAAATATT,0
TGAGGTTGTAGACGAC,0
TGAGGTTTAAAAAGCT,0
TGAGTAAATAGAAGGC,0
TGAGTAACACTTTGTG,0
TGAGTAACATAGCCAA,0
TGAGTAATAATCTAAT,0
TGAGTAATAATCTGAA,0
TGAGTACCAGGAAAAT,0
TGAGTAGACCGCCACG,0
TGAGTATAATGACAAT,0
TGAGTATACTAAAGAG,0
TGAGTATCAAATCTTC,0
TGAGTATTAAGCATCC,0
TGAGTCAAAGCATAGA,0
TGAGTCCAAAGTCCAA,0
TGAGTCCACACTCGAG,0
TGAGTCCTAGAATAAA,0
TGAGTCGTAATAGCAC,0
TGAGTCGTATTTGTAC,0
TGAGTCTAAAATTAGC,0
TGAGTCTAACCATAAT,0
TGAGTGAGAACACTAA,0
TGAGTGATACTAGTAA,0
TGAGTGATGAGGGTCC,0
TGAGTGATTGCCCTAA,0
TGAGTGCACGATGCTG,0
TGAGTGCAGATACATA,0
TGAGTGGAGCAAGCGG,0
TGAGTGGATATGAGAC,0
TGAGTGGTCAAAGGAA,0
TGAGTGTGCACAACAT,0
TGAGTGTTTTAAATTT,0
TGAGTTAACTAACTTT,0
TGAGTTAACTATTCGA,0
TGAGTTAACTGCTTTG,0
TGAGTTACGGGAGCCA,0
TGAGTTAGATATAAAA,0
TGAGTTATTCACCCTC,0
TGAGTTCAACTTGTTA,0
TGAGTTTAGATGAAAA,0
TGATAAAAATTATTGA,0
TGATAAAAGATACAAG,0
TGATAAAATTACTTAA,0
TGATAAATACAGAGAC,0
TGATAAATTCCAATGG,0
TGATAACACGAATCTC,0
TGATAACAGCCCTATG,0
TGATAACCGCATAATA,0
TGATAACTACGGATCT,0
TGATAACTCGATAACA,0
TGATAACTTAGTACCA,0
TGATAAGAGAACGTGA,0
TGATAAGAGTAACAAG,0
TGATAAGCTCTTGATT,0
TGATAAGGCCTTCGAA,0
TGATAATAATCTTTCT,0
TGATAATACAAACAGG,0
TGATAATACCATCCAG,0
TGATAATCAGCCTGCT,0
TGATAATTGGCAGACC,0
TGATACAATCCCACCA,0
TGATACACCAAGCATT,0
TGATACACTGAACTGA,0
TGATACAGCGACAAAA,0
TGATACAGGAAATTTT,0
TGATACCAATCTAATA,0
TGATACCGCTAGGTGT,0
TGATACCTAAAATACT,0
TGATACCTTAGTCAAC,0
TGATACGAGCCTGCCT,0
TGATACGATCCTGTGA,0
TGATACGATTCGCAAA,0
TGATACGCGTCAACCA,0
TGATACGGTACACTAA,0
TGATACGTAAATCCAA,0
TGATACTCGAAAGCTA,0
TGATACTTGTTGTGAT,0
TGATAGAATACAATCC,0
TGATAGCATTATGATG,0
TGATAGCGAAGTTCTG,0
TGATAGGCATGTATAG,0
TGATAGGTGATTATAG,0
TGATAGGTTCCCCATG,0
TGATAGTACAAAAATA,0
TGATAGTACCCTACGC,0
TGATAGTAGTGCAAAT,0
TGATAGTCAAGACCAC,0
TGATAGTGCAAACCGA,0
TGATATAAATGGGAAA,0
TGATATAACAGTGTGC,0
TGATATAAGACCCTAT,0
TGATATAATAGGATCT,0
TGATATACGAAAACCT,0
TGATATACGATCCACG,0
TGATATATCAACCAAA,0
TGATATATGATTACAA,0
TGATATATGCAGAAAT,0
TGATATCAGCAGACTA,0
TGATATCAGCATACCA,0
TGATATCCCACGCAGG,0
TGATATCGAAGACCCT,0
TGATATCTGTTTCTAG,0
TGATATGTACAACTTT,0
TGATATGTACCTTAAC,0
TGATATGTTGATACTA,0
TGATATTCGAAAAGTG,0
TGATATTGCCCACTAT,0
TGATCAAAATATTGAA,0
TGATCAAGCGCAAAAA,0
TGATCAATAAGAATAA,0
TGATCACAACAAGACG,0
TGATCACACCATACCC,0
TGATCACACGCAATCG,0
TGATCACGGCAGTTCC,0
TGATCAGAGCCCCCCT,0
TGATCAGCGTTATTCA,0
TGATCATACACGCTAA,0
TGATCATCCCGCAATT,0
TGATCCAAACCGAATA,0
TGATCCAATACATCAG,0
TGATCCACTCGAAAGT,0
TGATCCAGATAACAAT,0
TGATCCCATAAATTAT,0
TGATCCCCACATATGC,0
TGATCCCCAGGTGGGT,0
TGATCCCCCAGGTGGG,0
TGATCCCTACTGACAG,0
TGATCCCTATCCAATA,0
TGATCCCTCAGACCGA,0
TGATCCGGCCTTTCAT,0
TGATCCTAACCGCATT,0
TGATCCTTTCTTCAAG,0
TGATCGCAGATGCAAC,0
TGATCGGAAATTAATA,0
TGATCGTACACTCTAT,0
TGATCTACACAAATTC,0
TGATCTCTAATTTCGC,0
TGATCTGAACCCACCC,0
TGATCTGAACTCAGTA,0
TGATCTGATCATGTAA,0
TGATCTTATATAAGCC,0
TGATCTTATCAGATTG,0
TGATCTTCGGTTGGAA,0
TGATCTTTAACCGTCG,0
TGATCTTTAGTTGTAG,0
TGATGAAAAAAATTAA,0
TGATGAAAATAATATC,0
TGATGAAAGACCCCGC,0
TGATGAAATAAGATTT,0
TGATGAACAATTAGAA,0
TGATGAATTCAACCGA,0
TGATGACCACACATCA,0
TGATGACCTATAGGCA,0
TGATGACTGACAAGTT,0
TGATGAGCAAATACGA,0
TGATGAGCATAGGTTT,0
TGATGAGCTGTACTAG,0
TGATGAGTATACGTTA,0
TGATGATGAATGGACT,0
TGATGATGACTAGTGG,0
TGATGCACGCATGTTG,0
TGATGCGAATCACAAA,0
TGATGCGCTTTCCAGT,0
TGATGCTAAAGTACAA,0
TGATGCTAAGAAGAAA,0
TGATGCTGAGGTATAT,0
TGATGGAAAACCTATT,0
TGATGGAAAATCACGA,0
TGATGGAAGGGAAGTT,0
TGATGGAGAAAGGGAT,0
TGATGGATAAGTGAAC,0
TGATGGCAAAAATCTT,0
TGATGGCCCCAATGCA,0
TGATGGTCCAACTTGA,0
TGATGTAACTAGTGAC,0
TGATGTGCATATCTAA,0
TGATGTTACCTCGCGT,0
TGATGTTAGCAAGTAT,0
TGATGTTCCTAATCAT,0
TGATGTTGTGTTTTGA,0
TGATGTTGTTAAAAAA,0
TGATGTTTGAAGTTTG,0
TGATGTTTTACACTGC,0
TGATGTTTTAGCTACA,0
TGATTAAAACATGTTA,0
TGATTAAAACCTTAAA,0
TGATTAAAAGTAGCTG,0
TGATTAAATCATCCAC,0
TGATTAACAATAATAG,0
TGATTAACATACCATT,0
TGATTAACCCAATCCG,0
TGATTAACGTACGTTA,0
TGATTAACTAATGATA,0
TGATTAATCCAAACAA,0
TGATTACAGTTTAGCC,0
TGATTACCAGATAACA,0
TGATTACCCAAAACTA,0
TGATTACGATGATCAA,0
TGATTACTGTAAGAAC,0
TGATTAGGCTTTGTGT,0
TGATTAGTATCAATGA,0
TGATTATATCTTTTAC,0
TGATTATCAACGAGCG,0
TGATTATGTAGTAGTT,0
TGATTATGTTAACGGC,0
TGATTATTCAGCATCA,0
TGATTATTGTGTGCCA,0
TGATTATTTATGAAGT,0
TGATTCAAGAACAGAA,0
TGATTCACACTAGCTA,0
TGATTCACCAGACATA,0
TGATTCCACGCAAACC,0
TGATTCGAAAATGGTT,0
TGATTCGCAACAAAGG,0
TGATTCGCACTCACAC,0
TGATTCTAAAATTAGG,0
TGATTCTAAGCCTAAA,0
TGATTCTACAAGAGAT,0
TGATTCTCTGATGCAT,0
TGATTGAAAGTTGTAA,0
TGATTGACTTATATAC,0
TGATTGAGTAACCGAC,0
TGATTGATAATGTCTA,0
TGATTGATCAACCAAC,0
TGATTGCCAGCCTGTT,0
TGATTGCCATCAAGTT,0
TGATTGGAATTAACGT,0
TGATTGGGATAACCGG,0
TGATTGGGCCGGAGCT,0
TGATTGTTACAAAAAT,0
TGATTTAAAAGATTCC,0
TGATTTACACTAACTA,0
TGATTTACTGACAGTA,0
TGATTTAGGCATGTCA,0
TGATTTCACGGGGATA,0
TGATTTCCTATGTTAA,0
TGATTTCGAGGTATAA,0
TGATTTGGGCATCAAC,0
TGATTTGGGGAACGCA,0
TGATTTGTAACTGTTT,0
TGATTTTCGAACCCCA,0
TGATTTTCTCCGAAGG,0
TGATTTTGTACATAAC,0
TGATTTTGTACTCAAC,0
TGCAAAAAAACGTTCC,0
TGCAAAAAATTATCAC,0
TGCAAAAAGCTGGGTA,0
TGCAAAACAATGCCAT,0
TGCAAAACTCAAGAAA,0
TGCAAAAGAATACCAG,0
TGCAAAATCAGACAAA,0
TGCAAAATTTTATCAC,0
TGCAAACAACACGACA,0
TGCAAACAATCTATTC,0
TGCAAACACAAGCAAC,0
TGCAAACAGGCCTATG,0
TGCAAACATCCATACA,0
TGCAAACATGCGGATC,0
TGCAAACCCCAGCGTA,0
TGCAAACCCCGGACTC,0
TGCAAAGATCTAACCG,0
TGCAAAGCATGATCCA,0
TGCAAAGGGAGGCTAA,0
TGCAAATAGCCCTTTG,0
TGCAAATATGTAAAGA,0
TGCAAATGTAAAAACA,0
TGCAAATGTATTAAAT,0
TGCAAATTCTGTAAAC,0
TGCAACAACGAACCTA,0
TGCAACATATAATTGA,0
TGCAACATGAATTTGC,0
TGCAACCTAAACTGAG,0
TGCAACCTTCAGACCC,0
TGCAACGCAACCTCGT,0
TGCAACTATATAGCAA,0
TGCAACTATGCATTAT,0
TGCAACTGAACTGAAC,0
TGCAAGAACACAGAGA,0
TGCAAGAACTTCAACC,0
TGCAAGAATGAAATGC,0
TGCAAGAATTCTATGT,0
TGCAAGACTAAACTAA,0
TGCAAGCAAAAGTTGT,0
TGCAAGCATCAAACAG,0
TGCAAGCCGATGATAG,0
TGCAATAAACGCTAGT,0
TGCAATAAGTTAAGAG,0
TGCAATACATAGTTAT,0
TGCAATATAAAAACAA,0
TGCAATATAATATGAT,0
TGCAATCCGACTAAGA,0
TGCAATCGCGAACCCG,0
TGCAATGCACTAAAAC,0
TGCAATGTGAATAACA,0
TGCAATGTTCGAAAAA,0
TGCAATTATCGCATTA,0
TGCAATTTAACGAAGA,0
TGCAATTTTAACGCGA,0
TGCACAAACAATACAT,0
TGCACAAAGTGGGAGC,0
TGCACAAATAGTTGTA,0
TGCACAAGAGAAAAAA,0
TGCACAAGCACGGAAG,0
TGCACACACCCAGAGA,0
TGCACACAGCAAGTAT,0
TGCACACAGTCGCATT,0
TGCACACATTAAAGCG,0
TGCACAGAGCGACCAC,0
TGCACATAACTAAGTA,0
TGCACATCTACTCTAA,0
TGCACATGCACTACCC,0
TGCACATTACATAACA,0
TGCACATTCACCCATA,0
TGCACCAAACGATCAC,0
TGCACCAAGTGTTCAA,0
TGCACCAGTCTTGATA,0
TGCACCCAAACATTCA,0
TGCACCCAACCAGCCA,0
TGCACCCCACCATATA,0
TGCACCCCTCTAGACC,0
TGCACCGACAAGCTTC,0
TGCACCGCGACGTTTC,0
TGCACGATGTTGATCC,0
TGCACGCAATGAGTCC,0
TGCACGCCGAAGATAT,0
TGCACGCTGTCCACGA,0
TGCACGGTAAGCATAT,0
TGCACGGTACCAATAC,0
TGCACGTTTATGCGGT,0
TGCACTGAAATTCTCC,0
TGCACTGCATCCACCA,0
TGCACTGTCTGTTAGA,0
TGCACTTCCCCATTCG,0
TGCACTTCCGGCTATA,0
TGCACTTCTCCTCCAA,0
TGCACTTGTAAATCAA,0
TGCAGAAAACTTGAAA,0
TGCAGAAAAGAGATAT,0
TGCAGAAAAGATGTCG,0
TGCAGAAGACAATAAC,0
TGCAGACCGATAACAG,0
TGCAGACCGGTATCAC,0
TGCAGACCTGTACGAT,0
TGCAGACGTAAAAGGA,0
TGCAGAGACCTAGCAC,0
TGCAGAGATAATAATA,0
TGCAGAGCTTGAGTGC,0
TGCAGAGGCAAACAAT,0
TGCAGAGTCACCTCGG,0
TGCAGATAAAACATTT,0
TGCAGATAATAGATAG,0
TGCAGATACGATACCC,0
TGCAGATCCAACAAGA,0
TGCAGATTGCAGACCG,0
TGCAGATTTTTCAGTA,0
TGCAGCATACCGCATC,0
TGCAGCATCTTCAGGG,0
TGCAGCCACAGTAAAT,0
TGCAGCTAAAATACTT,0
TGCAGCTGAACACATA,0
TGCAGGAATTTATTTT,0
TGCAGGACAAGTGCCC,0
TGCAGGAGATCCGCGA,0
TGCAGGAGTTACCTTA,0
TGCAGGCAGACGACCC,0
TGCAGGCATAATGCTT,0
TGCAGGCCCTGGCGTG,0
TGCAGGTAGACTAATT,0
TGCAGGTGCTCTTAAA,0
TGCAGGTGTTGACCAC,0
TGCAGTAACTTCTGTT,0
TGCAGTACTTACACGT,0
TGCAGTAGCTGCCGTT,0
TGCAGTCATAGTAAAA,0
TGCAGTCGAACCTTAA,0
TGCAGTGGATAAGATG,0
TGCAGTTCATGCGAAT,0
TGCATAAAACGTAGAA,0
TGCATAAACCTCACCA,0
TGCATAAATAACAAGC,0
TGCATAACCTCCATAA,0
TGCATAAGATCACATT,0
TGCATACAATAATAAC,0
TGCATACATATTACAC,0
TGCATACGGTTACTAT,0
TGCATAGGAATAACCA,0
TGCATATCAGGTACCA,0
TGCATATCATCAGGAC,0
TGCATATCCCACCAGT,0
TGCATATCGAAAATCA,0
TGCATATCTTGGTATC,0
TGCATATGCAGACCAT,0
TGCATATGTATTGTAT,0
TGCATATTTGGCCAAG,0
TGCATCAATAAGAGTT,0
TGCATCATGCCCGATT,0
TGCATCCACTGAGATG,0
TGCATCCCACACCAAC,0
TGCATCCCCCTTGCGA,0
TGCATCGCTAAAGTAA,0
TGCATCGGCCGACCTA,0
TGCATGAAACGTAGCA,0
TGCATGAACATGACTG,0
TGCATGCGACACTACT,0
TGCATGCTAATAATTT,0
TGCATGCTGATAACGT,0
TGCATGCTTGGCATAC,0
TGCATGGGACGGCAGG,0
TGCATGGGGCCAAAAA,0
TGCATGTCTTCCAATG,0
TGCATGTGCCCATACT,0
TGCATTAAGAGTAGTG,0
TGCATTAAGGCTGCAT,0
TGCATTAATCTATCAT,0
TGCATTACTGGACACC,0
TGCATTATAGCTAGTT,0
TGCATTCAGACCTGCG,0
TGCATTCTAACAATTT,0
TGCATTGAAGGCTCGG,0
TGCATTGATATCACAC,0
TGCATTTTAGCCGGGC,0
TGCATTTTTCGCTATT,0
TGCCAAAAGACGCAGA,0
TGCCAAAATAACGCTA,0
TGCCAAAGATAATCAA,0
TGCCAAAGCTACTAGA,0
TGCCAAATGTAGCAAA,0
TGCCAAATTTTTACAG,0
TGCCAACCCTTCACAC,0
TGCCAACCTCAATTAC,0
TGCCAAGACACAATAG,0
TGCCAATACCCACATA,0
TGCCAATATTGGAAGG,0
TGCCAATCATAGGCGA,0
TGCCAATCCCTTAGCC,0
TGCCAATGCTTACCGA,0
TGCCAATGTGATGTAA,0
TGCCAATTCAGTCTTC,0
TGCCAATTCATAAAAG,0
TGCCACAAAAAGGATA,0
TGCCACAAGTCAGTGC,0
TGCCACAATGAATGAC,0
TGCCACCCAAGATCAT,0
TGCCACCCGCCTGAAC,0
TGCCACCTTCACATTG,0
TGCCACTAATATTAAC,0
TGCCACTATATCGACC,0
TGCCACTGATGACTCT,0
TGCCAGACTAGAAAAC,0
TGCCAGGCAACGGGAC,0
TGCCAGGCCCTAAAGG,0
TGCCAGGTTTTAAACC,0
TGCCAGTAACAAAACT,0
TGCCATAACACTGCTA,0
TGCCATACCTATGACA,0
TGCCATAGATAAGCCT,0
TGCCATATGACTAAAA,0
TGCCATCAGGACGGGA,0
TGCCATCATTAGCCTA,0
TGCCATCCACATAGTA,0
TGCCATCCCTATGTAA,0
TGCCATGACCCGAATA,0
TGCCATGATCAAACAA,0
TGCCATGCCTATGCGT,0
TGCCATGCCTATTACA,0
TGCCATGTCTAAACAA,0
TGCCATTATCGGTATT,0
TGCCATTCAGCCCCTA,0
TGCCATTGAAATTTAC,0
TGCCATTTCACAGACG,0
TGCCATTTCAGATAAA,0
TGCCATTTTGTGGTCT,0
TGCCCAAAAGTAACCT,0
TGCCCAAACTGACCCT,0
TGCCCAACCCAGTGGC,0
TGCCCAACCTAGCATA,0
TGCCCAATAACTTACA,0
TGCCCAATAGATCAGC,0
TGCCCACGGAAGGTCA,0
TGCCCATCAGACAGAG,0
TGCCCATGGGAACAAA,0
TGCCCCAAAATACTTA,0
TGCCCCACATGCGAAC,0
TGCCCCACGTTGTTTA,0
TGCCCCATGAGTTAAC,0
TGCCCCCATCGAAGGA,0
TGCCCCGGGTTCTGAC,0
TGCCCCTGCCACCACA,0
TGCCCGAAGAACTAAG,0
TGCCCGAAGTATACTC,0
TGCCCGGCGCAGGACC,0
TGCCCGTAATACATCA,0
TGCCCGTATGATTAAT,0
TGCCCTAAGTTTAAGA,0
TGCCCTATACTCAAAT,0
TGCCCTCGCAACCAAG,0
TGCCCTGCACGGTTTA,0
TGCCCTTCGCGCGCTA,0
TGCCCTTGCTAAAGAA,0
TGCCGAAACGTAAACA,0
TGCCGAAGCATTGTCT,0
TGCCGACCACCGCACT,0
TGCCGACGTAGAGTAC,0
TGCCGAGCTACCTCAA,0
TGCCGATACCCGTTTG,0
TGCCGATGGGCATAAT,0
TGCCGATTTTTTGTAA,0
TGCCGCCGTGATTAAG,0
TGCCGCCTACACACCC,0
TGCCGCTAGCTATATT,0
TGCCGCTCCTACTCAA,0
TGCCGGATCGACCAAC,0
TGCCGGCTCTAACTTT,0
TGCCGGTATGCAAGAC,0
TGCCGGTTACATAATA,0
TGCCGTATGATAAACT,0
TGCCGTCGATCCTGGG,0
TGCCGTCGGTTGCAAG,0
TGCCGTCGTGACATGT,0
TGCCGTTCCATACGCA,0
TGCCTAAGCACAGTGG,0
TGCCTACCCGACCTCA,0
TGCCTAGAAAGTTCAC,0
TGCCTAGCTCCAACGA,0
TGCCTAGGATTTGAAG,0
TGCCTATAAGCGACAC,0
TGCCTATAAGTAGAAA,0
TGCCTATATATATATG,0
TGCCTATGTATCTACA,0
TGCCTATTTAAGGAAG,0
TGCCTCACTACAACAA,0
TGCCTCATTACAGCCA,0
TGCCTCCCCGTCATTT,0
TGCCTCGCCTTGTGAC,0
TGCCTGATAAGGCCGA,0
TGCCTGCAAATCCAAT,0
TGCCTGCCATTATTGA,0
TGCCTGCCGAGGAAAA,0
TGCCTGCGTGGATGAG,0
TGCCTGGAGCCCTAGT,0
TGCCTGTGGCCACGCA,0
TGCCTGTTTACTAGAC,0
TGCCTTACAAACTACC,0
TGCCTTAGATGGTATA,0
TGCCTTCAATAAATTT,0
TGCCTTCTTCAACCTA,0
TGCCTTGGATTGGAAT,0
TGCCTTGGGAAAATAT,0
TGCCTTGTATCACAGC,0
TGCCTTTACATATGAG,0
TGCCTTTCTAGAAACA,0
TGCCTTTGGGCCGACA,0
TGCGAAAACTCCAGAC,0
TGCGAAAGAAATGCAT,0
TGCGAAAGCATGAAGC,0
TGCGAACAATAAAGGG,0
TGCGAACCCCTAAAAG,0
TGCGAATAGAAACTAT,0
TGCGACAAATCAAACT,0
TGCGACAACCGACAAC,0
TGCGACAATGAAATCA,0
TGCGACACCCAACTCT,0
TGCGACCGTGACAACG,0
TGCGACCTAAAAGAAA,0
TGCGACTGGACGTAGT,0
TGCGAGCGATACAAAT,0
TGCGAGGACTGTCGGA,0
TGCGAGTGCCTGCCAA,0
TGCGATAAAGACCATT,0
TGCGATAAATACTAGG,0
TGCGATACAACGCACG,0
TGCGATATAAAATGAA,0
TGCGATATAACATCAG,0
TGCGATATGCAGGGTG,0
TGCGATCCACCATACC,0
TGCGATCCGGCGCTGG,0
TGCGATGAAAACACAT,0
TGCGATGACAGCCTAC,0
TGCGATGACATACGTT,0
TGCGCAAACATTGTCA,0
TGCGCAGTAGTCCTAA,0
TGCGCATTAAAAACCG,0
TGCGCCAAATATCCGG,0
TGCGCCACTCGCTTTG,0
TGCGCCCATTAGAAGC,0
TGCGCCCATTGACTGA,0
TGCGCCGAACCAATGG,0
TGCGCCTAAATGCACT,0
TGCGCCTCGGGCTGAC,0
TGCGCCTTACCCAGCT,0
TGCGCCTTTGAATGAA,0
TGCGCGACCAACGAAG,0
TGCGCGATAATAACTT,0
TGCGCGGAAATTAGTT,0
TGCGCGTAATTACGAC,0
TGCGCGTAGTAAGCGT,0
TGCGCTAAATATTGCA,0
TGCGCTATACTATTTT,0
TGCGCTATCATAGACT,0
TGCGGAAAATAGCAAT,0
TGCGGAAACTGAGAGT,0
TGCGGAAAGTACTAAT,0
TGCGGAAATTTTCGCA,0
TGCGGAACTGAGCAAT,0
TGCGGAAGCTGAGAAA,0
TGCGGACCTAGAGAGA,0
TGCGGACCTGCTAACG,0
TGCGGAGCCCCCATAA,0
TGCGGAGTGATGTCCC,0
TGCGGCTCAGAAGTAG,0
TGCGGGAGCAAACTAT,0
TGCGGGGCACAACAAA,0
TGCGGGTTATGTACTT,0
TGCGGTAATAACCAAA,0
TGCGGTAATATTGTTA,0
TGCGGTATTCTATTGT,0
TGCGGTGAAAAAACTG,0
TGCGGTTACTGCAAGC,0
TGCGGTTCTTATCGAC,0
TGCGTAAAATACGCAT,0
TGCGTAACCAATAAGT,0
TGCGTACAATAATGAC,0
TGCGTACAATGACCTA,0
TGCGTACCCTAAATAA,0
TGCGTACCCTCATACA,0
TGCGTACTAAAAGGAT,0
TGCGTACTCAGGCACA,0
TGCGTAGTATTATTCC,0
TGCGTATAAGTCCACT,0
TGCGTATAGATAGGAG,0
TGCGTCAACCAAATGT,0
TGCGTCCGCCTACAGC,0
TGCGTGAACCCAAGAG,0
TGCGTGAGACTGTAAG,0
TGCGTGGCTTGGTGCA,0
TGCGTGGTGCATGAAA,0
TGCGTTACCTCGGGCA,0
TGCGTTGAAAATACTA,0
TGCGTTGCGAAGAGTA,0
TGCGTTTAAACAAATA,0
TGCGTTTCTCACATCA,0
TGCTAAAAAATGGACG,0
TGCTAAAACCCCATCA,0
TGCTAAAAGGGGGTTT,0
TGCTAAAATTGATAAT,0
TGCTAAACATATATTC,0
TGCTAAAGAGATTTCT,0
TGCTAAAGATGTAGGA,0
TGCTAAAGGAATTGCA,0
TGCTAAAGGGGGGTTC,0
TGCTAAAGTCCTACGA,0
TGCTAACAAACTTATC,0
TGCTAACAACATCCAC,0
TGCTAACACGAAATTA,0
TGCTAACCCTCGAAGA,0
TGCTAAGGTAGACACG,0
TGCTAATAGTACTAGA,0
TGCTAATCCCTCATCG,0
TGCTAATGGTTCGGGG,0
TGCTAATGTACTCTCT,0
TGCTAATTGATAAGAC,0
TGCTAATTTACTTAAC,0
TGCTACAACAAAGATC,0
TGCTACCTGAAACTAT,0
TGCTAGAAAACTTTTA,0
TGCTAGAATGACTATT,0
TGCTAGCCAACCCCAT,0
TGCTAGCTGACATTAC,0
TGCTAGCTTTGTCAAA,0
TGCTAGGACAGCAATA,0
TGCTAGGAGACACTCA,0
TGCTAGGTACACTCAC,0
TGCTAGTAATAGGACA,0
TGCTAGTACCCATGCA,0
TGCTAGTTTGATAATT,0
TGCTATAACATAACGA,0
TGCTATAATATTTGGT,0
TGCTATACGATTCCTC,0
TGCTATAGATGTTCAT,0
TGCTATAGGTGTCAAA,0
TGCTATCAGCAAAAGG,0
TGCTATCATTTCAAAA,0
TGCTATGGTTGGACCT,0
TGCTATTAACCGATAG,0
TGCTATTACTGATGAC,0
TGCTATTCAAAATGAC,0
TGCTCAACATATAAGC,0
TGCTCAATCCGCAAAG,0
TGCTCACAATGAACTG,0
TGCTCACACTACGTTA,0
TGCTCAGCACTAAATA,0
TGCTCAGTAAGAAAAG,0
TGCTCATCCCCGGCTA,0
TGCTCCAAAATGTCCG,0
TGCTCCAAACTCAAAC,0
TGCTCCAATTGTTGAT,0
TGCTCCAGTTTGGTAA,0
TGCTCCCATATTTAGC,0
TGCTCCCGGCTCGCGC,0
TGCTCCGCGGACAGTT,0
TGCTCGAATGCCAGAC,0
TGCTCGCGCCTAGCCA,0
TGCTCTAACGTTACCT,0
TGCTCTAAGCCATATA,0
TGCTCTCAAGGCATCT,0
TGCTCTCAGAAATACA,0
TGCTCTCCCTGCGAGC,0
TGCTCTGGAAAAGCCC,0
TGCTCTTACACCGGAT,0
TGCTGAAAAAATCACA,0
TGCTGAAACACCGAAA,0
TGCTGAAAGAAAAAAA,0
TGCTGAAATTATAGTA,0
TGCTGAATGAAACATA,0
TGCTGACCCTACAACG,0
TGCTGACGATTTATAG,0
TGCTGATAAGATCTGG,0
TGCTGATAATCGATAT,0
TGCTGCCTGAGGCTGC,0
TGCTGCTAGTGTATCG,0
TGCTGGAAAGTACCTT,0
TGCTGGACACCTCACG,0
TGCTGGATATCCCTTA,0
TGCTGGCCGCAAGGTA,0
TGCTGGGCAAAAGGCG,0
TGCTGGTTCTAACTTA,0
TGCTGTATGAGTACTT,0
TGCTGTATTCAGATAC,0
TGCTGTCACACATTGA,0
TGCTGTCCAATTCATA,0
TGCTGTCCTACACTTG,0
TGCTGTCGCCTATACC,0
TGCTGTTAATCCCAGT,0
TGCTGTTACATGAGCC,0
TGCTGTTAGATTAAAC,0
TGCTTAAAAAGTCTAA,0
TGCTTAATAATATCCA,0
TGCTTACATAGTGTTC,0
TGCTTACGTATATGAG,0
TGCTTAGCAAAGGCAC,0
TGCTTAGGCATTCACC,0
TGCTTAGTACTTAAGA,0
TGCTTAGTATTAAAAA,0
TGCTTAGTCGTTCGGG,0
TGCTTATCCGATAGTT,0
TGCTTATTGCCCTTTT,0
TGCTTCAAGAAATGCG,0
TGCTTCAAGGTTGAAG,0
TGCTTCACAGCCGTCT,0
TGCTTCATCAAACGGT,0
TGCTTCATTAGGCAAA,0
TGCTTCGAACTATGTC,0
TGCTTCGCAGGGATCC,0
TGCTTCTATCTTCATA,0
TGCTTCTGAACATGAA,0
TGCTTCTTTTATGGGA,0
TGCTTGAACGCAATCA,0
TGCTTGACGCCTCGCA,0
TGCTTGATACAATGAG,0
TGCTTGATTGTGTCAT,0
TGCTTGGCAACCACCC,0
TGCTTGGTCCCGAAAA,0
TGCTTTACGCTTAACT,0
TGCTTTCTGAGAGCTA,0
TGCTTTGTGCCAACTC,0
TGCTTTTCTAAGCCTG,0
TGGAAAAAGTAACACA,0
TGGAAAAATATGATTG,0
TGGAAAACTGCAGCAA,0
TGGAAAAGAATTGAGT,0
TGGAAAATACATTAGC,0
TGGAAAATCCTATAAC,0
TGGAAAATGGATTTAA,0
TGGAAACAAGTGGAAG,0
TGGAAATAAATAACGA,0
TGGAAATAGGTACGCT,0
TGGAAATAGGTCACGC,0
TGGAAATATCAGAAAA,0
TGGAAATCTCCCTCGT,0
TGGAAATGGTCAGTCC,0
TGGAAATTAAAACATA,0
TGGAACAAAAAGCCGC,0
TGGAACAAATACCAGT,0
TGGAACAAGTGGTGGG,0
TGGAACAGTTTCGAGA,0
TGGAACATTACTGCTG,0
TGGAACATTCCGCCGG,0
TGGAACCCGGAAAGTC,0
TGGAACCCTATACTAG,0
TGGAACCTTATAGGAG,0
TGGAACCTTTTGACGG,0
TGGAACGACCAAACCA,0
TGGAACGATAAATACG,0
TGGAACGTATAGTTAC,0
TGGAACTAAACATCAC,0
TGGAACTAAAGTTATA,0
TGGAACTCTCGCAACT,0
TGGAACTGCAGTTAAT,0
TGGAACTTAAAATAGA,0
TGGAACTTTCTTTGCC,0
TGGAAGAAATCCTAGA,0
TGGAAGAAATGTACAG,0
TGGAAGAATGGGTCAC,0
TGGAAGAGAATTACTC,0
TGGAAGCCAAACCATG,0
TGGAAGCCTCGCTACT,0
TGGAAGCTGGTAATCT,0
TGGAAGGCATCTCATC,0
TGGAAGTAACGAGTGG,0
TGGAAGTACACCCAAA,0
TGGAATAAACCACCGT,0
TGGAATACATTCGACC,0
TGGAATACTAATTTAT,0
TGGAATACTTAACGGG,0
TGGAATAGGGTACTAT,0
TGGAATATAATTAGAG,0
TGGAATATCTAAAATG,0
TGGAATATCTTATTTA,0
TGGAATCGCCTTAATA,0
TGGAATCTCGCTAAAA,0
TGGAATCTCGCTAGAA,0
TGGAATGCTACTGAAC,0
TGGAATGCTAGTGTAA,0
TGGAATGGCCCTACAT,0
TGGAATGGCGAAGGTC,0
TGGAATGTACTACGCC,0
TGGAATGTTAGCTAAA,0
TGGAATTAAAAAGCAA,0
TGGAATTAATACTATA,0
TGGAATTGGACTAGGC,0
TGGAATTTAAGACTTG,0
TGGAATTTTTGGATAA,0
TGGACAAAACTGGTTA,0
TGGACAAAGATCTATT,0
TGGACAAATCAGAAAC,0
TGGACAACAGGAGAAT,0
TGGACAACGGAAGAAC,0
TGGACAATGTCTTATT,0
TGGACACAATACTATA,0
TGGACACAGTTACAAA,0
TGGACACGCAAGGACA,0
TGGACAGGCACACTAA,0
TGGACAGGCCAGATAC,0
TGGACAGTTACTGTCC,0
TGGACATAAATGCGCC,0
TGGACATATGTTAGAT,0
TGGACATCAACCACCG,0
TGGACATCAAGCCGGG,0
TGGACATCTTTGTTCG,0
TGGACATGATGCAAAA,0
TGGACCAACACTAAAA,0
TGGACCATCACGTTTC,0
TGGACCCATGCCCTAC,0
TGGACCCCTGAGCCCT,0
TGGACCGGACGTGTAC,0
TGGACCGTAAGGGTTA,0
TGGACCTAAATCATCA,0
TGGACCTCGGGTCATG,0
TGGACGAACCACCGTT,0
TGGACGACATTTTAGC,0
TGGACGCGAAAGCCAA,0
TGGACGGATGCATCCA,0
TGGACGGCCAATGCTG,0
TGGACGGTAAATGGTC,0
TGGACGGTTGAACGAA,0
TGGACTAACCCCGATA,0
TGGACTAATGGTTACT,0
TGGACTAGAGTAAGTT,0
TGGACTATATTTAGGG,0
TGGACTCGAAAACCTG,0
TGGACTCGAACACAAT,0
TGGACTGACCCTTTGA,0
TGGACTTAAAAACTGA,0
TGGAGAGTTCACTAAT,0
TGGAGATATGCTGTCC,0
TGGAGATGAAAGGGTA,0
TGGAGCAAACTTAAAA,0
TGGAGCATACTGGTGC,0
TGGAGCCGGTAGCTAT,0
TGGAGCGTCAAAGTCT,0
TGGAGCTTATCACAAA,0
TGGAGGCGTTTAGCTA,0
TGGAGGGACTGCTTGG,0
TGGAGTAGCGACCTTC,0
TGGAGTCAGTATGGCT,0
TGGAGTCGTATCCTCT,0
TGGAGTCTAAATTATG,0
TGGAGTGAAACTTTCC,0
TGGAGTGCATATAAGG,0
TGGAGTGGAACCCCGT,0
TGGAGTTGTACAATCA,0
TGGAGTTTCACCGTCT,0
TGGATAATAACGAGAA,0
TGGATACATAATACTG,0
TGGATACCTACTAGGG,0
TGGATAGAGAATTGTT,0
TGGATATATCACTACG,0
TGGATATCTAATGCAG,0
TGGATATTGAAACATA,0
TGGATCAAAGTTACCA,0
TGGATCAATTTAAAAA,0
TGGATCACTTCGTGAT,0
TGGATCATAAGGTTAA,0
TGGATGTAGTCCTTTG,0
TGGATGTGAGACAATG,0
TGGATTAGTACGCCCA,0
TGGATTATTGCATTTT,0
TGGATTTGAACACGAA,0
TGGCAAAAATTACGAA,0
TGGCAAAAATTGCTTA,0
TGGCAAAAGTCACCAA,0
TGGCAAACATCCAGAT,0
TGGCAACAGCTACATA,0
TGGCAACCTATTGTAC,0
TGGCAACTAGACCCGG,0
TGGCAAGAAAAGTAGC,0
TGGCAAGTAATGGACT,0
TGGCAATATCTGAACA,0
TGGCAATCAATTATAC,0
TGGCACAAAAGTGCGG,0
TGGCACAAACCCCCCG,0
TGGCACAACCAAAATT,0
TGGCACAATCGTGCAA,0
TGGCACACATCACAAG,0
TGGCACAGATATCACA,0
TGGCACATCCAAAAGT,0
TGGCACATGCGAATTG,0
TGGCACCAATTTGGTA,0
TGGCACCCATCACCTA,0
TGGCACTAAGCCGAAC,0
TGGCAGACTTACTATC,0
TGGCAGATCGTTCATT,0
TGGCAGCGCTCACCCC,0
TGGCAGGGTGTCCACG,0
TGGCAGTAAAGGTTAC,0
TGGCAGTACAAACAAG,0
TGGCAGTAGAATAGAT,0
TGGCATAACAATGCAA,0
TGGCATAATTTTAAAC,0
TGGCATACCTTTATCA,0
TGGCATACTTAAAAGA,0
TGGCATCAAAAGATAA,0
TGGCATCTTTACGCAA,0
TGGCCAAAAAAGTCCG,0
TGGCCAAACAACAAAA,0
TGGCCATACAAAGATA,0
TGGCCATCCGAAGTAT,0
TGGCCCCATAACATAT,0
TGGCCCCCGCTTTCAA,0
TGGCCCCTAACGGATT,0
TGGCCCCTGTGAATTC,0
TGGCCCTAAACTAAGC,0
TGGCCCTTAACTATTA,0
TGGCCGTAAAATTATC,0
TGGCCGTGACAATCTG,0
TGGCCGTGTCACAAAT,0
TGGCCGTTCTGTATCT,0
TGGCCTAGCAACACTG,0
TGGCCTAGGCGAGTCC,0
TGGCCTGTACATTTAA,0
TGGCGAATGTAGAGAA,0
TGGCGACTCGTTCCAA,0
TGGCGATATAGGAATA,0
TGGCGCAATACATGCA,0
TGGCGCATACTCGATG,0
TGGCGCCGCAGAAAGT,0
TGGCGCCTGTCGTATG,0
TGGCGCTTCCTTTCTT,0
TGGCGGAGAGTCATAT,0
TGGCGGTTTCACGGAC,0
TGGCGTATTAACGCCG,0
TGGCGTCATATATCCC,0
TGGCGTGATTGATTCG,0
TGGCGTGCCCAAAATC,0
TGGCGTTAACTGAGTA,0
TGGCTAAAAGACGTCA,0
TGGCTAACACATCCAG,0
TGGCTAACAGACCAGG,0
TGGCTAAGAGCCTCTG,0
TGGCTAATAACATCCG,0
TGGCTACAGTGCGTAT,0
TGGCTACATACATAAA,0
TGGCTACATTTCCAAA,0
TGGCTACTACCATTAG,0
TGGCTAGAAAGTAGGT,0
TGGCTAGCATGTCAGA,0
TGGCTAGTACACAAAT,0
TGGCTATATAGCCCAA,0
TGGCTCATACGAAAAC,0
TGGCTCATCGTAGCCT,0
TGGCTGAAGAATTGCT,0
TGGCTGACCGTTGCGG,0
TGGCTGGAAGCAACGA,0
TGGCTGTCCCCTCCAG,0
TGGCTTACGAATATAC,0
TGGCTTAGTCCGTGTC,0
TGGCTTCAACTTACCC,0
TGGCTTGCCAAGATTA,0
TGGCTTTGTACCATGC,0
TGGGAAAAAATATTGT,0
TGGGAAAAATAACTTA,0
TGGGAACACAAGCCAT,0
TGGGAACCTGTACAAT,0
TGGGAACTCTAATAGC,0
TGGGAATATGCGATTT,0
TGGGAATTACACATGA,0
TGGGAATTCCGGAATT,0
TGGGACATAGGAAGAA,0
TGGGACCGTAACTAAC,0
TGGGACCTCACAACTA,0
TGGGACGCGCTATTGA,0
TGGGACGTACCCGTAA,0
TGGGACTCAACAACCA,0
TGGGACTTAACCTAAA,0
TGGGACTTTATTTTAA,0
TGGGAGAACAATGCAA,0
TGGGAGAACAGATTGC,0
TGGGAGCGTCACTGCC,0
TGGGAGGGCATGTCGA,0
TGGGAGTCGGAATATA,0
TGGGATAAAAAAAGTT,0
TGGGATAAATTTAGAA,0
TGGGATAACCAAAAGG,0
TGGGATAATAGAGCTA,0
TGGGATAATTAATCGG,0
TGGGATACTACACTTT,0
TGGGATAGAATATCAA,0
TGGGATAGACAGGCAA,0
TGGGATAGTAAATTGC,0
TGGGATAGTTGGGAGT,0
TGGGATATGTATAAAA,0
TGGGATCCTAAAGAGA,0
TGGGATTATACGGCTC,0
TGGGCAAAAACATCAG,0
TGGGCAACTTGCAAAT,0
TGGGCAATTGGGGGGA,0
TGGGCACAAACATGTT,0
TGGGCACCCCGCTACT,0
TGGGCACTATACTGCC,0
TGGGCATCGAGTAGTT,0
TGGGCCATGTAGAAGA,0
TGGGCCTGCAAACCTT,0
TGGGCGCATTAAAAAA,0
TGGGCGGGACTAATGA,0
TGGGCGTGGATGGTGG,0
TGGGCTTCAAATTCTT,0
TGGGCTTCACCCGCGG,0
TGGGCTTGCTTAGTTA,0
TGGGGAACATGCATAG,0
TGGGGAACTGTTCAAC,0
TGGGGAGTATTTAAGT,0
TGGGGCAACTAATCGC,0
TGGGGCAGGAATGGAT,0
TGGGGGCAACCAATAC,0
TGGGGGCCCTGTTGAT,0
TGGGGGCGTAACATTG,0
TGGGGGGTAAGTCATT,0
TGGGGTAATTCGAACA,0
TGGGTAAAAGAGAAAC,0
TGGGTAAACCTCGAAT,0
TGGGTAAAGGTACAAC,0
TGGGTAAATATCACTA,0
TGGGTAACTTTCCATA,0
TGGGTAATAATCTAAC,0
TGGGTAATTCAAGTCA,0
TGGGTACCTACATCAT,0
TGGGTACGTGCATACC,0
TGGGTATATGCTAGGA,0
TGGGTATCACATGCCC,0
TGGGTATCCTCCTATA,0
TGGGTATCGAGATCAT,0
TGGGTATGAAGAGCTA,0
TGGGTATTGCAAAAGG,0
TGGGTGAAAAGTCCAC,0
TGGGTGAGGTTCACGG,0
TGGGTGCCAAATTGAT,0
TGGGTGCTCGAGCCAT,0
TGGGTGTTAATTGGAA,0
TGGGTTACAATGCTAA,0
TGGGTTACGCCACAAT,0
TGGGTTCAATAGACGT,0
TGGGTTCACAATTCCT,0
TGGGTTCTACTCCTCT,0
TGGGTTGGATTACCAT,0
TGGGTTGTAATACTAG,0
TGGTAAAAAAGACTCA,0
TGGTAAAAACTAAAAA,0
TGGTAAAACATAGAGG,0
TGGTAAACAATTGACA,0
TGGTAAACTCATCAAG,0
TGGTAAACTTCTACAA,0
TGGTAAAGCAAGAGTT,0
TGGTAAATCTATAATG,0
TGGTAACAAGAGCAAA,0
TGGTAACAGATGTAAT,0
TGGTAACAGCGTCTAT,0
TGGTAACCGAACGCCG,0
TGGTAACGTTAATATA,0
TGGTAACTATTATTCT,0
TGGTAATATTAAACAA,0
TGGTAATCATAAATAT,0
TGGTAATCTAGTCAAT,0
TGGTACATAAGGTTAT,0
TGGTACCCTTGCTAGC,0
TGGTACGTGGATACCA,0
TGGTACTCGTCCTGAG,0
TGGTAGACGAAAATGG,0
TGGTAGAGCAGAAAGC,0
TGGTAGAGCCTACTAT,0
TGGTAGCCCTACACAA,0
TGGTAGCTTGTGTAGA,0
TGGTAGTAAATACGTT,0
TGGTAGTAGAGCTCCC,0
TGGTAGTTGAGAGCCC,0
TGGTATAGGCAAGAAA,0
TGGTATAGGTGATTGA,0
TGGTATATACCCAGTC,0
TGGTATCGACAGACAT,0
TGGTATCGTCCAATAC,0
TGGTATCTGCGAACCC,0
TGGTATTAACTATAAG,0
TGGTATTACATAAAAC,0
TGGTATTAGAGCATCA,0
TGGTATTGTAATGAGT,0
TGGTCAAAAATTAAAT,0
TGGTCAAAACCCAACG,0
TGGTCAACTCATGTAA,0
TGGTCAATGAACTGAG,0
TGGTCACTTAGTGTGT,0
TGGTCATCATAAAAGC,0
TGGTCCCTTACAGTAG,0
TGGTCCGAGAGCACTT,0
TGGTCCGGCCATACAC,0
TGGTCCTATAAACACT,0
TGGTCCTATAGTTTGA,0
TGGTCGACCAACGACC,0
TGGTCGAGCTCTCATA,0
TGGTCGATATATACAC,0
TGGTCGATTAGTCCTC,0
TGGTCGGTCGTAAATA,0
TGGTCGTTAACCGAAA,0
TGGTCTAAATCTCATC,0
TGGTCTAATACTATCT,0
TGGTCTCGATGGAGGC,0
TGGTCTCTTTCCGAAT,0
TGGTCTGAGCGTTTTC,0
TGGTCTTAAATCGAAT,0
TGGTGAAAATCTAAGC,0
TGGTGAATATAAACTC,0
TGGTGACTAATCCGTC,0
TGGTGAGGTGTAAAGT,0
TGGTGATCGATCTGAA,0
TGGTGATTAATAACAT,0
TGGTGCAGACTGCGTC,0
TGGTGCATAAATCAAA,0
TGGTGGAAAAGCCCGT,0
TGGTGGACATCGATAT,0
TGGTGGATATTTCTAT,0
TGGTGGGACTCAAGCC,0
TGGTGGGCCGAATACA,0
TGGTGGGTGACTCAAT,0
TGGTGGTTATTTCTTT,0
TGGTGTCTATCTATCA,0
TGGTTAAGATGAGGAT,0
TGGTTAAGCCATCCAT,0
TGGTTACATGTCAACG,0
TGGTTATACTAAAGGC,0
TGGTTCAGTCAATTAT,0
TGGTTCATTAAGCATT,0
TGGTTCTAGCAAAGAA,0
TGGTTCTTAATTATAA,0
TGGTTGACACCGGTCC,0
TGGTTGAGTACGACCA,0
TGGTTGGAGCAAAGGC,0
TGGTTGGAGCGTTACA,0
TGGTTGGTATGACTGA,0
TGGTTGTCCCCAACAC,0
TGGTTGTCTAACAGAT,0
TGGTTTAAGCAACAAT,0
TGGTTTACATCACAAG,0
TGGTTTAGACAGAATA,0
TGGTTTAGGGACCATG,0
TGGTTTAGTAGAACTC,0
TGGTTTAGTCTAAAAT,0
TGGTTTCCCTAGCGAG,0
TGGTTTGCCGCACTGT,0
TGGTTTTCATTACCAC,0
TGTAAAACATTTCGCC,0
TGTAAAACCCAAAAAC,0
TGTAAAACGTCGAGAC,0
TGTAAAACTTTACCTA,0
TGTAAAAGGCAGCTAG,0
TGTAAAAGTAACCGAA,0
TGTAAAATAACGCGTG,0
TGTAAAATGTTTGCCA,0
TGTAAACAATCTGTTA,0
TGTAAACAGTGTATCA,0
TGTAAACCAAAGGCGC,0
TGTAAACCCACTAAGT,0
TGTAAACCGAAAAATT,0
TGTAAACCGAGTCGAC,0
TGTAAACGAAATTTAT,0
TGTAAACGTAGAGAGG,0
TGTAAACTACTCATTC,0
TGTAAAGCACTCAAAA,0
TGTAAAGCTGGTTGCT,0
TGTAAAGGACATCTAG,0
TGTAAAGGGTAATGTA,0
TGTAAATAGTTTATTT,0
TGTAAATCTAACTATT,0
TGTAAATGAATACGTA,0
TGTAAATTTAAAACAC,0
TGTAACACATGTCGCA,0
TGTAACAGAAACAATT,0
TGTAACATCCTATTAA,0
TGTAACCCAAACCTTT,0
TGTAACCTAAATAGCG,0
TGTAACCTAACTATAA,0
TGTAACCTCAAAAAAA,0
TGTAACGCAATGCACT,0
TGTAACGTAAGCGGAG,0
TGTAACTATAGAATAG,0
TGTAACTATTCGCACA,0
TGTAACTCTCCATTCG,0
TGTAACTGGAGAATGA,0
TGTAAGACGTTTGAAA,0
TGTAAGATTGGTAGGC,0
TGTAAGCACCAACGAG,0
TGTAAGCTTTAGTGGC,0
TGTAAGGCGTAAAATA,0
TGTAAGGGTGGAGATC,0
TGTAAGTAAGAGCAAG,0
TGTAAGTCCTACAGAG,0
TGTAATAACTCTCTTT,0
TGTAATACCTAAAGTC,0
TGTAATAGACCTTAAT,0
TGTAATCAAAACAGAT,0
TGTAATCAAGTCCTAC,0
TGTAATCAATATTAAA,0
TGTAATCATAAGATTT,0
TGTAATCTCTCTGATA,0
TGTAATGAGCACAAAC,0
TGTAATGCCCTATCGC,0
TGTAATGGGAAACATT,0
TGTAATGGTCCGATTT,0
TGTAATGTTTGTCAAT,0
TGTAATTATACGGGTC,0
TGTAATTTATACAACC,0
TGTAATTTTACAAACA,0
TGTACAAAAGGTGGAA,0
TGTACAAAATATAGTC,0
TGTACAAACATCCCAC,0
TGTACAAATTTAAATA,0
TGTACAACAACATAAA,0
TGTACAACTCACCCAT,0
TGTACAATATCCATGT,0
TGTACAATCCTGGATA,0
TGTACAATCTTTGGCA,0
TGTACACACTTGCTAG,0
TGTACACCTGACGATC,0
TGTACACTTACACAAC,0
TGTACAGAAAAAACAA,0
TGTACAGAAAGCATGC,0
TGTACAGACAAGTCCG,0
TGTACAGAGCCATACA,0
TGTACATCGCAACATA,0
TGTACATGATATACGA,0
TGTACATGGATGACAA,0
TGTACATTAATACTCA,0
TGTACATTCAATTGAC,0
TGTACATTCGCACAAA,0
TGTACATTTCATCGCT,0
TGTACCAACAACCACG,0
TGTACCAAGACTTAAA,0
TGTACCACCCTCGGCA,0
TGTACCACTAATATTA,0
TGTACCAGTTTCATGA,0
TGTACCATGAAAAGAA,0
TGTACCATTGAACAGT,0
TGTACCCAACCCGAAC,0
TGTACCCCAGGCAAAT,0
TGTACCCTAAACTATA,0
TGTACCCTTTATAAAT,0
TGTACCGATAGACTAG,0
TGTACCGCCAAATATA,0
TGTACCTGTACCTAAA,0
TGTACCTGTGTATTCA,0
TGTACCTTGAAACGCG,0
TGTACGAATGTGTGTT,0
TGTACGATAAACGTGA,0
TGTACGATACTATCAT,0
TGTACGCGAAATAAGT,0
TGTACGCGTGATCGAC,0
TGTACGGCTTCCACAC,0
TGTACGGTAAAATAAC,0
TGTACGGTATTCAGAT,0
TGTACGGTTCAAATAA,0
TGTACGGTTGTGCTTA,0
TGTACGTATGACGAGT,0
TGTACGTCCCGCTCAA,0
TGTACTAAAATTCAGA,0
TGTACTAATCATCCGT,0
TGTACTACAATCATAT,0
TGTACTATACGAGTAG,0
TGTACTATGGATAGAT,0
TGTACTCATATGAAAG,0
TGTACTCGCCTCTCTC,0
TGTACTGAAATTTCAC,0
TGTACTGACCCTTTTA,0
TGTACTTAAAGCATAA,0
TGTACTTACCCACTCC,0
TGTAGAACCGGCAGCC,0
TGTAGAATACTTGAAA,0
TGTAGACAAGAATATT,0
TGTAGACAGAATTTGT,0
TGTAGACTGCTATGCT,0
TGTAGAGACGTAGTGT,0
TGTAGAGCCTACCAAC,0
TGTAGAGTAACTGTAA,0
TGTAGATAAATCACTA,0
TGTAGATTGCACGGAA,0
TGTAGATTGGAGCCCT,0
TGTAGCCAAACAAACA,0
TGTAGCTAAATGCTAA,0
TGTAGGATATGCTGTG,0
TGTAGTAGCCACCTGT,0
TGTAGTATCCCGTACA,0
TGTAGTCAGTGCCGTA,0
TGTAGTTATAGGCTAA,0
TGTAGTTGACCCTACT,0
TGTAGTTTAAGTGTAC,0
TGTAGTTTATGGCATA,0
TGTATAAAATAATTTG,0
TGTATAAACAACATGA,0
TGTATAAATAGTGCCC,0
TGTATAACCTTCACCA,0
TGTATAACGTAACCGT,0
TGTATAACTATTTTAA,0
TGTATAACTTACTCAA,0
TGTATAATTATAACAG,0
TGTATACATACCAGTA,0
TGTATACCTGATAACC,0
TGTATACGAGCCACAA,0
TGTATAGCGCTTACTA,0
TGTATAGGCACATCAA,0
TGTATATAACCACTAT,0
TGTATATACTTGTAGA,0
TGTATATCCAGTACAG,0
TGTATATTATGTTCTC,0
TGTATATTCTTCTCGA,0
TGTATCATATGGAGTG,0
TGTATCATATTCTTAA,0
TGTATCCACTATTAGC,0
TGTATCCTCGACCTAT,0
TGTATCGAACTGAAAA,0
TGTATCGACTTCGCCG,0
TGTATCTGAGTTGACT,0
TGTATGAAATAGATGT,0
TGTATGAACCAGAGCG,0
TGTATGAATAAATCAT,0
TGTATGATTCCGCAGA,0
TGTATGGCAGTATACA,0
TGTATGGGAACCAACA,0
TGTATGGTAAACCCCG,0
TGTATGTAGCAAAATG,0
TGTATGTATATACCCC,0
TGTATTAATTGCATGA,0
TGTATTCAGGCCTTAA,0
TGTATTCTTTCGAGTG,0
TGTATTGTATAAGGAG,0
TGTATTTATGTATACC,0
TGTCAAAAAAAAAAGA,0
TGTCAAAAATGCCATC,0
TGTCAAAACGAAGACC,0
TGTCAAAAGAGATCGT,0
TGTCAAAATGTTGGCA,0
TGTCAAACATGTGGCA,0
TGTCAAATTATAACCT,0
TGTCAACCAGAGACGT,0
TGTCAACGTAATCCTA,0
TGTCAACTTAAATGGA,0
TGTCAAGAAAAAGCCT,0
TGTCAAGCAATTTATT,0
TGTCAAGCCTAGGGAG,0
TGTCAAGTAATACGTA,0
TGTCAATAAGATAGAA,0
TGTCAATGTGCAAGAA,0
TGTCACAAATCGGTAT,0
TGTCACACATTTACGT,0
TGTCACCAATTCTATA,0
TGTCACCAGTACTTAC,0
TGTCACGATAAGTCGA,0
TGTCACTATAATGCCC,0
TGTCAGAAAAATTCCT,0
TGTCAGAAACGTCGAT,0
TGTCAGAACAGGAAAA,0
TGTCAGAAGCATTATC,0
TGTCAGAGAATGTTCG,0
TGTCAGATATAGCTTT,0
TGTCAGGCTGTATATA,0
TGTCAGGGTATGGTTC,0
TGTCATACGCATCGAT,0
TGTCATAGGCCCTCCG,0
TGTCATAGTCAAGTAA,0
TGTCATAGTCGGACCC,0
TGTCATATCCTTAAGT,0
TGTCATCACTCCAGGC,0
TGTCATCATCATTAAA,0
TGTCATCCCCTCCTAC,0
TGTCATCGGAATAAAT,0
TGTCATGAACCCAAAA,0
TGTCATTAGGAAATCA,0
TGTCATTGACCCCGGG,0
TGTCATTGCCAAACAA,0
TGTCCAAAACATTAAA,0
TGTCCAAAACTACACC,0
TGTCCAAACACAATGC,0
TGTCCAAGGTCATTAC,0
TGTCCAATAAGCAAAA,0
TGTCCACCCCATTACG,0
TGTCCACTAACTCTCG,0
TGTCCAGAATAAGGAT,0
TGTCCAGCAACAAGAT,0
TGTCCCAGCTTTAAAG,0
TGTCCCGCCAGTGATC,0
TGTCCGAACCACTACA,0
TGTCCGCTAAACAATT,0
TGTCCGCTTCATTTAA,0
TGTCCTACCGCTGAAA,0
TGTCCTACGCGGCAAA,0
TGTCCTATAAAATCGC,0
TGTCCTCAGAGATAGC,0
TGTCCTCCGATACGGG,0
TGTCCTGGTACAGGCG,0
TGTCCTGTACAAATAG,0
TGTCCTGTCATATGAG,0
TGTCCTTACGAAACGT,0
TGTCCTTAGTAACCGG,0
TGTCCTTTTATAGGAA,0
TGTCGAAAGGTGAAAA,0
TGTCGAAATCACATTA,0
TGTCGAACATAGTTCT,0
TGTCGAACCCACACAA,0
TGTCGAACTGCTAAGT,0
TGTCGACCTGATGGAC,0
TGTCGACTACACTGTG,0
TGTCGACTCACAATCA,0
TGTCGAGAAATCCCCA,0
TGTCGATAAGAACTCA,0
TGTCGATAGAATCAGG,0
TGTCGATAGCATACAA,0
TGTCGCAATTGAAAAT,0
TGTCGCACACGATATG,0
TGTCGCGTGAAATACC,0
TGTCGCTAACAAACAC,0
TGTCGCTAATTACTTA,0
TGTCGCTGAATCTGAA,0
TGTCGCTGATGGACTT,0
TGTCGGAAAACTGACA,0
TGTCGGAGTTTTAACA,0
TGTCGTAATAGGCCCA,0
TGTCGTAGACCAATAT,0
TGTCGTCCTGATGCGA,0
TGTCGTCGAACCTAAG,0
TGTCGTCTTTTAAAGC,0
TGTCTAAATCCGTAAA,0
TGTCTAACAACCTAAA,0
TGTCTAACACTGTCAG,0
TGTCTAATCCAAGTCC,0
TGTCTACAATGCGGCG,0
TGTCTACCTCGATATG,0
TGTCTACCTTACGCTG,0
TGTCTACGCAATGAGT,0
TGTCTACGTAGTTTAT,0
TGTCTACTTATGAATT,0
TGTCTAGCCCGTACCG,0
TGTCTAGTCCAGACCA,0
TGTCTAGTCCGTAAAG,0
TGTCTATACCAAGGAG,0
TGTCTCAGATTCAGGC,0
TGTCTCCAATAGCGAT,0
TGTCTCGTCCATACGT,0
TGTCTGATCATACTGC,0
TGTCTGGCCAGGGGAC,0
TGTCTGGGCTAACAAA,0
TGTCTGTCATGTCAGA,0
TGTCTTAGGAACGTGA,0
TGTCTTCCTTACAGGA,0
TGTCTTGTCATCCCCT,0
TGTCTTTATGAATTAA,0
TGTCTTTGAAAACTGC,0
TGTGAAAAAACATAAA,0
TGTGAAAGCCCCTTAC,0
TGTGAAATCAGTCTTT,0
TGTGAAATGAGAAGGT,0
TGTGAAGGACGCAAAA,0
TGTGAAGGCCGACAGA,0
TGTGAATAAACAGATT,0
TGTGAATAGGTACATT,0
TGTGAATCACTACGCT,0
TGTGAATTATTTATAA,0
TGTGAATTCAACTAAT,0
TGTGACAACAACACCT,0
TGTGACAACCGTTAAC,0
TGTGACACAACCCTTG,0
TGTGACCCAAATAGAA,0
TGTGACCTAAGTTGAT,0
TGTGACGCTTTCGATG,0
TGTGACTAACCAGCGG,0
TGTGACTAGCGAGAAG,0
TGTGACTATCTTCTAT,0
TGTGAGGATAATATGT,0
TGTGAGGGTGCGATAC,0
TGTGAGTAAACGAAGC,0
TGTGATAAACACTAAC,0
TGTGATAAGCGTAGCC,0
TGTGATACAACGAAAG,0
TGTGATAGGTTACTAA,0
TGTGATATATAGCAAT,0
TGTGATCGCAAGAGAC,0
TGTGATCTCAAAGATG,0
TGTGATTAACATCCAA,0
TGTGATTATCCAATCA,0
TGTGATTCCGTATAGG,0
TGTGATTTGAATAATC,0
TGTGATTTTTAAGATC,0
TGTGCAAGTGTTTGTA,0
TGTGCACATTACATAA,0
TGTGCAGACAAAAGGG,0
TGTGCATATTCTTGAA,0
TGTGCATTCCTTCCAT,0
TGTGCATTGAACATAA,0
TGTGCCACAACTTTTA,0
TGTGCCACAATCATAA,0
TGTGCCACCCTGGCGC,0
TGTGCCATGGATTACA,0
TGTGCCCAAATAGGGC,0
TGTGCCCTAAACAAGC,0
TGTGCCGTAGGATCTA,0
TGTGCCTAAAGAGCAA,0
TGTGCGAACCTCTCGT,0
TGTGCGAGTTAGTTAA,0
TGTGCGGTTGCGGCAG,0
TGTGCGTTATGAATAG,0
TGTGCGTTGCTTTCCA,0
TGTGCTACACATTGTT,0
TGTGCTATAAAGGCAG,0
TGTGCTCACTATTATC,0
TGTGCTCCACCGCAAT,0
TGTGCTCGGACATTAA,0
TGTGCTTAGCGCAATT,0
TGTGCTTTCAAAATGG,0
TGTGGAAAAGTTGTAA,0
TGTGGAAAATTACAGT,0
TGTGGAACGAGGCAGT,0
TGTGGAACGGGCTGGG,0
TGTGGATACTGTCAAA,0
TGTGGATTTTTAGTAC,0
TGTGGCATGACACGTA,0
TGTGGCCATGCCGGCA,0
TGTGGCCCAACAAGTC,0
TGTGGCGGATTATGTA,0
TGTGGCGGGTGAAGCT,0
TGTGGGAAATACACAA,0
TGTGGGATCTAGTTAC,0
TGTGGGGAGCATTCCG,0
TGTGGTAGCCTTAGAT,0
TGTGGTCAACCGGCCC,0
TGTGGTCACTTTCAAG,0
TGTGGTCCTACTAGCA,0
TGTGGTCTGTAGAGAA,0
TGTGGTGGGCAGTTAA,0
TGTGGTTGAAGGTGCT,0
TGTGTAACCATACCAT,0
TGTGTAACTAGAACAT,0
TGTGTAAGGAATTTCC,0
TGTGTACCACAGCCAT,0
TGTGTACCTATAGAGG,0
TGTGTACTTTACAACG,0
TGTGTAGTTTGAAAAG,0
TGTGTATATGTGGAGC,0
TGTGTATTAAATATTC,0
TGTGTCAAAATCAACA,0
TGTGTCAATGTGGGTA,0
TGTGTCATCCGCTTTA,0
TGTGTCGCACACGGTT,0
TGTGTGAATGCATAAC,0
TGTGTGATATAACATA,0
TGTGTGCCATGTAACA,0
TGTGTGTATAAATAGC,0
TGTGTGTGCACGAAAT,0
TGTGTTGAGAGCCCTC,0
TGTGTTTAGGCATGCG,0
TGTTAAAAGGATAAAA,0
TGTTAAAAGTAGGACC,0
TGTTAAAATGTGCACA,0
TGTTAAATCGAGAGAT,0
TGTTAACAAAAAAAAA,0
TGTTAACCATATGGTA,0
TGTTAACGCCCATATT,0
TGTTAAGAAGAAAACC,0
TGTTAAGCCCTCGAAT,0
TGTTAAGGAGACAAGG,0
TGTTAAGGTTTATGAC,0
TGTTAATAATGCGCTG,0
TGTTAATCAGCGGTGG,0
TGTTAATCTGAGAGTA,0
TGTTAATTGTAAAATG,0
TGTTAATTTTATGACA,0
TGTTACCCCAGCATAC,0
TGTTACCCGCACCTCC,0
TGTTACCGAACTAGAA,0
TGTTACCGTGGGATAT,0
TGTTACCTTAATAACA,0
TGTTACCTTCTCATGA,0
TGTTACGATCACATAA,0
TGTTACGCTAAGTCTG,0
TGTTACTATGGACTGG,0
TGTTACTCAACCACCA,0
TGTTACTTAGAGGGGT,0
TGTTAGAAACATAAAA,0
TGTTAGAATGTAATCA,0
TGTTAGACTACAACTG,0
TGTTAGAGTAAGTTGT,0
TGTTAGAGTTGAAACG,0
TGTTAGATACAAACAA,0
TGTTAGCAAAAGTATC,0
TGTTAGCAATCTTAGA,0
TGTTAGCCCAAGTCGG,0
TGTTAGCCCGACAACG,0
TGTTAGCTTGTAGCCA,0
TGTTAGGACAACTAGC,0
TGTTAGGTGTCCGCTT,0
TGTTAGTGAGAGTCGT,0
TGTTATAATTATACAG,0
TGTTATAATTCAGGTG,0
TGTTATACCATAAATT,0
TGTTATAGGTTTGATT,0
TGTTATAGTCAAAAAC,0
TGTTATATCGAGCGCC,0
TGTTATCATTACTCAG,0
TGTTATGAACAAAGAC,0
TGTTATGGACATTAAG,0
TGTTATGTAGTAGCCG,0
TGTTATGTAGTGGTGT,0
TGTTATTATTATAACT,0
TGTTATTCACACTGTA,0
TGTTATTCCGTAGAAT,0
TGTTATTTATAACAGT,0
TGTTCAAAGGCAACGG,0
TGTTCAACGCTTTGCA,0
TGTTCAAGCGTCAGAG,0
TGTTCAAGGACCAATA,0
TGTTCACCCCCACATT,0
TGTTCACTCAGTATAT,0
TGTTCACTGCGCGACT,0
TGTTCAGATATTACTT,0
TGTTCAGCATTAGAAC,0
TGTTCAGCGGCAGTGG,0
TGTTCATAATGACCAT,0
TGTTCATACGTCCAAA,0
TGTTCCAAGCGTGATA,0
TGTTCCAAGTCTACCA,0
TGTTCCAGATATAGAT,0
TGTTCCATAGCAAGCG,0
TGTTCCATATAGACAT,0
TGTTCCATGAATATTT,0
TGTTCCATTAATTATG,0
TGTTCCCCTTACCCCT,0
TGTTCCCGCAGCACCT,0
TGTTCCGAAATAAGCA,0
TGTTCGAATTCTTAAA,0
TGTTCGACCCACAAAC,0
TGTTCGATAATTGGAC,0
TGTTCGATGATTTTGG,0
TGTTCGCAAGAGCGCT,0
TGTTCGCGCTAGGGCT,0
TGTTCGCTAGTTGTCC,0
TGTTCGCTTTGGGACG,0
TGTTCGGCAGCCTTGC,0
TGTTCGGCTTTGAACC,0
TGTTCGGTCGCAATTA,0
TGTTCTACATTTGTAT,0
TGTTCTATCTCACTTT,0
TGTTCTGGAAAATCGT,0
TGTTCTTACTATTAAG,0
TGTTCTTGTTCGGCAC,0
TGTTCTTTAGCAATTT,0
TGTTGAAAAGATACCA,0
TGTTGAAACAAATAGA,0
TGTTGAACCAACACGT,0
TGTTGAACCACGTAAG,0
TGTTGAAGGTACCAAC,0
TGTTGATCCCACTAGT,0
TGTTGATGGTGAAACA,0
TGTTGATTAGCCTCAT,0
TGTTGCAATAATATTC,0
TGTTGCAGAAGCAACA,0
TGTTGCATCAGGTTCG,0
TGTTGCATTTCTCAAA,0
TGTTGCTAACCGTAAA,0
TGTTGTAAACACTTCC,0
TGTTGTATAAAGACAC,0
TGTTGTATCGCTTGTA,0
TGTTGTATGACAAGTC,0
TGTTGTATTAATGAAC,0
TGTTGTATTTAGATGA,0
TGTTGTCAACTAAACT,0
TGTTGTTGGACACCCA,0
TGTTTAAAATGTCAAC,0
TGTTTAAACATCTAAA,0
TGTTTAAAGTCCCAAA,0
TGTTTAAGACGCGATG,0
TGTTTAAGTAAATAAG,0
TGTTTAATCACCCAAC,0
TGTTTAATTATATCAA,0
TGTTTACTGATCCATT,0
TGTTTAGGTAGACAAA,0
TGTTTAGTGTACGTTA,0
TGTTTATAGTCAGAGA,0
TGTTTATGCAACAGCC,0
TGTTTATGGCCGGTTA,0
TGTTTCACAAATGGTG,0
TGTTTCACTATTAATT,0
TGTTTCCCCTGAGAAA,0
TGTTTCCTAAACCTTA,0
TGTTTCCTTAAGTTAA,0
TGTTTCTATTGATCTT,0
TGTTTCTTATGACTTG,0
TGTTTCTTGATGGAAT,0
TGTTTGAAGACACTAA,0
TGTTTGCATGACTTCA,0
TGTTTGGCCCCCCCAT,0
TGTTTGGTGTTCACCA,0
TGTTTGTTACAGGGAC,0
TGTTTTAAGTCACCTG,0
TGTTTTACAAGGCTGT,0
TGTTTTACACTATCGC,0
TGTTTTAGATATCCCT,0
TGTTTTATCGTAAAAA,0
TGTTTTCCATTAGAAA,0
TTAAAAAAAAAAAGAC,0
TTAAAAAAACTCAATC,0
TTAAAAAAAGCCGTCT,0
TTAAAAAAAGGGCATC,0
TTAAAAAAATATTGCG,0
TTAAAAAACCGTGGGC,0
TTAAAAAACTACAATA,0
TTAAAAAAGACCCATA,0
TTAAAAAAGACGAATA,0
TTAAAAAATAATTAGT,0
TTAAAAAATCGTTTTT,0
TTAAAAAATTATAACA,0
TTAAAAACAATCCCAA,0
TTAAAAACAGAAATAT,0
TTAAAAACAGAATAAA,0
TTAAAAACATATACCA,0
TTAAAAACCGTTTACG,0
TTAAAAACCTTAGGTT,0
TTAAAAACGGTCTAGC,0
TTAAAAACGTGTACTA,0
TTAAAAAGACTGGAGG,0
TTAAAAAGATTAAAAA,0
TTAAAAAGTACTGTGG,0
TTAAAAAGTTAAGCCC,0
TTAAAAATAATCGAAG,0
TTAAAAATCAAATCTT,0
TTAAAAATTAAAACTT,0
TTAAAAATTATAGCAC,0
TTAAAAATTGTCCAAA,0
TTAAAACAAAACAATG,0
TTAAAACAAAGTTAGT,0
TTAAAACAATAATAGT,0
TTAAAACAATGAATAC,0
TTAAAACACATAATAC,0
TTAAAACATAAATTTC,0
TTAAAACATCAGGTAA,0
TTAAAACATTCCCAAT,0
TTAAAACATTTACCCT,0
TTAAAACCAAAATATT,0
TTAAAACCAGACAACA,0
TTAAAACCCTACACAA,0
TTAAAACGCTGTATCA,0
TTAAAACGGAATGTAT,0
TTAAAACGGCTAGCCG,0
TTAAAACTAATTTTAG,0
TTAAAAGCACAGTTTA,0
TTAAAAGCAGTGAATT,0
TTAAAAGCCATTCTGG,0
TTAAAAGGCCGAGAAA,0
TTAAAAGTAGTATATC,0
TTAAAATACTGAAGAC,0
TTAAAATAGCGGTTAC,0
TTAAAATATGATCCTT,0
TTAAAATATGCTGATA,0
TTAAAATCACACCTTC,0
TTAAAATCATAAACCC,0
TTAAAATCTGATTGAA,0
TTAAAATGTTTGTGTA,0
TTAAACAAAAGACCGA,0
TTAAACAAAAGAGCAC,0
TTAAACAAAATTCAAC,0
TTAAACAAAGAAATAA,0
TTAAACAAGTGTTATA,0
TTAAACAATATCAGAG,0
TTAAACACAAAGGTCT,0
TTAAACACACCTAAGG,0
TTAAACACGAGTTAGG,0
TTAAACAGAATATGAG,0
TTAAACATAAAGATGT,0
TTAAACATCGAGAAAA,0
TTAAACATTGCCAGAC,0
TTAAACCAAAGCAGAA,0
TTAAACCACCCCATAA,0
TTAAACCCAATTAATG,0
TTAAACCGACTCTGAC,0
TTAAACCGTGGTAAGA,0
TTAAACGATCCATCGC,0
TTAAACGCACAATGTG,0
TTAAACGCACCATAGG,0
TTAAACGCGAATGTCC,0
TTAAACGTTAGAAACG,0
TTAAACTAGAGACAGT,0
TTAAACTAGGGGATAG,0
TTAAACTATCAAAGCT,0
TTAAACTCACATCTCC,0
TTAAACTGAAATTATT,0
TTAAACTTAACCGCAC,0
TTAAACTTAATTTCAT,0
TTAAACTTCAAGACGA,0
TTAAACTTTAAGCCAA,0
TTAAAGAACAAGGCAT,0
TTAAAGAATACGGACC,0
TTAAAGACAAGTGTAA,0
TTAAAGACCATTAACA,0
TTAAAGACTCAAACTG,0
TTAAAGATATCTGGTA,0
TTAAAGATTAAAAATT,0
TTAAAGATTCCAGTGA,0
TTAAAGCACACACGTT,0
TTAAAGCCCAATTACA,0
TTAAAGCGAAAAACCG,0
TTAAAGGATTGTGAAA,0
TTAAAGGCAGATCTTA,0
TTAAAGTATGACTAAT,0
TTAAAGTCAACCGAAC,0
TTAAAGTCATAAATTA,0
TTAAAGTCGACACCCT,0
TTAAAGTTAGTAATTT,0
TTAAATAAAAACGTTA,0
TTAAATAACATACCAT,0
TTAAATAATGAATAAA,0
TTAAATACAAGAATAA,0
TTAAATACAGCCAATT,0
TTAAATAGGTGTAAAA,0
TTAAATAGTTCATAAA,0
TTAAATATAGTTAGAG,0
TTAAATATCCTGTTAA,0
TTAAATATGCATCGTT,0
TTAAATATTTGGAGAC,0
TTAAATCAAACCAGTG,0
TTAAATCAACGTAACG,0
TTAAATCATCGAATCG,0
TTAAATCGTACGACCA,0
TTAAATCTCGAATATA,0
TTAAATCTGCAACCAA,0
TTAAATGAAAAATAGA,0
TTAAATGAACTCGGGA,0
TTAAATGACTAAGAAA,0
TTAAATGCAATCTCGT,0
TTAAATGGACTCATTA,0
TTAAATTAAACTATAC,0
TTAAATTACGATGGTC,0
TTAAATTACGCAGGCT,0
TTAAATTACGTGTTCG,0
TTAAATTATGCAACTA,0
TTAAATTATTAATTTG,0
TTAAATTCCTGTCAAA,0
TTAAATTGTATCCGCG,0
TTAAATTGTGACCATA,0
TTAAATTTGATAGACC,0
TTAAATTTGTGTTCAA,0
TTAAATTTGTTCTCCA,0
TTAAATTTTAATAGAC,0
TTAAATTTTATGGTTG,0
TTAAATTTTATTCACG,0
TTAACAAACATGCAAC,0
TTAACAAACTAATTAA,0
TTAACAAGAAGATCGC,0
TTAACAAGAATCAACC,0
TTAACAAGCATCAGAA,0
TTAACAAGCCCTAGCA,0
TTAACAAGGTCTATCA,0
TTAACAAGTCAACGAA,0
TTAACAAGTGAATGTG,0
TTAACAATTCGAAAGA,0
TTAACAATTGTTGTTG,0
TTAACACAAATTAAAT,0
TTAACACAGGACCATT,0
TTAACACTAATCAACC,0
TTAACAGAACTACATT,0
TTAACAGCGGGACAAT,0
TTAACAGGAACCTGTA,0
TTAACAGTGTTCGAGG,0
TTAACATAAAAACAAC,0
TTAACATAAAGACCAA,0
TTAACATACTCATATA,0
TTAACATATATACCGC,0
TTAACATATCAAAATG,0
TTAACATCAAAAAACT,0
TTAACATCAATGCTAA,0
TTAACATGGACGAGCG,0
TTAACATTATATTCGA,0
TTAACCAAACAACAGG,0
TTAACCAAACCAAATG,0
TTAACCACAACTTTCC,0
TTAACCACCTTGTCTC,0
TTAACCATATTTACAC,0
TTAACCATCTCTCCAG,0
TTAACCATTTGTAGAA,0
TTAACCCACCTTTAAA,0
TTAACCCATTTGAACC,0
TTAACCCCATTACAAG,0
TTAACCCCCGCGGAGT,0
TTAACCCTAAGTGGAT,0
TTAACCGCACAGAGTT,0
TTAACCTACTTAACGT,0
TTAACCTGGGCATTGG,0
TTAACCTGTCAGTGAA,0
TTAACCTTAAAGCCCC,0
TTAACGAACTGAAATT,0
TTAACGAAGTACGGAG,0
TTAACGAATCAGTAAT,0
TTAACGACGTATTTGA,0
TTAACGACTGAATCGT,0
TTAACGATCCAAGTAG,0
TTAACGATGAACGCAA,0
TTAACGGAAAACTCCG,0
TTAACGGAGAGTATTG,0
TTAACGGCGAAAAAAA,0
TTAACGTAAACACACC,0
TTAACGTACAACTAAC,0
TTAACGTACATCCACC,0
TTAACGTACCCGCCTA,0
TTAACGTACGATGAAA,0
TTAACGTTAAACGATA,0
TTAACGTTGTACCCCC,0
TTAACTAAATGATCCA,0
TTAACTAACCCCAGTG,0
TTAACTAATGGCCGCT,0
TTAACTAGATTATCTC,0
TTAACTATAGTAATGA,0
TTAACTATTTTAGTTC,0
TTAACTCAATACTTCA,0
TTAACTCCAAAAAAAA,0
TTAACTCCTAGAGTAG,0
TTAACTCGACATTACC,0
TTAACTCGCTCCCATC,0
TTAACTCGGAATAGAA,0
TTAACTCTACACAGTC,0
TTAACTCTCACACCTT,0
TTAACTGACGACTGAT,0
TTAACTGGCTATCATT,0
TTAACTGTCGAATAAC,0
TTAACTTAATTGATAT,0
TTAACTTCAGCGTCAT,0
TTAACTTCGAATCCAA,0
TTAACTTCGTGTAAGC,0
TTAACTTGATATATAC,0
TTAACTTGTCGCACCT,0
TTAACTTTTCAAAATT,0
TTAACTTTTGCATAGA,0
TTAAGAAAAATTAAAT,0
TTAAGAAAACTACGCG,0
TTAAGAAACAGAAAAA,0
TTAAGAAAGTCAATCG,0
TTAAGAAATAACATAC,0
TTAAGAAATGAACATG,0
TTAAGAACAATGACCA,0
TTAAGAACGCGTCATT,0
TTAAGAAGAAGTTTAT,0
TTAAGAAGCCAAAATT,0
TTAAGAAGCCCAGGTA,0
TTAAGAAGTACATACC,0
TTAAGAATGAAATGGA,0
TTAAGAATTTCCATGT,0
TTAAGACACAAAAGAC,0
TTAAGACAGCTTAATC,0
TTAAGACCGGACTACT,0
TTAAGACGCCCCCACA,0
TTAAGACTAAGGTGTT,0
TTAAGACTGCTTCTAA,0
TTAAGAGAGCCGTCAT,0
TTAAGAGATGTACAGT,0
TTAAGAGCATTCAGAC,0
TTAAGATAAGAAGTGT,0
TTAAGATATAACGAAA,0
TTAAGATCAGAAAGAA,0
TTAAGATGAACAGAGT,0
TTAAGATGCTGATCAA,0
TTAAGATTGTTAAAGT,0
TTAAGATTTTGATTAC,0
TTAAGCAAAAAGAAAA,0
TTAAGCAAGTAACCAT,0
TTAAGCACCCCAGAAG,0
TTAAGCACGAACCTTT,0
TTAAGCCAGGCATCCA,0
TTAAGCCATAAAATGG,0
TTAAGCCCAGATACCA,0
TTAAGCCCCGGAACGG,0
TTAAGCCTATTTTAGG,0
TTAAGCCTTCTACACA,0
TTAAGCGAAAGAACTA,0
TTAAGCGAGACTAATA,0
TTAAGCGCGATGCGTA,0
TTAAGCGCTACACTAA,0
TTAAGCGGTGACCAAT,0
TTAAGCGTCTTATAAC,0
TTAAGCGTGACCTACG,0
TTAAGCGTGATAATCT,0
TTAAGCTACGGCACCC,0
TTAAGCTCATTTTGCA,0
TTAAGGAACTTAGTCG,0
TTAAGGAATATATCAC,0
TTAAGGAGAAGGTTGC,0
TTAAGGCATCCACGAA,0
TTAAGGCCGTAAGCTA,0
TTAAGGGATATGGCTT,0
TTAAGGTAAAGGCTAA,0
TTAAGGTACAACACGA,0
TTAAGGTCCAGGCTAT,0
TTAAGGTCGGACAAAC,0
TTAAGGTGAATTACTT,0
TTAAGGTTACCGTCAA,0
TTAAGGTTTTAATAGT,0
TTAAGTAATCAGAGAA,0
TTAAGTACCCTAGAGT,0
TTAAGTAGTCGCGATC,0
TTAAGTATATGCTATA,0
TTAAGTATATTCATAG,0
TTAAGTCGGCAAGTAG,0
TTAAGTCTGTGAGCGT,0
TTAAGTGAACGCACTA,0
TTAAGTGAAGAACCAG,0
TTAAGTGACCATTAGA,0
TTAAGTGAGAGCGAAT,0
TTAAGTGAGCTAATTC,0
TTAAGTGCGTGGAAAC,0
TTAAGTGGACCCTTGT,0
TTAAGTGGATGGACCC,0
TTAAGTGGATTAACGG,0
TTAAGTTAAAAAACTG,0
TTAAGTTAGCAGATCT,0
TTAAGTTATAACCGCA,0
TTAAGTTATCAAGGGA,0
TTAATAAAAAATGACG,0
TTAATAAAAACAAAAT,0
TTAATAAAAAGTTCAT,0
TTAATAAAAGGCCTAA,0
TTAATAAACTGACTGA,0
TTAATAAATATGCTGT,0
TTAATAACACACATAC,0
TTAATAACTATCACAA,0
TTAATAATATCAAGTA,0
TTAATAATGCCTAAAT,0
TTAATAATTTGATACT,0
TTAATACAACCTGCCC,0
TTAATACATCAAATAA,0
TTAATACATTAATCAA,0
TTAATACATTTGTTAG,0
TTAATACGACATCGAC,0
TTAATACGCCTGTAAT,0
TTAATACTCCCAGTTA,0
TTAATAGATTCAAATG,0
TTAATAGCAAAGTAGC,0
TTAATAGCTGCGAATC,0
TTAATAGGTCCCAAAA,0
TTAATAGTAAAGTATA,0
TTAATAGTTAAAGGGA,0
TTAATAGTTGCGCTTA,0
TTAATATAATGGATGC,0
TTAATATAGGGATATT,0
TTAATATATAAGGTAT,0
TTAATATCAGACAGAA,0
TTAATATTAAGTCAGC,0
TTAATATTTAAAGGCC,0
TTAATCAAAAACCGCA,0
TTAATCAAGAATAATG,0
TTAATCAATACGTTAA,0
TTAATCACCCTAAAAA,0
TTAATCCACTAAAAGC,0
TTAATCCAGCGCCTAT,0
TTAATCCATATTAAAC,0
TTAATCCATTATCTTA,0
TTAATCCGGAACATTC,0
TTAATCCGTATATATA,0
TTAATCCTATCGGAAT,0
TTAATCCTTAATACCA,0
TTAATCGAAAATGACA,0
TTAATCGCATTGATAA,0
TTAATCGCCTAACCAC,0
TTAATCTCGGAAAGTG,0
TTAATCTTAGACCATT,0
TTAATCTTATAGTAAT,0
TTAATGAAAATTCAAG,0
TTAATGAAATTGAGAT,0
TTAATGAACTGGTTAA,0
TTAATGAAGAACATAC,0
TTAATGAATAACTAAA,0
TTAATGACTTATAAAA,0
TTAATGATCATTCACT,0
TTAATGATCTAAAGGC,0
TTAATGCAAGAACTTC,0
TTAATGCCAGGCAGAC,0
TTAATGCTCACTGAGA,0
TTAATGGCACTAGCTG,0
TTAATGGCCAGGTATA,0
TTAATGGGAGAGTTGA,0
TTAATGTAAGCAGTAT,0
TTAATGTATTAGTTAC,0
TTAATGTCACTGTGTG,0
TTAATGTCAGAAGAAT,0
TTAATGTCCTTCTAAG,0
TTAATGTGCTAGGATT,0
TTAATGTGGCGATTAA,0
TTAATGTGTTGAGAGA,0
TTAATGTTAATGTTAG,0
TTAATGTTTAAGTTCT,0
TTAATTAAAAAAGCAA,0
TTAATTAAACCAAGGA,0
TTAATTAAATTTTAGG,0
TTAATTAACATAAGAA,0
TTAATTAATGCCAGGA,0
TTAATTACAACGTAGG,0
TTAATTACGGATCGTA,0
TTAATTAGGGAGCTCT,0
TTAATTCAAATCCAAG,0
TTAATTCAGCACCTGG,0
TTAATTCATAAAAAAC,0
TTAATTCATCCTCCAA,0
TTAATTCATGTGTTAA,0
TTAATTCCCAAGCCGT,0
TTAATTCCGGGGACAT,0
TTAATTGAAACATACA,0
TTAATTGGTCATGTTG,0
TTAATTTAACAACATT,0
TTAATTTAAGACTCAA,0
TTAATTTAGCGTCCAA,0
TTAATTTAGCTGAGGC,0
TTAATTTCAGCTGAAA,0
TTAATTTCCACAGAAC,0
TTAATTTCGTGTCTCA,0
TTAATTTGATTTACGA,0
TTAATTTGGTATAGTT,0
TTAATTTTACCGTCGT,0
TTAATTTTGAAATTTA,0
TTAATTTTGCGGTTTT,0
TTAATTTTTGAAGAAG,0
TTACAAAAAAAATGAA,0
TTACAAAAAGGTCTCT,0
TTACAAAACATAACAT,0
TTACAAACACACACAC,0
TTACAAACGGTTCGAA,0
TTACAAAGGCTGATAT,0
TTACAACCAACGAAAA,0
TTACAACGGCCAAGTT,0
TTACAACTATCCTGAT,0
TTACAACTTCCCTTAC,0
TTACAAGCGACCGCCG,0
TTACAAGGGCAGTTAT,0
TTACAAGTAAAAACTA,0
TTACAATACAGTGGAC,0
TTACAATAGTCTGTAA,0
TTACAATATTATGTTG,0
TTACAATCCAATTAGG,0
TTACAATCCATGAAGG,0
TTACAATGCCTACAGC,0
TTACAATTAACATAAA,0
TTACAATTAATGTAAT,0
TTACACAAGGTTTCCA,0
TTACACAAGTTGAGAA,0
TTACACAATCTTCAAC,0
TTACACACAACCATAT,0
TTACACACCGTAGAAA,0
TTACACACGAGCAACC,0
TTACACACTCTACATA,0
TTACACAGAAACCATT,0
TTACACATTACTCTCG,0
TTACACCAAAAAACCT,0
TTACACGAACTTCGAC,0
TTACACGACAGGTGTC,0
TTACACGCTCAGTAAC,0
TTACACGCTCTGTGCA,0
TTACACGGATGCTAGA,0
TTACACGGTAGTACCT,0
TTACACTCATTACTGA,0
TTACACTCTAATGTGC,0
TTACACTTTTTCATAT,0
TTACAGAGAATTTAGA,0
TTACAGAGGCATATTT,0
TTACAGAGGTACCAAG,0
TTACAGATAAACAATA,0
TTACAGATCATCTTCC,0
TTACAGCAAGACTGAG,0
TTACAGCATTTAACGA,0
TTACAGCCAAATTGCA,0
TTACAGCGATAAAAAG,0
TTACAGGAAAGGATAG,0
TTACAGGAACAACGAC,0
TTACAGGAATGCAATT,0
TTACAGGACATAGACC,0
TTACAGGCCTATGTAA,0
TTACAGTATTTTTCCT,0
TTACAGTCACAGCACA,0
TTACAGTTATCCACGA,0
TTACAGTTATTCCTCC,0
TTACAGTTATTCCTTC,0
TTACAGTTCCATAGTG,0
TTACAGTTTTCATAAA,0
TTACATAAAAAATACG,0
TTACATAAAACGAACA,0
TTACATAAAGACGTAA,0
TTACATAAATATAAAA,0
TTACATAAGATCCTTT,0
TTACATAAGTGATGCT,0
TTACATAATAATTCGC,0
TTACATACAAGTAAAT,0
TTACATACACAGGCGG,0
TTACATACTAATACTA,0
TTACATAGACGACAGG,0
TTACATAGCTTGCATA,0
TTACATAGTACTATGG,0
TTACATATAAAAAAAC,0
TTACATATACAGGTTG,0
TTACATATATGAGCAT,0
TTACATATCACTACAA,0
TTACATCACGATCTCA,0
TTACATCCAAATGTAC,0
TTACATCCATTGCACT,0
TTACATCCGCATGGCC,0
TTACATCTACGATCCT,0
TTACATGACTTAATCG,0
TTACATGTTCTTAGAG,0
TTACATTAATATTCAA,0
TTACATTAGGACAAAT,0
TTACATTCATGAAACT,0
TTACATTCTAGCAAAC,0
TTACATTGAAACTCTG,0
TTACATTTAACTCATC,0
TTACATTTCCTCTCTG,0
TTACCAAAACCATTTA,0
TTACCAACAACTATAC,0
TTACCAACCTTCTCCG,0
TTACCAAGTGTAAGGG,0
TTACCAATATATAAAT,0
TTACCAATGATTGTCT,0
TTACCAATGGACCCGA,0
TTACCAATTAACAAGT,0
TTACCACATTACAGCC,0
TTACCACCCAGACTGA,0
TTACCACCCGCAGACG,0
TTACCACTAAATCAAC,0
TTACCAGAGCGCCTAA,0
TTACCAGCAGAACAGA,0
TTACCAGCCCAGAGGG,0
TTACCAGTGAGACCGG,0
TTACCAGTTAAATCGC,0
TTACCAGTTGAACAAT,0
TTACCATAAGTATATC,0
TTACCATATGGAAGTG,0
TTACCATATTGTTCTG,0
TTACCATCATAAGGAA,0
TTACCATGTGATGTGT,0
TTACCCAAACGATCGG,0
TTACCCAACCTATCCA,0
TTACCCAATATGCAAG,0
TTACCCACATACACCC,0
TTACCCAGCGCAGATC,0
TTACCCAGTCTGTCTC,0
TTACCCATGTTGAATA,0
TTACCCCCCTGCCCCA,0
TTACCCCCTCGTGGCG,0
TTACCCCGACCATTCA,0
TTACCCCTACTGTCAC,0
TTACCCCTGCTAAGTC,0
TTACCCCTGTAGAAAA,0
TTACCCGCTTACTCAA,0
TTACCCGGAGCCTATA,0
TTACCCTAAATGTGAC,0
TTACCCTACCTCCAAA,0
TTACCCTCAACCTAAC,0
TTACCCTCACGGCTGG,0
TTACCCTGAGCTGAAA,0
TTACCGAACTGAAACC,0
TTACCGAATTTGTAAG,0
TTACCGACGTGCAACC,0
TTACCGAGAACTTAAG,0
TTACCGAGAAGATTCA,0
TTACCGAGTCCGCCCC,0
TTACCGAGTCGCTTAA,0
TTACCGATCAATGCAA,0
TTACCGCAGAGTACAC,0
TTACCGCATCAAACTA,0
TTACCGCTTAGTAAAA,0
TTACCGGAAAGAAATT,0
TTACCGTAATATTACT,0
TTACCGTCATCGAATG,0
TTACCGTCGGATATTC,0
TTACCGTGAACAAGAA,0
TTACCGTGCAATTAAG,0
TTACCTAAGAATAGTC,0
TTACCTAGCCATTTTT,0
TTACCTAGTGATTCGT,0
TTACCTATATCAAATA,0
TTACCTCAGCGCATTC,0
TTACCTCTCAGGCAAC,0
TTACCTGAAGAAATAC,0
TTACCTGCTCTGAACC,0
TTACCTTAAGTATACT,0
TTACCTTCACTCTCAG,0
TTACGAAAACCACCAG,0
TTACGAAAAGAACGAA,0
TTACGAAACCCCACTC,0
TTACGAACACTAGGAA,0
TTACGAACCTTAATTA,0
TTACGAACGGATCAAA,0
TTACGAAGACAAATAG,0
TTACGAAGCGACTCCC,0
TTACGAAGTGCGTTTT,0
TTACGAATGACAGCCC,0
TTACGAATGTCACATA,0
TTACGACCACAGATAC,0
TTACGACGATAAACAA,0
TTACGACTAAAGTACA,0
TTACGAGAAGAACTAA,0
TTACGAGAAGCAGAAA,0
TTACGAGCAGCAAAAA,0
TTACGAGCCGTCATTA,0
TTACGAGGGGCATTAT,0
TTACGAGTACAACGGT,0
TTACGAGTACTCTCGT,0
TTACGAGTTTAGTAAC,0
TTACGATAATATTAAC,0
TTACGATAATCATGAA,0
TTACGATAATGAACCT,0
TTACGATTCCCTCTAA,0
TTACGCAAAGTGACAG,0
TTACGCAGAACCACCG,0
TTACGCATCGTACAAT,0
TTACGCCAGTAATGGA,0
TTACGCCCGACATAGA,0
TTACGCCCTGAGGAGA,0
TTACGCCGCCAGAGAT,0
TTACGCCTACGGACGC,0
TTACGCCTATGAGCTA,0
TTACGCGAAATCAATG,0
TTACGCGGATATCGCC,0
TTACGCGTAACACACC,0
TTACGCGTGCAATGTT,0
TTACGCTCACTTATTC,0
TTACGCTCTGAAAAAT,0
TTACGGACACGAGAAC,0
TTACGGAGAGATCATG,0
TTACGGAGCAAATGAT,0
TTACGGATAAACCACT,0
TTACGGATGTTCTTAT,0
TTACGGCCTATCACAA,0
TTACGGCTATACCCAT,0
TTACGGGACGCCTCTG,0
TTACGGGCCTTTCCTA,0
TTACGGTCGTGTTTCC,0
TTACGGTGATACCCTA,0
TTACGTAAACATTCCG,0
TTACGTACAATCCGAT,0
TTACGTACGCAACCAA,0
TTACGTATATGTCCAT,0
TTACGTATGTGGTTTA,0
TTACGTCAAACCTTAG,0
TTACGTCCATAAAATT,0
TTACGTGACTTCATAA,0
TTACGTTCAAGTGAAA,0
TTACTAAAACTGTTAG,0
TTACTAAACAGAACCT,0
TTACTAACGCAATACC,0
TTACTAATGCGCAATT,0
TTACTACACAAGGATC,0
TTACTACATCCGAGTT,0
TTACTACTTTTTAACA,0
TTACTAGAAACATAAG,0
TTACTAGAACTACTAG,0
TTACTAGGCAAAAAAG,0
TTACTAGGGCAACGGA,0
TTACTAGTGTAAGCTA,0
TTACTATAAGCATAGA,0
TTACTATACTCAATAG,0
TTACTATCGGTGAGTG,0
TTACTATGAAAAGCCC,0
TTACTATTTAAATACC,0
TTACTCAAAAACAATA,0
TTACTCAACAAATTAA,0
TTACTCATCCCCCAGA,0
TTACTCATGAATCAAC,0
TTACTCCAACAATGAG,0
TTACTCCACATATTAA,0
TTACTCCATTCGTGCT,0
TTACTCCTAGCAATAA,0
TTACTCGACTAATATT,0
TTACTCGAGAGCTTCT,0
TTACTCGCCTCGAAAA,0
TTACTCGTCCCTCAAA,0
TTACTCTAAGAAAGTG,0
TTACTCTACGGAAACG,0
TTACTCTATCATACTA,0
TTACTCTCGAGTGAGC,0
TTACTCTCTAAGAAAG,0
TTACTCTTAAACATCA,0
TTACTGAACTAATATA,0
TTACTGAAGTACCCAC,0
TTACTGACGCTTGCCG,0
TTACTGATGTCTTACC,0
TTACTGCAATACAGCC,0
TTACTGCAGGATAATG,0
TTACTGCATGAAATTT,0
TTACTGGAAAGATTAT,0
TTACTGGAGTCGCCAA,0
TTACTGTAAAAAATCA,0
TTACTGTAAGGACGAT,0
TTACTGTCCATGAAAC,0
TTACTGTTTCAGACGT,0
TTACTTAACGAAATGA,0
TTACTTACATTAACCT,0
TTACTTATAACAAATA,0
TTACTTATAGCTAATC,0
TTACTTCACATGATAT,0
TTACTTCCTACAGTTG,0
TTACTTCGTTTCACAT,0
TTACTTGAAATGAAAG,0
TTACTTGCATTTAATT,0
TTACTTTCCACACCGT,0
TTACTTTCCCCCCAAG,0
TTACTTTTAGATAAAC,0
TTAGAAAAAGCAAATA,0
TTAGAAAAATGTTCTC,0
TTAGAAACATTTCTCA,0
TTAGAAACCAGTTAGG,0
TTAGAAACCCCCTCTC,0
TTAGAAACGTTTAGTG,0
TTAGAAAGACGCTAAA,0
TTAGAAAGAGCCAAAA,0
TTAGAAAGCAGACTAG,0
TTAGAAAGCCTGAAAT,0
TTAGAAAGGGGACCCA,0
TTAGAAATCCAGCAAG,0
TTAGAAATCGACGACA,0
TTAGAAATTTGAATAA,0
TTAGAACAAAACAACC,0
TTAGAACCACTTTTAG,0
TTAGAACCCATTGGGA,0
TTAGAACCCCTGTCCG,0
TTAGAACGTGGCAACT,0
TTAGAACTGCTGAAAT,0
TTAGAAGACTATTTTT,0
TTAGAAGAGCAACTAT,0
TTAGAAGATAAGTTTC,0
TTAGAAGATTCCCAAA,0
TTAGAAGCATATTTAT,0
TTAGAAGGCTATCCTG,0
TTAGAATACCCTTACT,0
TTAGAATATACTACTA,0
TTAGAATCACTTGAAT,0
TTAGAATCTGAGTGAA,0
TTAGAATGACTGTTAT,0
TTAGAATGCGGCCTAG,0
TTAGAATGTACCCCTA,0
TTAGAATGTGACAAAT,0
TTAGAATTTTGATTCA,0
TTAGACAAACCGTAAT,0
TTAGACAACTCTCCTT,0
TTAGACAGAAAAAATG,0
TTAGACAGCAGAGAAA,0
TTAGACATATAAAACT,0
TTAGACATGGTTAATG,0
TTAGACCACGATGGTT,0
TTAGACCCCAATACTG,0
TTAGACCCCAATAGAT,0
TTAGACCCTCATGCGG,0
TTAGACCGTAAACAAT,0
TTAGACGAAATTAAAC,0
TTAGACTAAAGTAGAA,0
TTAGACTATGTATGTA,0
TTAGACTCATCACATA,0
TTAGACTGAAATGTAG,0
TTAGACTGAGAAATAA,0
TTAGACTGTACATCTA,0
TTAGACTTATTAGTTC,0
TTAGACTTTGAGATAT,0
TTAGAGAATGAGAATA,0
TTAGAGACATACAAGG,0
TTAGAGACATGTATAA,0
TTAGAGACCAAAAGAA,0
TTAGAGAGAAACCAAG,0
TTAGAGCCAGGACAAA,0
TTAGAGCGACATGTCA,0
TTAGAGCGATCCTTTT,0
TTAGAGGAAATTAATT,0
TTAGAGGAATAATTAC,0
TTAGAGGGTTTAGAAG,0
TTAGAGGTAGAGCCTC,0
TTAGAGGTCATAAAAG,0
TTAGAGTAAGAGAAGG,0
TTAGAGTGATAAGACT,0
TTAGATAAACTAAATA,0
TTAGATAAATGTAGTC,0
TTAGATACATAACCTA,0
TTAGATACCCTGACAT,0
TTAGATACCGTCCCGG,0
TTAGATACTTCTAATC,0
TTAGATAGGGTCAGAC,0
TTAGATAGTCTTACAC,0
TTAGATAGTTTTATGA,0
TTAGATATATCCTTGA,0
TTAGATCCATGTCCCG,0
TTAGATCCTAAGGGTG,0
TTAGATCTACTAGCTT,0
TTAGATCTCGACCGGA,0
TTAGATGAGAGGACCA,0
TTAGATGCCCAATGAT,0
TTAGATGCTGAGTTTC,0
TTAGATTAGTTTTCAG,0
TTAGATTATGCCATTC,0
TTAGATTCATCGCCCC,0
TTAGATTTCACACAGA,0
TTAGCAAAAATACCCC,0
TTAGCAAAACAAGTCT,0
TTAGCAAAAGTTATGC,0
TTAGCAACAGCACGTG,0
TTAGCAATCATGTCAC,0
TTAGCAATTATTACCA,0
TTAGCAATTCACCCGG,0
TTAGCACAGCACAGAA,0
TTAGCACCCAAAGTAG,0
TTAGCACCCCCTGACG,0
TTAGCACGTCTAGGCA,0
TTAGCAGAGACCTACT,0
TTAGCAGCATCTAACA,0
TTAGCATCAGGCGCAT,0
TTAGCATCCTATCTTA,0
TTAGCATCGTGATAAA,0
TTAGCATGTAAACCAA,0
TTAGCATTGAACCCAA,0
TTAGCCAAGGCTAGAT,0
TTAGCCACGTAATGAG,0
TTAGCCAGCTACTAAC,0
TTAGCCAGGTTCCTTT,0
TTAGCCATAGAAATAC,0
TTAGCCATTTAAAGAC,0
TTAGCCCATTATAGCT,0
TTAGCCCTCGTTATTC,0
TTAGCCCTTTTTTATC,0
TTAGCCGTAGTAGCAC,0
TTAGCCTCCCAACAGG,0
TTAGCGAAGCTCTAAG,0
TTAGCGCGTAAGAAAA,0
TTAGCGGCACCTTACT,0
TTAGCTAGAAAAAAGT,0
TTAGCTATCGAAATCC,0
TTAGCTATGGTATGCA,0
TTAGCTCAAACACAAG,0
TTAGCTCCTCCAGTCC,0
TTAGCTCGCAGATGGC,0
TTAGCTCGTACCAATC,0
TTAGCTCGTATATGGG,0
TTAGCTCTAGAGCAAG,0
TTAGCTGCCGCGTTTG,0
TTAGCTGGCCGGACAA,0
TTAGCTGGTTCTAATA,0
TTAGCTTAGTGAGCAA,0
TTAGGAAACTTTTACA,0
TTAGGAAATTCCAGAC,0
TTAGGAAGGACAAAAC,0
TTAGGAATCTAAAATA,0
TTAGGACAAATCGTCA,0
TTAGGACCTTAGCCCC,0
TTAGGACGCCCAGTCT,0
TTAGGAGCCCGAAATA,0
TTAGGATGACACAGCT,0
TTAGGCAATCCACTAA,0
TTAGGCACGATATTCA,0
TTAGGCATAGCACGCC,0
TTAGGCCCCTCCAGAA,0
TTAGGCGTGACGCATT,0
TTAGGCTCGCATGGGA,0
TTAGGCTTAACAGAAG,0
TTAGGGAAATATATCA,0
TTAGGGAATTTTCAGT,0
TTAGGGGAAAAATAGA,0
TTAGGGGAGCACGCAT,0
TTAGGGGCATATGTAT,0
TTAGGGGTAATCGTAA,0
TTAGGTAACCTGAATA,0
TTAGGTATGAAAATGA,0
TTAGGTCATCAACGAT,0
TTAGGTCCTATTGAGC,0
TTAGGTCTACCCGCCA,0
TTAGGTGCGCCGGAGG,0
TTAGGTGTGAATAGCC,0
TTAGGTTACGAGTCCG,0
TTAGGTTGGATAAAAA,0
TTAGGTTTTAATCGCT,0
TTAGTAAAAAGACTAG,0
TTAGTAAAAATCCAAT,0
TTAGTAAAATCCAATG,0
TTAGTAAAGCACAAAT,0
TTAGTAAATATATGCC,0
TTAGTAAGAAAGTCAA,0
TTAGTAAGCAAACTCC,0
TTAGTAAGCAACCCAC,0
TTAGTAATACAACATT,0
TTAGTAATCAATGAAC,0
TTAGTACAAAAAAGCA,0
TTAGTACATACGCTAT,0
TTAGTACCGATCCAAC,0
TTAGTACCGCTAATAC,0
TTAGTACTATATATAA,0
TTAGTACTGAGAACTA,0
TTAGTAGAAAATCTTC,0
TTAGTAGATACTACTA,0
TTAGTAGGCACTACAT,0
TTAGTAGGTCTCCATC,0
TTAGTATAAAAAAAAC,0
TTAGTATTATAAATCC,0
TTAGTATTTGTGCACT,0
TTAGTCAAACAGATAA,0
TTAGTCAATCGCTTAC,0
TTAGTCACTGGTCATC,0
TTAGTCCATGTCGCAA,0
TTAGTCCATTTCTCAC,0
TTAGTCCCCCTAACGC,0
TTAGTCCGATATCACA,0
TTAGTCGACCTCAGTG,0
TTAGTCGCAAACACCG,0
TTAGTCGTATCAATGG,0
TTAGTCGTCAAATAAT,0
TTAGTCGTTTACTGCA,0
TTAGTCTCACGCATTA,0
TTAGTCTCGCAAAATT,0
TTAGTCTCGGCATAAC,0
TTAGTCTGAATCTAAG,0
TTAGTCTGTCATCAAA,0
TTAGTGAAGTCGAAGG,0
TTAGTGAATAACGGCA,0
TTAGTGAATCAGTACA,0
TTAGTGACGAATATAC,0
TTAGTGACTTGAACCT,0
TTAGTGATTCAATCTG,0
TTAGTGGCATGTTGTT,0
TTAGTGGGTCGCAAAT,0
TTAGTGTAACTTCGCA,0
TTAGTGTACTAAATGG,0
TTAGTGTGTCTCATTT,0
TTAGTTAAATTAACTA,0
TTAGTTAACGAGACAG,0
TTAGTTAAGCTCTGAC,0
TTAGTTAATTGGAACC,0
TTAGTTATCCTACCAA,0
TTAGTTATTTACTCTA,0
TTAGTTCAAATGGTTC,0
TTAGTTCAGTAATACA,0
TTAGTTCCAATTTATA,0
TTAGTTCCACCGCCCC,0
TTAGTTCGGAAACAAA,0
TTAGTTGTTGGTTTTT,0
TTAGTTTAACAACACG,0
TTAGTTTACTATAAAG,0
TTAGTTTATCCTTGCA,0
TTATAAAAATATGAAA,0
TTATAAAAGAGACGTA,0
TTATAAAATACCAAAT,0
TTATAAACGCCTATCG,0
TTATAAACTAAGGATT,0
TTATAAACTTAAGAAC,0
TTATAAAGCTGGTAGA,0
TTATAAAGTGAAAAAC,0
TTATAAATTTACCACG,0
TTATAACAATAGAATT,0
TTATAACACTTATGAT,0
TTATAACATCCAAAAC,0
TTATAACATCTCCTGT,0
TTATAACCAATGAATT,0
TTATAACCGCCACACG,0
TTATAACGCGTCTTGC,0
TTATAACGGGAAATAT,0
TTATAACTTTACGCTA,0
TTATAAGAAATGGCTA,0
TTATAAGAGTATAACA,0
TTATAAGAGTGAATTT,0
TTATAATACGCAATGA,0
TTATAATTAATTGATA,0
TTATAATTCTTTGATT,0
TTATAATTGAACTTAC,0
TTATAATTTGAACCCC,0
TTATACAAAGCAACAC,0
TTATACAAATGCCAAT,0
TTATACACATTCAATT,0
TTATACACGAGCTATT,0
TTATACACGAGCTGTA,0
TTATACATACGCCCTG,0
TTATACCAAAACGCTA,0
TTATACCAGCTTAGTA,0
TTATACCGCTGCATTA,0
TTATACCTAGTAGACC,0
TTATACCTGAAAAGCC,0
TTATACGAAACTGGAT,0
TTATACGACAAAGAAT,0
TTATACGACAGGTCTG,0
TTATACGCCACCAATC,0
TTATACGCTTGAACCT,0
TTATACGTACAGTCAC,0
TTATACTCACGATCGC,0
TTATACTCGTCAAAGA,0
TTATACTCTAATTCTC,0
TTATACTCTACAAATT,0
TTATACTGCCTCACCA,0
TTATACTTAAATCCTG,0
TTATAGAACACGTCAA,0
TTATAGAATCCAAACG,0
TTATAGAGAACCAGAA,0
TTATAGAGTGAAATCA,0
TTATAGATTATTGGTG,0
TTATAGATTGTGGGTC,0
TTATAGCATTTTGGAG,0
TTATAGCCTATCAAAA,0
TTATAGCGCCAGAGCG,0
TTATAGCGGTGAGAAA,0
TTATAGCTCACAACCG,0
TTATAGGCATAAGGGG,0
TTATAGTAAGTATTCT,0
TTATAGTACTTTTCAA,0
TTATAGTAGGCGACAT,0
TTATAGTATGCGGGAC,0
TTATAGTGGATCTGAT,0
TTATAGTGTAAAAGCT,0
TTATAGTTCGGAAACT,0
TTATAGTTGCACCACA,0
TTATAGTTTAACCTAG,0
TTATATAACATGGGTT,0
TTATATAAGTACTTGT,0
TTATATAATACCTACT,0
TTATATACAAGGCATC,0
TTATATACATCTACAG,0
TTATATACTCGTATCT,0
TTATATACTTCATTTA,0
TTATATAGTAAATGAA,0
TTATATATAATTATAG,0
TTATATATATTTACCT,0
TTATATATGAAAAGTA,0
TTATATCAAGCATAAT,0
TTATATCATCCGAGAA,0
TTATATCGAGACTGGG,0
TTATATCGGGGGAAAT,0
TTATATCGGTACAATA,0
TTATATCTACTATGAA,0
TTATATCTAGCGCTAT,0
TTATATCTCACAGCTC,0
TTATATCTGAATGCAA,0
TTATATCTTCCCTGGT,0
TTATATGACGCAAAAC,0
TTATATGAGAAAAATG,0
TTATATGATCTAATTT,0
TTATATGCCTTTTAAG,0
TTATATGCTAACGATA,0
TTATATGCTACGAGCG,0
TTATATGGCTGTATCA,0
TTATATGTCTAAACTG,0
TTATATGTTTGGGCTA,0
TTATATTAAATATCCA,0
TTATATTAAGTTGAAG,0
TTATATTAGATGCTAC,0
TTATATTCATCAAGTG,0
TTATATTGAAAGACAT,0
TTATATTGACACAATA,0
TTATATTGTAAATCAA,0
TTATATTTAAATATGA,0
TTATATTTACAACTTT,0
TTATATTTCCTAAGAT,0
TTATATTTGGTACCGC,0
TTATATTTTAATCCCT,0
TTATCAAAAAATAATA,0
TTATCAAAGTCCTCAC,0
TTATCAACAACGATCA,0
TTATCAACAACTCGGT,0
TTATCAAGAGAAAGAA,0
TTATCAAGTGCCAATA,0
TTATCAATAAAAAGGA,0
TTATCAATACTGTCAA,0
TTATCAATCTTATACT,0
TTATCACAAACGCCTG,0
TTATCACAATCCGATA,0
TTATCACGGGTGGTAC,0
TTATCAGGACGTCTTT,0
TTATCATAAAGAGAGC,0
TTATCATAATTTGCAA,0
TTATCATCGCAAACTC,0
TTATCCAAAAAAAGTA,0
TTATCCAAACTAAACA,0
TTATCCAATAGATAAA,0
TTATCCACTCCATATC,0
TTATCCAGACTTCAGC,0
TTATCCAGGCGCCAAC,0
TTATCCCAAACTATAC,0
TTATCCCAAGATAGTA,0
TTATCCCACTATAGTA,0
TTATCCTATAGGACAG,0
TTATCCTCGAACCCGT,0
TTATCCTTCGTTTACT,0
TTATCCTTTATAAATA,0
TTATCGAAAACAGGTA,0
TTATCGAACTAAACCA,0
TTATCGAAGAAGAGAC,0
TTATCGATACCAGCAT,0
TTATCGCCTAGCCAAA,0
TTATCGCGTCCGGTAT,0
TTATCGGAATAGTACT,0
TTATCGGACTCCTTTA,0
TTATCGGGGATAACCC,0
TTATCGTACGATCACT,0
TTATCGTCCATAACAT,0
TTATCGTCTTACAAAC,0
TTATCGTGATCACCAA,0
TTATCGTTAATAGATT,0
TTATCTAAAAATCCTT,0
TTATCTAAGTAATCTA,0
TTATCTACAAACAGGA,0
TTATCTACACAATTTT,0
TTATCTAGACTTAAAA,0
TTATCTCACCGAGAGG,0
TTATCTCGGAAGGATA,0
TTATCTCTAACTAAGG,0
TTATCTCTAACTTTTC,0
TTATCTCTGGGAATGA,0
TTATCTGATTGGGCTA,0
TTATCTGGAACGAGAG,0
TTATCTTACCAGCATC,0
TTATCTTCTAATATGC,0
TTATCTTCTTTGCCAG,0
TTATCTTGATCGGACT,0
TTATCTTTCTAACCAC,0
TTATCTTTGAATCCTA,0
TTATGAAAAAAACTAC,0
TTATGAAAAACTCAGC,0
TTATGAAAACTAGGGA,0
TTATGAAACCACTCGG,0
TTATGAAAGGATGCCA,0
TTATGAAATTAGCTCA,0
TTATGAACTATGTGTT,0
TTATGAATTGAGTATG,0
TTATGACCCCAATATC,0
TTATGACCTTGAATCG,0
TTATGACGGCATGAGA,0
TTATGACTCTGTACGA,0
TTATGAGCAGACGATA,0
TTATGAGCGAAAATGA,0
TTATGAGCGAATAGCA,0
TTATGAGTGTAATGGT,0
TTATGATAGACACACA,0
TTATGATGTCACACAG,0
TTATGATGTGATACCC,0
TTATGCAAACTTATAC,0
TTATGCATATCTCGGA,0
TTATGCATGATAACTT,0
TTATGCCACTGCATGC,0
TTATGCCATGGCGAAG,0
TTATGCCCAAAGATCC,0
TTATGCGCGCCGGGCA,0
TTATGCTAAGGTAATG,0
TTATGCTACGGTGCAA,0
TTATGCTCCCGCTTAA,0
TTATGCTTCACGAACC,0
TTATGCTTTCCAAGCC,0
TTATGGAAAAGTTAAT,0
TTATGGAACGTTCTAT,0
TTATGGAATACGTCAA,0
TTATGGAGGAGCACAT,0
TTATGGATTTACACGG,0
TTATGGCAAAGTCACC,0
TTATGGCAGAAATCTC,0
TTATGGCAGCCAACAT,0
TTATGGCATCGACATA,0
TTATGGCCATGCGCCG,0
TTATGGCCCATTCTTC,0
TTATGGCCTGCTGCCT,0
TTATGGGACTCAACAA,0
TTATGGGGTTTTATGA,0
TTATGGTAAGTATAGG,0
TTATGGTACAACAATA,0
TTATGGTGCGTCCGAG,0
TTATGGTTTTACGCTA,0
TTATGTAAGTAATTCA,0
TTATGTAGCGGGTCCT,0
TTATGTATCATAATTA,0
TTATGTATTTGTTGAA,0
TTATGTCAATGAGTAA,0
TTATGTCACCGCAGTA,0
TTATGTCCATACAACA,0
TTATGTCGAAAACTAT,0
TTATGTCGAAGAAAAA,0
TTATGTGAACGCGCAT,0
TTATGTGACCCACTTC,0
TTATGTGGAAACACGA,0
TTATGTTAAACGAATA,0
TTATGTTAACCGACAT,0
TTATGTTACTTAACGC,0
TTATGTTCAGCAATAT,0
TTATGTTTCAAAACAC,0
TTATTAAACTAACTAA,0
TTATTAAAGCAGTCGG,0
TTATTAACAAGCGAAC,0
TTATTAACAGTAAATA,0
TTATTAACAGTATGAA,0
TTATTAACATAGTCAA,0
TTATTAACCTATTAAC,0
TTATTAAGTATAACCA,0
TTATTAAGTGTAGCAG,0
TTATTAAGTTGAGACC,0
TTATTAATACTTAACT,0
TTATTAATGAGGCGTA,0
TTATTACAAAACCTCG,0
TTATTACAACATATGG,0
TTATTACACATAGAAC,0
TTATTACATGAAACAA,0
TTATTACCACAGGGAT,0
TTATTACCGTTCTACA,0
TTATTACCTTTTATTT,0
TTATTAGAGCCCCGAT,0
TTATTAGGCTTATTTA,0
TTATTAGTATTAAGTC,0
TTATTATAGCGGAGCC,0
TTATTATAGTTTAAGT,0
TTATTATGTCATTCAA,0
TTATTATTAACCATCT,0
TTATTATTACGAATAT,0
TTATTATTCACTGAAA,0
TTATTCAAAGAAAGAA,0
TTATTCAACTACGATA,0
TTATTCAATAGTTTGT,0
TTATTCACGAATCGGT,0
TTATTCATCCGCTAGA,0
TTATTCATTTGATGAG,0
TTATTCGGAAAGCGCA,0
TTATTCGGGATGAGGA,0
TTATTCGGGCCGCTCG,0
TTATTCGTGGCTCGAC,0
TTATTCTACTATGCTA,0
TTATTCTATCAGTCAT,0
TTATTCTCATTAGCGA,0
TTATTCTCTATACCTA,0
TTATTGAAAATTGACA,0
TTATTGAAATGAATAA,0
TTATTGAACGACAATG,0
TTATTGAATAACAACA,0
TTATTGACAAGGTCAA,0
TTATTGACTAAAATAA,0
TTATTGAGAGGCTATG,0
TTATTGAGCCTCCTTT,0
TTATTGATACAATTCA,0
TTATTGATCGCCGTTC,0
TTATTGATTAAAGTAT,0
TTATTGCAGTTCTAAG,0
TTATTGCATGGTACCG,0
TTATTGCTACTAAAGA,0
TTATTGGACTAGACGA,0
TTATTGGGATCTTTTT,0
TTATTGTATACAGACT,0
TTATTGTCATCGGTTG,0
TTATTGTCGTTAAGAT,0
TTATTGTTTGTCTCCA,0
TTATTGTTTTCTCATA,0
TTATTTAAAACCTATA,0
TTATTTAACCATGAAG,0
TTATTTACACATCACA,0
TTATTTAGAAGCAAAC,0
TTATTTAGATAACAGA,0
TTATTTATACAGTAAC,0
TTATTTATAGAAAATT,0
TTATTTATCCACTACT,0
TTATTTATTCTTCGTG,0
TTATTTCAGTGACCCG,0
TTATTTCCTATCCCTC,0
TTATTTCGAAGTGTAA,0
TTATTTCGTAATCTTT,0
TTATTTCTATCGTGAT,0
TTATTTGATCGCCCCT,0
TTATTTGCAGCTCGCT,0
TTATTTTAAGCCTTTT,0
TTATTTTACCACAATT,0
TTATTTTAGTGTCATG,0
TTATTTTCGAGAAAAA,0
TTCAAAAAAACACGAG,0
TTCAAAAAAACTATTG,0
TTCAAAAAATAATCAG,0
TTCAAAAAATTGATTA,0
TTCAAAACAACGTAAT,0
TTCAAAACAACTAACT,0
TTCAAAACAATAGGTG,0
TTCAAAACATTGAGCA,0
TTCAAAACTAGGCAAA,0
TTCAAAAGTCATATTA,0
TTCAAAAGTGTAACTT,0
TTCAAAATGAGATTCT,0
TTCAAAATGTTAACTC,0
TTCAAAATTTCTAAAA,0
TTCAAACAACATTCCA,0
TTCAAACAGGGACACA,0
TTCAAACTGCACCACA,0
TTCAAACTTCACAAAT,0
TTCAAAGCGACAAGCT,0
TTCAAAGTAGAAAACA,0
TTCAAAGTAGACCTAT,0
TTCAAATCACTCTAGT,0
TTCAAATCCTTCACAT,0
TTCAAATGACCCCTAC,0
TTCAAATGTATAAACT,0
TTCAACACAAGCCATT,0
TTCAACAGTAATTGTA,0
TTCAACATACTGATAA,0
TTCAACATCCCACTAC,0
TTCAACCATCACTAAT,0
TTCAACCATGTTCAGG,0
TTCAACCCGACAGGGA,0
TTCAACCGCTGCTAAA,0
TTCAACCTTCTGACTG,0
TTCAACGCCGAACCGC,0
TTCAACGTTAAAGGAT,0
TTCAACTAAATAGCCA,0
TTCAACTAACTTTAAT,0
TTCAACTAATAAAGAA,0
TTCAACTGTTAATGTT,0
TTCAACTTAAATTTAC,0
TTCAACTTAATCGCGC,0
TTCAAGAAACTTAAAA,0
TTCAAGATAACGCACC,0
TTCAAGATCAAAACAC,0
TTCAAGATGCTAACAA,0
TTCAAGCCAAAATAAC,0
TTCAAGCTAGCAGTCC,0
TTCAAGGCACTTAATT,0
TTCAAGGTCCTATTCG,0
TTCAATAAATTGACAG,0
TTCAATAACACACTAA,0
TTCAATAAGAGACACT,0
TTCAATAATGCAAATG,0
TTCAATAATTCAGAAA,0
TTCAATACCAAGAAAA,0
TTCAATAGCTGTGCGA,0
TTCAATATGATACAAA,0
TTCAATATTAAATAAC,0
TTCAATCATCAGCAAC,0
TTCAATCATCCGTGCC,0
TTCAATCCATACGGAG,0
TTCAATCCATGTACCA,0
TTCAATCGATATTCAA,0
TTCAATCTACCTAGCG,0
TTCAATGCCAACCGAG,0
TTCAATGGGATAACCA,0
TTCAATTATAACCAAG,0
TTCAATTCCTGTCCCA,0
TTCAATTCTTTGTGCC,0
TTCAATTTATTCAAAC,0
TTCAATTTCGCACATC,0
TTCAATTTTATATCCT,0
TTCACAAACAAAACCA,0
TTCACAAACGAAATCT,0
TTCACAAAGGCAGTCA,0
TTCACAAAGGTTTATG,0
TTCACAAATACCATTA,0
TTCACAACAATAGGAA,0
TTCACAACCTAAAGAC,0
TTCACAACTATTAGCC,0
TTCACAACTTACAAGA,0
TTCACAACTTCTTAAA,0
TTCACAAGTGAATACG,0
TTCACACCAACCAGGA,0
TTCACACCGTTTAGAA,0
TTCACACGTACTCCAT,0
TTCACAGCTGCCATGT,0
TTCACAGTAAATATAA,0
TTCACAGTATACGAAT,0
TTCACATAACATATCG,0
TTCACATAACTGCCTG,0
TTCACATAATTGTCCA,0
TTCACATCGAGATTCT,0
TTCACATGGGTTAAAC,0
TTCACCAAACGAAATA,0
TTCACCACGGTGCCAA,0
TTCACCACTGAGTAGC,0
TTCACCAGAACCATTA,0
TTCACCAGTAAATGAC,0
TTCACCCAAGTCTCCA,0
TTCACCCACTGAGATT,0
TTCACCCGACTTATTC,0
TTCACCGAAGATCAAT,0
TTCACCGGTACTCTAG,0
TTCACCGTAAAAGTAG,0
TTCACCGTACCAGTTG,0
TTCACCTAGAATAACA,0
TTCACCTGTAATAATC,0
TTCACCTGTGTCTGAT,0
TTCACCTTTTACGAGG,0
TTCACGAAAATAAGAA,0
TTCACGAACCGCCTAC,0
TTCACGAATACACTCT,0
TTCACGAATCGTATAA,0
TTCACGAGTAGGCCTC,0
TTCACGCTAAAGTGTA,0
TTCACGCTATACTATA,0
TTCACGTACGGTAATC,0
TTCACGTGAAATGCAC,0
TTCACGTGCGTGAGCA,0
TTCACTAAACCTTACG,0
TTCACTAAATTTGGCC,0
TTCACTACCAAGATTA,0
TTCACTACGCACCTAA,0
TTCACTAGAAGATGCA,0
TTCACTAGAGACGCTA,0
TTCACTAGTATTCTAG,0
TTCACTATACTTTTGG,0
TTCACTATAGTCGGTC,0
TTCACTATCATAACAT,0
TTCACTATTCTAATTA,0
TTCACTCAACGAACAT,0
TTCACTCCATTTGTCA,0
TTCACTCGATGAGTGG,0
TTCACTCTTCGGCAAT,0
TTCACTGAACGTAAAA,0
TTCACTGCAAGTAGAT,0
TTCACTTCAGCCTTAA,0
TTCACTTCAGCTGGTG,0
TTCACTTGGGCTGATT,0
TTCACTTGTACTCTTA,0
TTCACTTTAATTTCTA,0
TTCACTTTGGTCGTAA,0
TTCAGAAAACTAATAT,0
TTCAGAAAAGCCAACC,0
TTCAGAAAATAAAGAA,0
TTCAGAAAGATACTGT,0
TTCAGAAATAGTCTCG,0
TTCAGAAATATCCAGG,0
TTCAGAAATATTTCGT,0
TTCAGAAGAAATCCGT,0
TTCAGAAGAACACGAG,0
TTCAGAATTTATTAAG,0
TTCAGACCTCTAATTA,0
TTCAGACGACGACGCG,0
TTCAGACGTTACTAAT,0
TTCAGACTGACAGAAT,0
TTCAGACTTAAGTTAT,0
TTCAGAGCGGATGTAA,0
TTCAGAGGCGAATACG,0
TTCAGATAATTAAAAA,0
TTCAGATTATAAACCG,0
TTCAGATTTAACGAGT,0
TTCAGATTTCTGTCTG,0
TTCAGCACAACAGTTG,0
TTCAGCCATTTCGAAC,0
TTCAGCCCGATATCCG,0
TTCAGCTACTGCGTAA,0
TTCAGCTCAACATCAA,0
TTCAGCTGGACAACAC,0
TTCAGCTTACTGCCAA,0
TTCAGCTTATAGCCAA,0
TTCAGGAAATTCATAA,0
TTCAGGAAGTTAATAC,0
TTCAGGAGAGCGTTCA,0
TTCAGGAGTTTTTGGA,0
TTCAGGGCATCAACGT,0
TTCAGGGTTGCCCATC,0
TTCAGGTATCTAAATC,0
TTCAGGTCACACAAAT,0
TTCAGGTTTTCTTTCG,0
TTCAGTAACAATTTCA,0
TTCAGTACCCTATTGC,0
TTCAGTAGTAAACTAG,0
TTCAGTCTAAAGTTAA,0
TTCAGTGCCATGATAT,0
TTCAGTTAAACAAGAT,0
TTCAGTTGACTAATTG,0
TTCATAAAAAAGGTAA,0
TTCATAACAATACGTA,0
TTCATAACACACAAAA,0
TTCATAACTTAATTAA,0
TTCATAAGTTGAGAGC,0
TTCATAATCATAACGC,0
TTCATAATGGTATTAC,0
TTCATAATTTGAACTA,0
TTCATACCTTTTAGTC,0
TTCATAGATATATGAT,0
TTCATAGCGCACTGGT,0
TTCATAGGAGTACGTA,0
TTCATAGGAGTGACGA,0
TTCATAGTATAAACAC,0
TTCATAGTTTTTAGGT,0
TTCATATACAACCTCG,0
TTCATATAGAAGCAAC,0
TTCATATATCTAGTAC,0
TTCATATATGCGACAT,0
TTCATATCACATATAC,0
TTCATATCCATTCAGT,0
TTCATATCCCCGCCGA,0
TTCATATTAACAAAAC,0
TTCATATTAATAGGAA,0
TTCATATTCATAATAA,0
TTCATATTCCGAGCTT,0
TTCATCAAGCTTTACA,0
TTCATCAATGACGATA,0
TTCATCACGACCTCTT,0
TTCATCACTCGTTAGG,0
TTCATCACTTAGACCT,0
TTCATCATCGACCACT,0
TTCATCATCGGGACAA,0
TTCATCCGTAACTGCT,0
TTCATCTAAATAAGTG,0
TTCATCTAGGGCTACC,0
TTCATCTCTTCTAGTA,0
TTCATCTGCCTATGGC,0
TTCATGACAGATATTT,0
TTCATGATAGTAAATT,0
TTCATGCATACTTTAT,0
TTCATGCCAAGAATTA,0
TTCATGCGGTTAAGTA,0
TTCATGGAGAATAGAG,0
TTCATGTAGGATAGGT,0
TTCATGTTATACGGAC,0
TTCATTAAAAAATAGA,0
TTCATTACTCGACGGC,0
TTCATTAGACAACAAA,0
TTCATTAGACCAATAA,0
TTCATTAGCAAAAACC,0
TTCATTATAGCCCGCT,0
TTCATTCCAATACAAT,0
TTCATTCGGTAACAAG,0
TTCATTCTATGTGATC,0
TTCATTGAGTAAGTAT,0
TTCATTGCACGCCGAA,0
TTCATTGTGAACAACA,0
TTCATTTAAAGGACAA,0
TTCATTTCTCTCGATT,0
TTCCAAAAATATGTGT,0
TTCCAAAAATGTACCG,0
TTCCAAACAATCTGAG,0
TTCCAAAGACAAGATT,0
TTCCAAAGGGAGATAA,0
TTCCAAATACGTATAT,0
TTCCAAATCTTAAACA,0
TTCCAAATTAATCCAA,0
TTCCAAATTGGTATAC,0
TTCCAACGTATATTCT,0
TTCCAACTTAATCCCC,0
TTCCAAGCATACGCTC,0
TTCCAAGCTACAATGC,0
TTCCAAGGCCAAAGGT,0
TTCCAAGGGTTCATAC,0
TTCCAAGTTGATCCAT,0
TTCCAATCGTGTTATG,0
TTCCAATTCAACAACG,0
TTCCAATTTGGTCCAC,0
TTCCACAAAAGAGAGT,0
TTCCACAAGTGCACTG,0
TTCCACACTTGTAAAC,0
TTCCACATTGGAAAGC,0
TTCCACCAATGTTAAT,0
TTCCACCACTGACTAC,0
TTCCACGATCAACTCA,0
TTCCACGTCAATTGGA,0
TTCCACTAATATTCTA,0
TTCCACTACTAAAACA,0
TTCCACTGCCCGCCCG,0
TTCCACTTTCCACGAT,0
TTCCAGAAAATGACGA,0
TTCCAGACCGACTGCC,0
TTCCAGCACAGGGTTC,0
TTCCAGCACTACCGAG,0
TTCCAGCAGAATCGGC,0
TTCCAGCTACTGATCT,0
TTCCAGCTGACAGCAA,0
TTCCAGGAGAATAAGA,0
TTCCAGGTCCCGCAAC,0
TTCCAGTAACACGTTA,0
TTCCATAATAAATAGT,0
TTCCATACGGTATACT,0
TTCCATATTCAAGAAG,0
TTCCATCATTATATAT,0
TTCCATCGCCGAGTTC,0
TTCCATGCAACCATAT,0
TTCCATGTACTCAGCG,0
TTCCATTGCGTACAAG,0
TTCCATTTTATTTGTA,0
TTCCCAAAACCGTCCC,0
TTCCCAAATTGTAGAC,0
TTCCCAAGAAAGCATA,0
TTCCCAAGTATTCAAT,0
TTCCCACAGGACTATT,0
TTCCCACATCTCTCTA,0
TTCCCACATTCTGAAT,0
TTCCCACCGCAGAATA,0
TTCCCACTGACGTAAC,0
TTCCCAGTCCCGAATC,0
TTCCCATCATCGTGTA,0
TTCCCATGGAGGTACT,0
TTCCCATGTCAACCGA,0
TTCCCATTAGGAAGCC,0
TTCCCCAAATAATCTC,0
TTCCCCAGTCTACCAC,0
TTCCCCCAGAACTCAA,0
TTCCCCGCAGACCCCC,0
TTCCCCGTAAGACAGT,0
TTCCCCTCACGAGTAC,0
TTCCCGCACGTATGCC,0
TTCCCTATAAAATAGA,0
TTCCCTATCAGTGGGG,0
TTCCCTCTCTCGGTGG,0
TTCCCTGAAGTTATAA,0
TTCCCTGTTTCATGGG,0
TTCCGAAAACTGTCTG,0
TTCCGAACGGTGAAAC,0
TTCCGAAGAGTGAGAA,0
TTCCGACAACTGAATA,0
TTCCGACGAACAAGCG,0
TTCCGATGAACCCCTT,0
TTCCGATGTAAAAAAG,0
TTCCGCCAATAGAACC,0
TTCCGCCATTGTATGT,0
TTCCGCCTATGAAACG,0
TTCCGCTAAAGTGTCC,0
TTCCGCTATTCGATCG,0
TTCCGCTGCGGGACAC,0
TTCCGGAAAGTCGTAG,0
TTCCGGCCATAACGCA,0
TTCCGGCGGAGAATTC,0
TTCCGTAATAATTCCT,0
TTCCGTAATTAGTAAT,0
TTCCGTCAGGGTCAAA,0
TTCCGTGATCGAATTC,0
TTCCGTGGAACATCCG,0
TTCCGTGTAATGCACA,0
TTCCGTGTCCTACGGG,0
TTCCGTTAACCAAAAG,0
TTCCTAAATAAGAATG,0
TTCCTAAATCTGCGCG,0
TTCCTAACAATGAAAG,0
TTCCTAACATTTAAAT,0
TTCCTAAGAATATCAA,0
TTCCTACCCAAAGCTG,0
TTCCTACCCTAGATTG,0
TTCCTAGTACTCATAC,0
TTCCTAGTCAACGAAA,0
TTCCTATACCTAAGGC,0
TTCCTATCGGTTTAAA,0
TTCCTCAAAAAGCCGC,0
TTCCTCAAGACAATCC,0
TTCCTCAAGCATATCT,0
TTCCTCAATTGCACGC,0
TTCCTCATTTAACTAT,0
TTCCTCATTTGTTGAT,0
TTCCTCCAACCAAAAG,0
TTCCTCCCAGTATAAC,0
TTCCTCGCTAAACCCA,0
TTCCTCGGAAGCGCTT,0
TTCCTCGTGGTTTAAC,0
TTCCTCTAATCAGGTG,0
TTCCTCTATGAAGGTA,0
TTCCTCTTCAAAAATA,0
TTCCTGAAGCGAAATT,0
TTCCTGACCCCATTCT,0
TTCCTGATATATAGAA,0
TTCCTGTCAGTTCCTA,0
TTCCTTAATTGTTAAC,0
TTCCTTAGGCGTTCTG,0
TTCCTTATCTGTTCAA,0
TTCCTTCACACAAAGG,0
TTCCTTCCCCACATTC,0
TTCCTTGCAAAACTCT,0
TTCCTTGCTGAATGGG,0
TTCGAAAAACAAAAGA,0
TTCGAAAAATCCAGCA,0
TTCGAAAACACCAGAT,0
TTCGAAAATATCTATG,0
TTCGAAACAATAGTTG,0
TTCGAAACTATACATT,0
TTCGAAAGAAGAACAA,0
TTCGAAATAATACACT,0
TTCGAAATCTAGAGCC,0
TTCGAAATGGAGGTTA,0
TTCGAAATTACCTTCC,0
TTCGAACATTATGTAA,0
TTCGAACATTCAAAGA,0
TTCGAACCTTACACAG,0
TTCGAAGAAACACTTT,0
TTCGAAGAAGCGGGGA,0
TTCGAAGGCGGGATAA,0
TTCGAAGTAGTATTAT,0
TTCGAAGTGTATAAAA,0
TTCGAATCAATTATAA,0
TTCGAATCGAAAAAGA,0
TTCGACAATAGGCCCT,0
TTCGACAATTCCTCTG,0
TTCGACATCGCATGTG,0
TTCGACATTACAGCCC,0
TTCGACCAGACCGACT,0
TTCGACCATACGACTA,0
TTCGACCTAAGTAAAT,0
TTCGACGTTATGCTAA,0
TTCGACTAAGAGCGCA,0
TTCGACTATGGCTAAT,0
TTCGAGATAGTAAACC,0
TTCGAGGCCCCTTTCT,0
TTCGAGGTCTCCTATT,0
TTCGAGTAAGCCATGA,0
TTCGAGTACATTAAAT,0
TTCGATAAGCCTGACC,0
TTCGATAAGCGATCGT,0
TTCGATAGATCAAATC,0
TTCGATCCAATATGGA,0
TTCGATCCTCCGGATT,0
TTCGATCTATATCTAA,0
TTCGATCTTAGATACC,0
TTCGATCTTTTTTTCC,0
TTCGATGCCAAATTCA,0
TTCGATGGAAATTCAG,0
TTCGATTGTGAAATTC,0
TTCGCAAACATCTAGA,0
TTCGCAAATCAATAAA,0
TTCGCAAATTAATAGT,0
TTCGCAATCACGATAC,0
TTCGCACACCACATGT,0
TTCGCACCACAGCTCG,0
TTCGCACCCCGTTACC,0
TTCGCAGGTCATTGCA,0
TTCGCCAGCTAAAAGC,0
TTCGCCAGGCCCAAAA,0
TTCGCCCACTATCCTT,0
TTCGCCCCTTCTCATA,0
TTCGCCCTAGGTACCT,0
TTCGCCGATGAAAAAA,0
TTCGCCTCCTGAAGGG,0
TTCGCGAGGAGCCCAA,0
TTCGCGCCCAAGAAAA,0
TTCGCGGGTAACCCAT,0
TTCGCGTTGAAATGGA,0
TTCGCTAAAAAATTCT,0
TTCGCTAACCTCATAA,0
TTCGCTCATCAAAACT,0
TTCGCTCGATTTTACT,0
TTCGCTTATTCGTGTA,0
TTCGGAATCACAAAAT,0
TTCGGACAGTGTCAAA,0
TTCGGACCAGTCAGAA,0
TTCGGACCCTGCGCTG,0
TTCGGACTATTTTTTA,0
TTCGGAGAGCAGAAGG,0
TTCGGAGGCATAATAA,0
TTCGGAGTTAGGCACT,0
TTCGGATATTCATATT,0
TTCGGCAAAGGACTGA,0
TTCGGCGACGTCCCAG,0
TTCGGCTATAACAAAG,0
TTCGGCTCAGACACTT,0
TTCGGCTCTGGCCATC,0
TTCGGGATGGTACGGT,0
TTCGGGATTTACCACT,0
TTCGGGCATTCGTTTC,0
TTCGGGTAAAAATCTC,0
TTCGGTAACAAAGCTA,0
TTCGGTATAATGGATT,0
TTCGGTATGTATTGAA,0
TTCGGTCACAAACATC,0
TTCGGTGAATGGTATC,0
TTCGTAAGAAAGCAAA,0
TTCGTAAGGATTTCAG,0
TTCGTACAAGCCACAT,0
TTCGTACCAGCAGAAA,0
TTCGTACTTTTGAGGG,0
TTCGTAGAATAAATGA,0
TTCGTATACCACATAT,0
TTCGTATCTATTAGAC,0
TTCGTCTAATCTAAAG,0
TTCGTCTGGGAAATAC,0
TTCGTGAATACGGCGT,0
TTCGTGAGTGTATAAA,0
TTCGTGTACTATTATA,0
TTCGTTAACTAAGAAG,0
TTCGTTAATTAAATGA,0
TTCGTTAATTTCACCA,0
TTCGTTACATAAGTCT,0
TTCGTTACATAATTTA,0
TTCGTTACCATAATCA,0
TTCGTTACCTAATTGC,0
TTCGTTATAAAAAACA,0
TTCGTTCAACCGTTAA,0
TTCGTTGGAACTGCAA,0
TTCGTTTAAAATTATT,0
TTCGTTTATACCCGAG,0
TTCGTTTGTAATATAC,0
TTCTAAAAAACTCCGG,0
TTCTAAAAGGGGGAAT,0
TTCTAAAAGTATTATC,0
TTCTAAACAACAAGTA,0
TTCTAAACTCTGCCCG,0
TTCTAAAGAATCTGCG,0
TTCTAAAGAATGAAAT,0
TTCTAAAGAGACCAAT,0
TTCTAAATATTGACAG,0
TTCTAAATGTTTTCAG,0
TTCTAACAAGCTCACT,0
TTCTAACATCTATAAA,0
TTCTAACCAAATTCTA,0
TTCTAACGACTAGGTA,0
TTCTAAGCAAACGCAG,0
TTCTAAGCCCCTCTAG,0
TTCTAAGCCGGAGAGA,0
TTCTAAGTCTAATGCA,0
TTCTAAGTGCCAGACC,0
TTCTAAGTGTCCTCTA,0
TTCTAATTATAATGTC,0
TTCTAATTCGCTTAGA,0
TTCTAATTTCCCTTAA,0
TTCTACAATCTTCCCG,0
TTCTACACACATAGAG,0
TTCTACAGATAGGTAA,0
TTCTACCAAGAAACTC,0
TTCTACCACATGTAAT,0
TTCTACCCAATGGACA,0
TTCTACCTAATGGAAA,0
TTCTACCTAGCAACTC,0
TTCTACGAGCCAAGAA,0
TTCTACGAGGAAATTA,0
TTCTACTAAAAGATTT,0
TTCTACTACTTTTCTG,0
TTCTACTATGAACGGG,0
TTCTACTTGAAAAGAT,0
TTCTAGAAGACAGTAA,0
TTCTAGACCATCGGTC,0
TTCTAGATAATAGTTT,0
TTCTAGCCAAAGTGAA,0
TTCTAGCCAGCAGCGA,0
TTCTAGCGGCCCTTCC,0
TTCTAGCTGAAAAATA,0
TTCTAGGCTTGGGTGC,0
TTCTAGGTTGACCTAC,0
TTCTAGTCCGACCATT,0
TTCTAGTGAAATTCCA,0
TTCTATAACCGAAACT,0
TTCTATACAAACATTA,0
TTCTATAGTAACCGAT,0
TTCTATAGTAATATGG,0
TTCTATATAAGCCTTT,0
TTCTATATGTGGGCAA,0
TTCTATCCGTAGCAAG,0
TTCTATGCAAAAAGCC,0
TTCTATGCGTAAGTCG,0
TTCTATGTCCAAAACT,0
TTCTATTAGCTGATTA,0
TTCTATTCAAACTACA,0
TTCTATTGCGAACAAG,0
TTCTCAAAATTCTCCT,0
TTCTCAAACTACTTTA,0
TTCTCAAATCGTACTC,0
TTCTCAACTAGAAAGT,0
TTCTCAAGCAACGCGC,0
TTCTCAATAATGAGAT,0
TTCTCAATCCAACGAC,0
TTCTCAATTTAACTTC,0
TTCTCACAAAAAAAAA,0
TTCTCACTAAGTTCAA,0
TTCTCAGGTTTGCATT,0
TTCTCAGTGTTATAAC,0
TTCTCATGAGAAAATT,0
TTCTCATTCATGTCCC,0
TTCTCCACAGCAAACA,0
TTCTCCACTACCTAAA,0
TTCTCCACTCTGAATA,0
TTCTCCCGACCATAAT,0
TTCTCCCTGAAACGGT,0
TTCTCCTATGTGGACC,0
TTCTCCTCATGAATAG,0
TTCTCCTGCAATGACG,0
TTCTCCTGTCTGCTCT,0
TTCTCGAACCAGCAGC,0
TTCTCGAGACGAAAAC,0
TTCTCGATTGCATGAG,0
TTCTCGCTGTAAGAAA,0
TTCTCGTAAACTTCAA,0
TTCTCGTATGTCCTGA,0
TTCTCTAAATTTCAAA,0
TTCTCTAACATCTACC,0
TTCTCTACTAACTCGT,0
TTCTCTAGCGCATACA,0
TTCTCTAGCGGATAGT,0
TTCTCTAGTAACCTAC,0
TTCTCTATGGAAATAG,0
TTCTCTATTCACATCG,0
TTCTCTCACAACCATG,0
TTCTCTGACGCTTTTA,0
TTCTCTGTCGCAAGAA,0
TTCTCTTAGTTAGATC,0
TTCTCTTGGCAGCGAG,0
TTCTCTTTATAAATTT,0
TTCTGAAAGATACCTG,0
TTCTGAAGAAGAGCCC,0
TTCTGAATGACCTAAG,0
TTCTGACAAAAGGAAA,0
TTCTGACACAAACGCA,0
TTCTGACCAGGGCCTA,0
TTCTGACCCAGCGCAA,0
TTCTGACGGTAAAATC,0
TTCTGACTTTGGAAAT,0
TTCTGAGAAAGATGGT,0
TTCTGAGGACTCAAAC,0
TTCTGATGGTCACATA,0
TTCTGATTAACGTCCC,0
TTCTGATTACCTCTTC,0
TTCTGATTAGTGCATG,0
TTCTGCAATTACACTC,0
TTCTGCCCAATACTTT,0
TTCTGCCCCAGACACC,0
TTCTGCCTTATACAAA,0
TTCTGCTACTATAAAT,0
TTCTGCTCACAAACCT,0
TTCTGGACTGGCACTA,0
TTCTGGATTAGAGACC,0
TTCTGGGCCACGGACA,0
TTCTGGGTAGTAGATA,0
TTCTGGGTATCAACAT,0
TTCTGGTGTCGGGCGT,0
TTCTGGTTTCAATCAA,0
TTCTGTAAGCCCCGTG,0
TTCTGTAGATTTCCTC,0
TTCTGTTAACTCGGCT,0
TTCTGTTTAGAGGCTC,0
TTCTTAAAGATTCATG,0
TTCTTAACGCAAGCGA,0
TTCTTACCATCAAAGA,0
TTCTTACGTATAGGTG,0
TTCTTACTGAAATGTG,0
TTCTTACTGACCAGAC,0
TTCTTAGAGAACTTAA,0
TTCTTATAACACACGT,0
TTCTTATAACTGTGCA,0
TTCTTATAAGCATGAG,0
TTCTTATACAGCTTCC,0
TTCTTATCTCACAAAA,0
TTCTTATCTGACCGGG,0
TTCTTATGATACATTA,0
TTCTTATGGACAGATC,0
TTCTTATTTGGACTAA,0
TTCTTATTTTCCATAA,0
TTCTTCAACCCTAATC,0
TTCTTCATGCGTAAAA,0
TTCTTCCAATGTAATG,0
TTCTTCCACAGATTGT,0
TTCTTCCTTAACGTAC,0
TTCTTCGACATGGTGG,0
TTCTTCTCCCAAACTA,0
TTCTTGACTTTTTGTA,0
TTCTTGAGGCAGATGA,0
TTCTTGATAGATAGAA,0
TTCTTGGCTATTATTC,0
TTCTTGTAATTAACAG,0
TTCTTGTATAGATACC,0
TTCTTGTCCGGGTACG,0
TTCTTTAAATGGTACA,0
TTCTTTACAAAGACAA,0
TTCTTTAGAACTGAAG,0
TTCTTTAGGACAAACA,0
TTCTTTCAACGTAAAG,0
TTCTTTCAGTCAAAAA,0
TTCTTTGGACTAACCA,0
TTCTTTGTGTGTCACC,0
TTCTTTTAATGGCCGT,0
TTCTTTTGTATGGTGC,0
TTGAAAAAAAAAATAA,0
TTGAAAAAGAGTGGCT,0
TTGAAAACAACTGGAA,0
TTGAAAAGTAATTTAC,0
TTGAAAATACAAACTT,0
TTGAAAATCGAAAGTG,0
TTGAAAATGAATCCGA,0
TTGAAAATGAGCATCT,0
TTGAAACAAAAAACAG,0
TTGAAACAAACACGCA,0
TTGAAACAAGGCACAA,0
TTGAAACACTCCGTGT,0
TTGAAACACTGGACAA,0
TTGAAACAGACAGCCC,0
TTGAAACCCAAAATTG,0
TTGAAACCTGAATGAG,0
TTGAAAGAAAAAGAAC,0
TTGAAAGACACTGGCT,0
TTGAAAGCAACCATGA,0
TTGAAAGCCCCGACCA,0
TTGAAAGCTATTGGTC,0
TTGAAAGGCATACTAC,0
TTGAAAGTAAAGGCTT,0
TTGAAATACCTTATAC,0
TTGAAATCTAACAAGC,0
TTGAAATGGCTCATTG,0
TTGAAATTACACACTA,0
TTGAACAAACAATGAA,0
TTGAACAAATACACTA,0
TTGAACAAGCAGCTTG,0
TTGAACAAGTCAAGGG,0
TTGAACAATCATTCTG,0
TTGAACAATTATTCGA,0
TTGAACACCCCAACGA,0
TTGAACACGATTACAA,0
TTGAACACTATGTAAA,0
TTGAACCCGAACATAA,0
TTGAACCCTAGTCATC,0
TTGAACGAAAAATTAA,0
TTGAACGCATGTATTA,0
TTGAACTACTCGAAGT,0
TTGAACTAGCCTGAAA,0
TTGAACTATAGAACTC,0
TTGAACTGCCGTGTAT,0
TTGAACTTACAATCAT,0
TTGAACTTGTACTTCA,0
TTGAACTTTGATATTC,0
TTGAAGAACGTAAACC,0
TTGAAGAAGACGGTGA,0
TTGAAGAATATTCAAA,0
TTGAAGAATCCCTACT,0
TTGAAGAGGAACCGTT,0
TTGAAGCGATGGACAC,0
TTGAAGTAAAGCAATT,0
TTGAAGTAGATGATAA,0
TTGAAGTAGCAATGCA,0
TTGAAGTATTGAAATA,0
TTGAAGTCGTACGCTT,0
TTGAAGTCTTAACACC,0
TTGAATAAACTCACAC,0
TTGAATAAAGCGGAAA,0
TTGAATAAATAGGGCA,0
TTGAATAACATTACAT,0
TTGAATAACTAGCGCG,0
TTGAATAGGGCCCTTC,0
TTGAATATAAGTATAC,0
TTGAATATAGTAAAGT,0
TTGAATATTCGAGGTA,0
TTGAATATTTGCTGGT,0
TTGAATCAGCCTAATT,0
TTGAATCCGTTTTTCA,0
TTGAATCTAGACGAAC,0
TTGAATGAACTTTAAG,0
TTGAATGACTCCTGTT,0
TTGAATGCCGAAATCT,0
TTGAATTAAATAGCAA,0
TTGAATTCTTGACCCC,0
TTGAATTGAGAAGTGT,0
TTGAATTTAACGGACC,0
TTGAATTTACATTCGA,0
TTGAATTTACCATCCA,0
TTGAATTTTTAGAAGC,0
TTGACAAACCCAAATT,0
TTGACAAAGGGGCTCA,0
TTGACAACGTCCTAGA,0
TTGACAACTTGAGGTT,0
TTGACAAGAACAAAAG,0
TTGACAATATACATTA,0
TTGACAATCTGGATTC,0
TTGACACACCACTAGT,0
TTGACACGTAGCAAAC,0
TTGACACTTAGAACCC,0
TTGACAGACCGTTAGT,0
TTGACAGGCAACTGGC,0
TTGACATGTATAAACA,0
TTGACATTTAAATACT,0
TTGACCAAAGTGAGAT,0
TTGACCAATCAGCAAT,0
TTGACCATCCAAAGTT,0
TTGACCCAAAAAGCTG,0
TTGACCGTTGATTTGA,0
TTGACCTATAAATGTA,0
TTGACCTTCATTCCCA,0
TTGACGATCCCGACTT,0
TTGACGCACAAAAATT,0
TTGACGCCCCAAGGTA,0
TTGACGCGTCCATTAA,0
TTGACGCTAGTTGTGA,0
TTGACGGCCGATAATA,0
TTGACTAACGACAAGT,0
TTGACTACATGCAAAA,0
TTGACTAGACCTTGCG,0
TTGACTCATATAACAT,0
TTGACTGAGCATCAGA,0
TTGACTGTTATGTAGT,0
TTGACTTACAAATAGT,0
TTGACTTACCATTTCT,0
TTGACTTAGCTTTGCT,0
TTGACTTCCGTTCCCT,0
TTGAGAACCCTCGAAA,0
TTGAGAAGAACTAAAG,0
TTGAGAATTAAACACA,0
TTGAGACAATTTTCAA,0
TTGAGACGTCAACAAA,0
TTGAGACTAAATATCA,0
TTGAGACTAGTTTCCT,0
TTGAGAGACAACCCTA,0
TTGAGAGTAACCACGA,0
TTGAGATATCCATTAC,0
TTGAGATTGTTTGCTA,0
TTGAGCAAAGATCGCG,0
TTGAGCACCCATCAGG,0
TTGAGCACGAGCCCTA,0
TTGAGCCCTCATTTTA,0
TTGAGCCTCTAACTGA,0
TTGAGCGCCGTTAGAC,0
TTGAGCGTGCTTGAAC,0
TTGAGCTACCTCTTAG,0
TTGAGCTATTAGAGCG,0
TTGAGCTGCACATAAG,0
TTGAGGAAGTAACCCG,0
TTGAGGACGACCATCT,0
TTGAGGATCAAACATT,0
TTGAGGCATCCCCCAT,0
TTGAGGGCACTTAATA,0
TTGAGGGCAGTGACCT,0
TTGAGGTGGATAAAGG,0
TTGAGGTTCACTGCCC,0
TTGAGTAATTACCCCA,0
TTGAGTACGGAGGAAA,0
TTGAGTAGTTAATGCG,0
TTGAGTCAGATACTTT,0
TTGAGTCCCTCTCCGT,0
TTGAGTCCGACAAAAA,0
TTGAGTCGGGAGGTCC,0
TTGAGTCTATGCCCTG,0
TTGAGTGAATAACGAA,0
TTGAGTTAAAAAGCTC,0
TTGATAAATATGATAA,0
TTGATAAGAATGAAGA,0
TTGATAAGGAAACAAT,0
TTGATAAGTACTTCAC,0
TTGATAATTGAGTAAC,0
TTGATACAAAAATAAT,0
TTGATACATGACCTTG,0
TTGATACATGTGTTGC,0
TTGATACCTATCCCAG,0
TTGATAGAACAACAAT,0
TTGATAGGCATGTTCT,0
TTGATAGGTATTGGTT,0
TTGATAGTCACCAGTA,0
TTGATATAAATATCTA,0
TTGATATATAGTGGCC,0
TTGATATATGCTAAGT,0
TTGATATGCTACAACA,0
TTGATATTAAGCAAAC,0
TTGATATTACTTCAAC,0
TTGATCAACTGTGAGA,0
TTGATCAGAACAGCTA,0
TTGATCAGCAGATCAA,0
TTGATCCAAGAACACA,0
TTGATCCACACCAACG,0
TTGATCCAGGCTTTTA,0
TTGATCCATAAATACT,0
TTGATCGAATGACTCC,0
TTGATCGCGATAGCCT,0
TTGATCGTACAATCCA,0
TTGATCGTTGCAGCAT,0
TTGATCTCTAATAAAA,0
TTGATCTTGAAACCAA,0
TTGATGACTCCAGTCC,0
TTGATGAGATAGGCCA,0
TTGATGCCATAATCGT,0
TTGATGCTGACTGGAT,0
TTGATGGCACATTTAA,0
TTGATGGCAGGAATAA,0
TTGATGGTCATTATAA,0
TTGATGTACAGGCAAA,0
TTGATGTACTATCATA,0
TTGATGTCCTGTCCGG,0
TTGATGTGATCACTGC,0
TTGATGTTAAAACTAT,0
TTGATTAAATATCAAT,0
TTGATTAAGGGATATT,0
TTGATTACAAACCTTT,0
TTGATTAGACATGGGC,0
TTGATTAGAGGAAGAT,0
TTGATTATCTCATTGC,0
TTGATTGCCACTTTCG,0
TTGATTGCTTGACTTC,0
TTGATTGTATAGGATC,0
TTGATTTACTAAAGGA,0
TTGATTTCACCCCCAA,0
TTGCAAAAAAATATCG,0
TTGCAAAAATAATCAA,0
TTGCAAACCAACAAAA,0
TTGCAAACCGACACCT,0
TTGCAAACGGTAGCTC,0
TTGCAAATTCAAACTT,0
TTGCAACAGAACAGTA,0
TTGCAACGTAACCCCG,0
TTGCAACTCGCAATGA,0
TTGCAAGACCTCACCA,0
TTGCAAGACGATAATA,0
TTGCAAGATTTACATA,0
TTGCAAGGGAGCAAGA,0
TTGCAATATAAGTATA,0
TTGCAATCCACTACTT,0
TTGCAATGAGATGTCT,0
TTGCAATGGCAGTAAT,0
TTGCAATGGCAGTGAT,0
TTGCAATTATAATCGG,0
TTGCACAAAAGTAGAG,0
TTGCACACTAACTAAC,0
TTGCACTAATACTGGG,0
TTGCACTCTAATTATA,0
TTGCAGATCCAAGGAA,0
TTGCAGCAGCCAGGCT,0
TTGCAGCCCGGAAGAA,0
TTGCAGGACAAAAAAT,0
TTGCAGGTAGTACAAT,0
TTGCAGGTTCAGTGTC,0
TTGCATAATATAGCGT,0
TTGCATAGAATATAAG,0
TTGCATAGTCGACTCC,0
TTGCATATTAGCCCTC,0
TTGCATCAAAGTAAAT,0
TTGCATCCCCAAATCT,0
TTGCATTGAATGCGTA,0
TTGCATTTTGAAACCC,0
TTGCATTTTGTGCTAA,0
TTGCCAAGTATCGGTG,0
TTGCCAAGTGTTGAGA,0
TTGCCAATAATTTTAA,0
TTGCCACCAAAACGAT,0
TTGCCACCAAAGACTG,0
TTGCCAGAAAAGCGAC,0
TTGCCATAACCCATTT,0
TTGCCATAGAATAGCT,0
TTGCCATATCTTCTAA,0
TTGCCATCAGTAACAA,0
TTGCCATTATGCATTA,0
TTGCCCAATCCTAGGC,0
TTGCCCAGGATAGCGA,0
TTGCCCATAGCAATCA,0
TTGCCCATGAATTTAA,0
TTGCCCATGCTAGGAA,0
TTGCCCCAAATTATGT,0
TTGCCCCCTTGCTTCC,0
TTGCCCCTTTTAACCA,0
TTGCCCGATAAAATTG,0
TTGCCCGCAGAAGAAT,0
TTGCCCGCCAGCATAA,0
TTGCCCGCTTACTTGT,0
TTGCCCGGAGAAGGAA,0
TTGCCCTCAAACGCGT,0
TTGCCGAAAACCGATT,0
TTGCCGGCTCATCAAG,0
TTGCCGTAGGTTGTAT,0
TTGCCGTCTTATTATG,0
TTGCCTAAGGTACAAG,0
TTGCCTACCAGATAAT,0
TTGCCTAGTCTCGTAA,0
TTGCCTCAAAAGGTTA,0
TTGCCTCCTCACTATG,0
TTGCCTGCGCACAATG,0
TTGCCTGGGAAACCAA,0
TTGCCTGTATACCTTC,0
TTGCCTGTCAACACAG,0
TTGCCTTCGTTAGGGT,0
TTGCCTTGTAAACATG,0
TTGCGACAAGAAGCGT,0
TTGCGAGAACTAACCC,0
TTGCGAGACTTTATGT,0
TTGCGAGCAACCGAAA,0
TTGCGATTATGGCTGG,0
TTGCGATTGGCAAAAT,0
TTGCGATTTAAACATA,0
TTGCGCAAGTTACCTA,0
TTGCGCAATAACAAAC,0
TTGCGCAGAACATAAC,0
TTGCGCATGAAACGTG,0
TTGCGCTAGTTAACTA,0
TTGCGCTATCCTATGA,0
TTGCGCTTGAGAGTAG,0
TTGCGCTTTTATCCGC,0
TTGCGGAGAAACACGA,0
TTGCGGAGCAGCAAAC,0
TTGCGGCGTCAACCCT,0
TTGCGGGATCGCTTCT,0
TTGCGGGGTAACGTCA,0
TTGCGGTCCTTTTCCA,0
TTGCGGTTAAACGTAC,0
TTGCGTAAAGAACTTT,0
TTGCGTAGATCATGTG,0
TTGCGTATAAACAAAG,0
TTGCGTATGATTGCTA,0
TTGCGTCGTGATTACT,0
TTGCGTGAGGCCTACC,0
TTGCGTTAATCCGAAT,0
TTGCGTTATAATGGCA,0
TTGCTAAAGTAAATTC,0
TTGCTAAATATCGTGA,0
TTGCTAACATCTAGGA,0
TTGCTAACTTTCCACA,0
TTGCTAAGCGCCTATG,0
TTGCTAAGGATTTACG,0
TTGCTACAGCACGCGC,0
TTGCTAGATGCCAGAA,0
TTGCTAGCGCACTGCC,0
TTGCTAGTAATACATC,0
TTGCTATTAGAATTCA,0
TTGCTATTGACATTAA,0
TTGCTCACCTAAACAG,0
TTGCTCAGATTAAAGG,0
TTGCTCCGAATTATCA,0
TTGCTCCTAAAAGTCT,0
TTGCTCCTATCCAGCC,0
TTGCTCGAAAATGGTT,0
TTGCTGAAAAGTTGGA,0
TTGCTGACAAACAATT,0
TTGCTGCTGAAGTATA,0
TTGCTGTCCCGCCAAG,0
TTGCTGTGAGAAACAA,0
TTGCTTAACACCAAGT,0
TTGCTTAGCCCATGCC,0
TTGCTTCAAATATAGC,0
TTGCTTCATACATGCG,0
TTGCTTCTAACTATTC,0
TTGCTTGAACCACACC,0
TTGCTTTAGATTAAAA,0
TTGCTTTCCAAAATTC,0
TTGGAAAACAAAATGT,0
TTGGAAAATAGTTAAA,0
TTGGAAAGCTAACTAT,0
TTGGAACTGTGAAACA,0
TTGGAAGCTCTATCAC,0
TTGGAAGTTGTCCTAA,0
TTGGAATCCAGGTTTA,0
TTGGAATCTGCCTAAA,0
TTGGAATGAAGGCTCA,0
TTGGAATTACAAACCT,0
TTGGAATTCCATAAAA,0
TTGGAATTCGTTATAT,0
TTGGACCTGGTCTGGG,0
TTGGACGCTCTCCCAG,0
TTGGACGGTCCAGAAC,0
TTGGACTACACAACCT,0
TTGGAGAACGGACCGG,0
TTGGAGAAGGTTTCAG,0
TTGGAGACCAAATCAC,0
TTGGAGCAAAAATCCC,0
TTGGAGGCATAATTCT,0
TTGGAGTAGACATAGC,0
TTGGAGTTATCATTTA,0
TTGGATAACCAAAGAA,0
TTGGATAAGCTCGGAA,0
TTGGATAATTGAACTT,0
TTGGATCAGTAACGAG,0
TTGGATCATTTAAGCG,0
TTGGATTTCTTGCAGA,0
TTGGCAAAAATTTTCA,0
TTGGCAACGATTTAAG,0
TTGGCAATGACGAAGT,0
TTGGCACCACATATCT,0
TTGGCAGTACGACTGC,0
TTGGCATATGGGCTCA,0
TTGGCCACACAGAATA,0
TTGGCCACCACTGATA,0
TTGGCCACTATAACAA,0
TTGGCCATAGCCTGCG,0
TTGGCCCAGAAATTTA,0
TTGGCCCGTCTGCACT,0
TTGGCCTCCAATGAGC,0
TTGGCCTGACCACGAA,0
TTGGCGAACCTCTAAA,0
TTGGCGACACTACCCA,0
TTGGCGCCCCGCTTAG,0
TTGGCGCTGCTAACCT,0
TTGGCGTGGTGATTCA,0
TTGGCTATCGCGTAAT,0
TTGGCTCCTGTAAAAG,0
TTGGCTGAAAACTGTG,0
TTGGCTGAAAGATCCA,0
TTGGCTGTGATTAATA,0
TTGGCTTACGGGCTAA,0
TTGGCTTAGTAGTTGA,0
TTGGCTTCCTCATATG,0
TTGGCTTTGAGTTAGT,0
TTGGGAAACAAAGATG,0
TTGGGAAGCTCCGACC,0
TTGGGAATCACGTATA,0
TTGGGACAGAGAATTA,0
TTGGGATCGGTTTTGT,0
TTGGGATGAAAAATCC,0
TTGGGATGACAAGTCC,0
TTGGGATTCTTAATTC,0
TTGGGCCAGTTAAAAA,0
TTGGGCTAGATACATC,0
TTGGGCTTCATCAAAC,0
TTGGGCTTGTTAACAA,0
TTGGGGCACGAAAGAC,0
TTGGGTAACCATCCAC,0
TTGGGTAGGTGCTTGG,0
TTGGGTCCACAAAAAA,0
TTGGTAAACTAGGGTT,0
TTGGTAAATACCCGTA,0
TTGGTAAATGATGTAG,0
TTGGTACAAGAGCAAA,0
TTGGTACTGATGCCCA,0
TTGGTACTTATGATCA,0
TTGGTAGAATTCATCA,0
TTGGTATATGCCCCGT,0
TTGGTATTTAAAACGG,0
TTGGTCACCCAGACAC,0
TTGGTCAGGAACAAAG,0
TTGGTCCCAAGCAACG,0
TTGGTCGATATTTGAT,0
TTGGTCTACAAGCATT,0
TTGGTCTCACAAAAGA,0
TTGGTGAAAAGCCGCC,0
TTGGTGCATAAAGGTC,0
TTGGTGCGCCTAAATA,0
TTGGTGCGTGCCACAA,0
TTGGTGTACCTAATAT,0
TTGGTGTGAAATAGGA,0
TTGGTTAACAGACATC,0
TTGGTTAACAGATGCA,0
TTGGTTACATACATAA,0
TTGGTTAGACTAAAGC,0
TTGGTTAGATATGCCG,0
TTGGTTCCATATAACC,0
TTGGTTTCAAATCTTA,0
TTGGTTTGAAGCATCC,0
TTGTAAAAATATTTGT,0
TTGTAAAACAAGAAAA,0
TTGTAAACACTAGATG,0
TTGTAAACATGAAATT,0
TTGTAAAGAAAGCTTA,0
TTGTAAAGATTCACGT,0
TTGTAAAGTTGTCACT,0
TTGTAAATGAAAGCAA,0
TTGTAAATTAAGAGTT,0
TTGTAACAATATGTGC,0
TTGTAACAGCAGGTAC,0
TTGTAACCAAATTTAA,0
TTGTAACGTCCTGAAA,0
TTGTAACTACCTGTAC,0
TTGTAACTATCAATAT,0
TTGTAAGCATTTACGT,0
TTGTAAGGATCAAACA,0
TTGTAAGGTTCTGAAA,0
TTGTAATACCTCGTAA,0
TTGTAATGTAAATACC,0
TTGTAATTAAGCCGTG,0
TTGTACCAAGATCGAC,0
TTGTACGTCTCCCATC,0
TTGTACTAAACGTGAA,0
TTGTACTAAGCCCTAT,0
TTGTAGATACCTCACA,0
TTGTAGATATATTTTA,0
TTGTAGATCTATCGCT,0
TTGTAGCCGAGTTTAG,0
TTGTAGGGTCGACTTA,0
TTGTAGGTGAAACTAG,0
TTGTAGTACGGCCCCA,0
TTGTAGTCTGAATACA,0
TTGTAGTTGAAATCGG,0
TTGTATAAATGTTGCA,0
TTGTATAAGTACAGTA,0
TTGTATAGGCTCCAAA,0
TTGTATGTAATACGTT,0
TTGTATTATGCCAACG,0
TTGTATTCACCAAGAC,0
TTGTCAAAAGCGAACC,0
TTGTCAACAAATAATC,0
TTGTCAAGTACTTCCA,0
TTGTCACACAAATCCT,0
TTGTCACAGATAGTAC,0
TTGTCACCAAACAAAT,0
TTGTCACGCCACTCAG,0
TTGTCACGTACATCAA,0
TTGTCAGAATAGTGAT,0
TTGTCAGGATAACACT,0
TTGTCATTGAAATACT,0
TTGTCCAAAGCGGTAC,0
TTGTCCAATAGTTATC,0
TTGTCCAATGAAAATA,0
TTGTCCCAATCACCAA,0
TTGTCCCACAAAGATA,0
TTGTCCCGATAACAGG,0
TTGTCCGGGCACGCGG,0
TTGTCCTGGCTAATGT,0
TTGTCGAAATGTACAA,0
TTGTCGAATAGGTCCG,0
TTGTCGCATACGTGTG,0
TTGTCGGACCACAATT,0
TTGTCGTTGAAAGCCT,0
TTGTCTAAGAACAATG,0
TTGTCTACCAACTTGC,0
TTGTCTACCTTCAAAA,0
TTGTCTACTGTTCAAA,0
TTGTCTATAAAATGTT,0
TTGTCTGACTCGTAAT,0
TTGTCTGGACTCGTCA,0
TTGTCTTAAAGATAGT,0
TTGTCTTACAGAGCAC,0
TTGTGAAATTTTACCA,0
TTGTGAAGAAAACCTA,0
TTGTGAAGAAGACAAT,0
TTGTGAAGCGACGCCA,0
TTGTGAATAGCCAACC,0
TTGTGACAAGGATACT,0
TTGTGACGCACCATGC,0
TTGTGAGAGGAATAAA,0
TTGTGAGCCTAGTAGA,0
TTGTGAGCTCAAATCA,0
TTGTGAGTATTTCTTA,0
TTGTGATAATGTAAAC,0
TTGTGATACGTGATCT,0
TTGTGATCCCAGCATA,0
TTGTGCACCCCATTCA,0
TTGTGCCATATCTGCA,0
TTGTGCCGAAAATGAC,0
TTGTGCCTAGACAAAC,0
TTGTGCGAAGTATAAA,0
TTGTGCTAACGCTGGA,0
TTGTGCTATCCAGATC,0
TTGTGGACAGCACGAT,0
TTGTGGCGTCTCGCCC,0
TTGTGGGCTTAAAAGT,0
TTGTGGTAATGAAAGT,0
TTGTGTACGAATTCAG,0
TTGTGTCAGATAAATA,0
TTGTGTCTAAGCCAGG,0
TTGTGTGAAGCTGAGT,0
TTGTGTGTATAACACG,0
TTGTGTTGATTTAGTC,0
TTGTTAAAAACTGTAG,0
TTGTTAAAATTATAAA,0
TTGTTAAAGAATTGAC,0
TTGTTAAATACACTAA,0
TTGTTAACAGAAGTCG,0
TTGTTAACCCATCCTG,0
TTGTTAACTTCACAAT,0
TTGTTAAGCCGTATTA,0
TTGTTAATCAAACGCA,0
TTGTTAATTTACAAAT,0
TTGTTACTAACAACTA,0
TTGTTACTAAGAGAAA,0
TTGTTACTAGTTGCTG,0
TTGTTAGATTATACAA,0
TTGTTAGGATTTAAAC,0
TTGTTAGGGTGGAATT,0
TTGTTATAAGAGTAGC,0
TTGTTATACTCGTCAC,0
TTGTTATTAGTTGTGT,0
TTGTTATTTAACGACC,0
TTGTTCACTCACAACC,0
TTGTTCCCATAACTTC,0
TTGTTCCCGCAAGCAC,0
TTGTTCCGCATTTGAG,0
TTGTTCCGTTTTAAAC,0
TTGTTCGTCTATATGC,0
TTGTTCGTTTTGCGTT,0
TTGTTGAAGCTAACAA,0
TTGTTGAATCTTAACG,0
TTGTTGACCTTCAATA,0
TTGTTGAGACAACCGT,0
TTGTTGAGGAAGATAC,0
TTGTTTACATTAAATC,0
TTGTTTCATAAGATCC,0
TTGTTTCCGGGGATGA,0
TTGTTTCTGGCTATAA,0
TTGTTTTATATACACG,0
TTGTTTTATGTAAACC,0
TTGTTTTTAAAATTAC,0
TTTAAAAAAAAATCGA,0
TTTAAAAAAATCTTGG,0
TTTAAAAAACAGTGTA,0
TTTAAAAAACTAATTG,0
TTTAAAAAGCGGCTTC,0
TTTAAAAATAACGTCA,0
TTTAAAACACGCAAGA,0
TTTAAAACATAATTCA,0
TTTAAAACATCTCCTA,0
TTTAAAACCAACACTA,0
TTTAAAACCAGCACGA,0
TTTAAAACCATAATTA,0
TTTAAAACCTATACAC,0
TTTAAAACCTATCTCT,0
TTTAAAACCTTCCGTT,0
TTTAAAAGAAGAGACA,0
TTTAAAAGTGAACTAA,0
TTTAAAATACCATCGA,0
TTTAAAATACGAGATT,0
TTTAAACAAAGAGTTG,0
TTTAAACACATCCTGA,0
TTTAAACACGATGGTT,0
TTTAAACAGCCAGACG,0
TTTAAACAGTTCCCCT,0
TTTAAACATGTGCAGA,0
TTTAAACATTCTAATT,0
TTTAAACCCCCCCTGT,0
TTTAAACCCCGAAAAA,0
TTTAAACCCCTGACCT,0
TTTAAACGAAGTATTA,0
TTTAAACGACTATCTG,0
TTTAAACGATCATTGA,0
TTTAAACTAGAAAGTT,0
TTTAAACTCTGCCCTC,0
TTTAAACTGTTAACCT,0
TTTAAACTTCATAAAT,0
TTTAAAGACCATTTGT,0
TTTAAAGACCCTCTAC,0
TTTAAAGAGACTACCC,0
TTTAAAGCAGATAATA,0
TTTAAAGCATGCGTGC,0
TTTAAAGGCGGAAATT,0
TTTAAAGTTATAAGTA,0
TTTAAATAATAACCCT,0
TTTAAATACATCATTC,0
TTTAAATAGGTCATAC,0
TTTAAATAGTGGTATG,0
TTTAAATATACTGCAT,0
TTTAAATATTCCATTC,0
TTTAAATCTCTATTGT,0
TTTAAATGACCACAGA,0
TTTAAATGCCGTATGA,0
TTTAAATGCGAAGAAA,0
TTTAAATGTAAATTTT,0
TTTAAATGTCATGACA,0
TTTAAATTAAATCAAA,0
TTTAAATTGATGAGCA,0
TTTAAATTGTGGACAC,0
TTTAACAACAACATTA,0
TTTAACACACCAAGAA,0
TTTAACACACTAAAGA,0
TTTAACACGAACATTT,0
TTTAACAGAATCGGGG,0
TTTAACATATTGTGAG,0
TTTAACCAACGAAAGT,0
TTTAACCACCCATTTC,0
TTTAACCATGTCCGAA,0
TTTAACCTAATTCTAT,0
TTTAACCTAGGCACCC,0
TTTAACCTATGTGTCT,0
TTTAACCTGTTCGCAA,0
TTTAACTAATATATTA,0
TTTAACTACAGATTGT,0
TTTAACTAGTCCAGTC,0
TTTAACTATCTAAGAG,0
TTTAACTATTAAGCCG,0
TTTAACTCTTCAGACT,0
TTTAACTTATATATCG,0
TTTAACTTATGCAAAA,0
TTTAACTTCAGCCAAC,0
TTTAAGAAGCTTGGAT,0
TTTAAGAATTAATAGG,0
TTTAAGACACCCTGCA,0
TTTAAGATCAAAAAAC,0
TTTAAGCACTTAATTT,0
TTTAAGCAGCATAATC,0
TTTAAGCGACTCACGG,0
TTTAAGCTTAAGAAAG,0
TTTAAGCTTCAAACTA,0
TTTAAGGACATGAATA,0
TTTAAGGACTGATCCA,0
TTTAAGGAGCAGGACG,0
TTTAAGGCAGCCAGCC,0
TTTAAGGCTTATTGAC,0
TTTAAGGTTTTGCTCA,0
TTTAAGTGAAAGGACC,0
TTTAAGTGACAATACA,0
TTTAAGTGATTCGCGT,0
TTTAATACAACTGTAT,0
TTTAATACACTGAGAT,0
TTTAATAGGTATGACA,0
TTTAATATAGTAACCT,0
TTTAATATATATATTC,0
TTTAATATTAGTAATC,0
TTTAATCAAAATAACA,0
TTTAATCAAAGAATAA,0
TTTAATCATGAAGGAG,0
TTTAATCCCCTCACCT,0
TTTAATCCTTAGGTGA,0
TTTAATCTAACTACAA,0
TTTAATCTGATCTGCT,0
TTTAATGATACTAAGA,0
TTTAATGGGGCGAACA,0
TTTAATTATTTTGGCA,0
TTTAATTTCACTATAT,0
TTTAATTTGGATTCAA,0
TTTACAAAAGGTAAAC,0
TTTACAAAATGTTAAA,0
TTTACAAAGCATTTTA,0
TTTACAAATCAATATC,0
TTTACAAGACACGACC,0
TTTACAAGCCATTAAT,0
TTTACAATTCGACCGT,0
TTTACACAGAAATCTA,0
TTTACACCAATGCCCC,0
TTTACACGGCAGTGGG,0
TTTACACGGCCTATAG,0
TTTACACGTGTTTTGC,0
TTTACACTGTAAGAGT,0
TTTACAGAAGTTCCAT,0
TTTACAGACTATAAGA,0
TTTACAGCCAAAAACA,0
TTTACAGGAACTTAGT,0
TTTACAGGGTTTGCTC,0
TTTACATGCGATTACG,0
TTTACATTCAAACAAG,0
TTTACATTGTACCTCT,0
TTTACATTTTACGATT,0
TTTACCAAAAATTCCA,0
TTTACCAAATCAGACC,0
TTTACCAACAACGCAC,0
TTTACCAACATAGGGG,0
TTTACCCATTGAATAC,0
TTTACCCCACATAACC,0
TTTACCCCACCCTAAG,0
TTTACCCGAACCGATT,0
TTTACCCTACACCGGT,0
TTTACCCTGTCTATTA,0
TTTACCTAACGTGTCC,0
TTTACCTAGCTAGGAA,0
TTTACCTGCCAGTATG,0
TTTACCTTGACAAAGG,0
TTTACGAAAACAAGCC,0
TTTACGAATGTATTGA,0
TTTACGACGTAGAGTA,0
TTTACGACTGGAAAGG,0
TTTACGAGTGTCATCA,0
TTTACGATAAACAACC,0
TTTACGATCTATCGAA,0
TTTACGCGGTAGAAAG,0
TTTACGCGTGACCATT,0
TTTACGCGTTGAGTGC,0
TTTACGCTATCAAACC,0
TTTACGCTCCTGACTC,0
TTTACGTAATCCGTAA,0
TTTACTAACAATCAGG,0
TTTACTACCCGTTCTA,0
TTTACTAGAAGTTTGA,0
TTTACTATAAGTGATT,0
TTTACTCCGCACCAGA,0
TTTACTCTACAGAATA,0
TTTACTCTTAACAGGT,0
TTTACTGCCAAGTGAT,0
TTTACTTACCCAGCGT,0
TTTAGAACAACGGAAG,0
TTTAGAAGAGCATTGA,0
TTTAGAATACACATTT,0
TTTAGAATCGCAAGTT,0
TTTAGAATGCACCAAA,0
TTTAGACAAAAAGAAT,0
TTTAGACACAGCAGCT,0
TTTAGACCATCGGGAG,0
TTTAGACCTGAGTATA,0
TTTAGAGATAACTAAT,0
TTTAGAGCACAAGGAT,0
TTTAGAGTGCAGTCGG,0
TTTAGAGTTATTCCAA,0
TTTAGATAATTAAGAT,0
TTTAGATAGCATTTAG,0
TTTAGATATTAGCGGC,0
TTTAGCAAGCCTATCT,0
TTTAGCACAAGGTTTT,0
TTTAGCACTAACTAGT,0
TTTAGCATTACTAGGT,0
TTTAGCCTAAGGCTAC,0
TTTAGCGAAGGTAATT,0
TTTAGCGCCGCCGTCA,0
TTTAGGCACGAATATA,0
TTTAGGCGGAGTAACC,0
TTTAGGCGTTAAAATC,0
TTTAGGTATAACCCAG,0
TTTAGGTGAAGAAAGA,0
TTTAGGTGATAAATGA,0
TTTAGTACCAAACCCC,0
TTTAGTCCAAGATCAT,0
TTTAGTCCCTTTACAA,0
TTTAGTCCTCCTTGTT,0
TTTAGTCGTCTTATCC,0
TTTAGTCTTATGGGTT,0
TTTAGTGAGAATAATT,0
TTTAGTGCGAAAACTA,0
TTTAGTTAAATTAAGA,0
TTTAGTTGATACAAAT,0
TTTAGTTTCCACTGAT,0
TTTATAAAACGAATAA,0
TTTATAAACATAAGCA,0
TTTATAAGCTATATAC,0
TTTATAATATCTGGGT,0
TTTATAATCCATCAGG,0
TTTATAATTAAGAGAA,0
TTTATACAATTCTTTA,0
TTTATACACAAACTGA,0
TTTATACCTCTCAGCT,0
TTTATACGATACAAAT,0
TTTATACTATCCTCCG,0
TTTATAGAACAATTCG,0
TTTATAGAATTCGAAC,0
TTTATAGACAATATAA,0
TTTATAGACCTCCGAA,0
TTTATAGACTATGGAA,0
TTTATAGATACCGTAT,0
TTTATAGATCGAAGCA,0
TTTATAGTAATCTGCA,0
TTTATAGTCACCCCAG,0
TTTATATAATTACCTA,0
TTTATATCGTTTCATC,0
TTTATATCTGAATTTC,0
TTTATATGCTTCCTCA,0
TTTATATGTAAATTAG,0
TTTATATTAAACACAT,0
TTTATATTCCCTCAAG,0
TTTATATTTACCTTAA,0
TTTATCAACCCCACAT,0
TTTATCACAGTAAACG,0
TTTATCACTAAAACTA,0
TTTATCACTGTACTTA,0
TTTATCAGCAGACATA,0
TTTATCAGTGTTTATC,0
TTTATCATAAGATACG,0
TTTATCATCTGTTTTG,0
TTTATCCATAATTCGG,0
TTTATCCCAATGCCAT,0
TTTATCCCAATTGCAC,0
TTTATCCCTCACGAAT,0
TTTATCCGGAAGATGG,0
TTTATCCTAAAATCCG,0
TTTATCCTGACACAAA,0
TTTATCTAATGATAAC,0
TTTATCTAATGATTAA,0
TTTATCTCAGAAAGAA,0
TTTATGACAATGCAAC,0
TTTATGATAGAACGAC,0
TTTATGATTCTTGTTG,0
TTTATGCAGTATTCCT,0
TTTATGCCGGACCAAA,0
TTTATGCGTGTATATA,0
TTTATGGTAGGATGCG,0
TTTATGTAAAACGCGT,0
TTTATGTTGGCTTATT,0
TTTATGTTGTAGATAC,0
TTTATTAAAAATGCCT,0
TTTATTAAAATCAGAA,0
TTTATTAACTGAACAG,0
TTTATTAAGACAAATA,0
TTTATTAAGAGTGCTA,0
TTTATTAATAGATTGA,0
TTTATTACAAACCCAT,0
TTTATTAGAATATGGA,0
TTTATTAGGGGAGGCC,0
TTTATTATAAATGAGC,0
TTTATTATACAGTGTT,0
TTTATTATCAGTCCAG,0
TTTATTATCCTATTGG,0
TTTATTATGCATTTAA,0
TTTATTCAGAGATGTC,0
TTTATTCGCAACAGTC,0
TTTATTCTGATAGTTA,0
TTTATTGAACTAACAA,0
TTTATTGCCCTAGTAC,0
TTTATTGCTAGTACTA,0
TTTATTGGAAAAAGTT,0
TTTATTGGCCATCATT,0
TTTATTTACCTGTTTC,0
TTTATTTTAACTCCAG,0
TTTATTTTACATGCCT,0
TTTATTTTCCTCCCAT,0
TTTATTTTCGCATACC,0
TTTCAAAAAACTACGT,0
TTTCAAAATATACCAA,0
TTTCAAAATTCTACAC,0
TTTCAAACAAAATGGC,0
TTTCAAACACACCAGA,0
TTTCAAACATTTCATG,0
TTTCAAAGCTGACTCT,0
TTTCAACAATAAAATC,0
TTTCAACATATTATCA,0
TTTCAACCAAAACTGA,0
TTTCAACTCTGTTATA,0
TTTCAAGATTAGTCCA,0
TTTCAAGGACTACGTT,0
TTTCAAGTAATTTCCG,0
TTTCAATAACAATGTC,0
TTTCAATAACACGCTG,0
TTTCAATAGCGATGTA,0
TTTCAATCCGCTTCTG,0
TTTCAATGGGGATTGA,0
TTTCACAATATATATC,0
TTTCACACGCCCTACT,0
TTTCACAGAGGTTACC,0
TTTCACAGAGTCTGAA,0
TTTCACAGTACAATTC,0
TTTCACATCTAGTCCT,0
TTTCACCAAATTCGAA,0
TTTCACCACATATAAA,0
TTTCACCGAAACCGTA,0
TTTCACGAATCGCGCC,0
TTTCACTAAACCAACT,0
TTTCACTACAATGACA,0
TTTCACTATATGAACA,0
TTTCACTCAAGACGTT,0
TTTCACTGACGCCCAG,0
TTTCACTTAATTATAA,0
TTTCACTTGAACAAGA,0
TTTCAGAACCCACCAT,0
TTTCAGAATGCGTAGG,0
TTTCAGATCAAGCTTC,0
TTTCAGATGCAAATAC,0
TTTCAGCAAATTATTC,0
TTTCAGCGTAAAGGGC,0
TTTCAGCTGAAAGGTC,0
TTTCAGGCCAATGAAA,0
TTTCAGGTGAAGATTA,0
TTTCAGGTTTAGTTGC,0
TTTCAGTAAAGTAGCG,0
TTTCAGTACTGTTGTG,0
TTTCATAAAGGATCTG,0
TTTCATAATACCAGAA,0
TTTCATCAAATTTATA,0
TTTCATCAGGGATCTA,0
TTTCATCCCACCGTTG,0
TTTCATCTCTGTGAAT,0
TTTCATGAATTACAGT,0
TTTCATGTTACTCATG,0
TTTCATTAGGTCAAAC,0
TTTCATTATCAAAGGA,0
TTTCATTATCACGGAT,0
TTTCATTCGGATGGGA,0
TTTCATTCTCTGGTCA,0
TTTCATTTACCCACCG,0
TTTCATTTATACTGAT,0
TTTCCAAATAACCACG,0
TTTCCAAGTTATAACT,0
TTTCCAGAGACCTAAC,0
TTTCCAGCCTAACACC,0
TTTCCAGGATCAAATT,0
TTTCCAGTGAATATAC,0
TTTCCAGTTAACTGAG,0
TTTCCATCAGTGGGTG,0
TTTCCATCGTGAAAGG,0
TTTCCATGGACTCTTT,0
TTTCCCACGCTTAAAG,0
TTTCCCATAGACTAAA,0
TTTCCCGATGGAACAG,0
TTTCCCTAAACTAGCT,0
TTTCCCTAGCCAGAAC,0
TTTCCCTGATCCAGGA,0
TTTCCGCAATTAACCA,0
TTTCCGCAGTTACTCC,0
TTTCCGCGACTAACCA,0
TTTCCGCTCCGCCGGC,0
TTTCCGGATGTTACTC,0
TTTCCGTTGACATAGT,0
TTTCCTAACGCCAAAG,0
TTTCCTAACTTTAAGA,0
TTTCCTACCCTCGTCA,0
TTTCCTAGATTAACTC,0
TTTCCTATTTCACTGA,0
TTTCCTCATACACAGA,0
TTTCCTGACATATATA,0
TTTCCTGAGCAGATAT,0
TTTCCTTATCTCGCAC,0
TTTCCTTCCCCATATA,0
TTTCGAACATTTCGAA,0
TTTCGAACGACGGCCC,0
TTTCGAAGCAAATGTA,0
TTTCGACAACCAAAAA,0
TTTCGATGACGGCCTG,0
TTTCGCAAAGCACTAA,0
TTTCGCCCCTATAGAA,0
TTTCGCGCATGAGGCT,0
TTTCGCTAAACGCAAC,0
TTTCGGACAAGTCTTG,0
TTTCGGATCTAAAATC,0
TTTCGGCAAAAGTTAG,0
TTTCGGCTAGTTGATA,0
TTTCGGGAGTTGCACA,0
TTTCGTAAAGCGTATG,0
TTTCGTCAAGGTATAT,0
TTTCGTCTCGTCGGAT,0
TTTCGTTAAATTCGCA,0
TTTCTAAACGAACATC,0
TTTCTAAATAGATCCA,0
TTTCTAAATCAGGTCG,0
TTTCTAACGTTGAGAG,0
TTTCTAACTCAACCAG,0
TTTCTAATGATGCCGC,0
TTTCTACCATGTGCTT,0
TTTCTAGAGTATCCAA,0
TTTCTATAAAGTAACA,0
TTTCTATATAGTCTCC,0
TTTCTATCAGGCTTCC,0
TTTCTATCGGACCTCG,0
TTTCTATGCACCAAAT,0
TTTCTATGCCTTCCTT,0
TTTCTCAACTTTAGAA,0
TTTCTCCCCAACATAG,0
TTTCTCCGACACAATC,0
TTTCTCGCAAACGCCT,0
TTTCTCTAGCATACCA,0
TTTCTGAACATCAAAT,0
TTTCTGACACTTAACT,0
TTTCTGAGCAAGCAAT,0
TTTCTGCAAGAAAGAA,0
TTTCTGCCACAACAAA,0
TTTCTGCCATATTTCC,0
TTTCTGCCTACAACAT,0
TTTCTGGCCGCGGTAA,0
TTTCTTACATACTATT,0
TTTCTTACCCAAATGT,0
TTTCTTCAAACAAAAT,0
TTTCTTCATCGCAACG,0
TTTCTTGTCGGGACAA,0
TTTCTTTGGAGTACGC,0
TTTCTTTTACCGATAT,0
TTTCTTTTTGTGAAAT,0
TTTGAAAAAATACACC,0
TTTGAAAAACAAACTT,0
TTTGAAAACATAGAAA,0
TTTGAAAACGGGATAA,0
TTTGAAAATCCGCGTA,0
TTTGAAAATCCTCCCC,0
TTTGAAACACGTAAAA,0
TTTGAAACAGACAAGT,0
TTTGAAACATATCACT,0
TTTGAAACATCTAGCA,0
TTTGAAACTCCCACAT,0
TTTGAAAGAATGTTGA,0
TTTGAAAGATTCTCGC,0
TTTGAAATGATAGAAT,0
TTTGAACAAATAACGC,0
TTTGAACAAGATCACA,0
TTTGAACATTCCCTAC,0
TTTGAACCATGAGTGG,0
TTTGAACCATGTAAAA,0
TTTGAACCCAGTTATC,0
TTTGAACCCTCATTCA,0
TTTGAACGGATCATGC,0
TTTGAAGCGAGCTAAG,0
TTTGAAGGTAAATGAA,0
TTTGAAGTAAGGACGA,0
TTTGAATTAGACATGC,0
TTTGACAGTAGTTGTT,0
TTTGACATTAAGTAGA,0
TTTGACCAAATCTTAA,0
TTTGACCACAAACTAT,0
TTTGACCCCTCCACAT,0
TTTGACCGGAGCTATG,0
TTTGACCTGAGTCCTA,0
TTTGACGAACAAAACA,0
TTTGACGTCAGACAAT,0
TTTGACTGATGAGTAA,0
TTTGAGAAGACTATTC,0
TTTGAGACCTGCCTTT,0
TTTGAGCATGTCCATC,0
TTTGAGGAACTGGAAG,0
TTTGAGGTAAGTCAGC,0
TTTGAGTAGGTAATTA,0
TTTGAGTAGTCACTAT,0
TTTGAGTATACTCAGA,0
TTTGAGTATTCTAACA,0
TTTGAGTTGTAGAAAA,0
TTTGAGTTTAATGGCT,0
TTTGAGTTTTTCGGAC,0
TTTGATAAAGAAAAAT,0
TTTGATAGTTATCGTC,0
TTTGATCAAGAACGTC,0
TTTGATCCATTAGTCC,0
TTTGATTTACACCTAA,0
TTTGCAACCCTCTATA,0
TTTGCAAGAAATTAGG,0
TTTGCAATGGCCGATA,0
TTTGCAGACTACTGCC,0
TTTGCATAATACCTAA,0
TTTGCATCACGATAAA,0
TTTGCATCAGAGGATG,0
TTTGCATGATTAGGAT,0
TTTGCATTAATAATCA,0
TTTGCCAAACGCACTT,0
TTTGCCAAAGAATAAT,0
TTTGCCAATGTAGTAC,0
TTTGCCAATTTCGGAG,0
TTTGCCAGCCGAGAAT,0
TTTGCCCATCTATACA,0
TTTGCCCGATTCAGGC,0
TTTGCCGAACCCCGAT,0
TTTGCGATAGTTCGAA,0
TTTGCGCACTAAATGC,0
TTTGCGCATACTGCAA,0
TTTGCGGAAGATGCGA,0
TTTGCGTGCTCTATTA,0
TTTGCGTTTCTTAGAA,0
TTTGCTAAAAGAATGT,0
TTTGCTAATAATTGGA,0
TTTGCTACCGGATGAT,0
TTTGCTATACTTCACA,0
TTTGCTCCTAGTTCAA,0
TTTGCTCTGTCTATCG,0
TTTGCTTGCTTATAGA,0
TTTGGAAACACCGAAT,0
TTTGGAAACTGTATCA,0
TTTGGAAGACTATATC,0
TTTGGAATGGGATAAA,0
TTTGGACGCATGGACT,0
TTTGGACGGGATACAT,0
TTTGGAGCACCATCTA,0
TTTGGAGCGATAAGGC,0
TTTGGAGCTCTCGAGC,0
TTTGGATATAGTTATC,0
TTTGGATATAGTTATT,0
TTTGGATCACAACATA,0
TTTGGATCATGCTTCA,0
TTTGGCAATCTCAAAT,0
TTTGGCCAAGCGTTCC,0
TTTGGCCACCAAATAA,0
TTTGGCCAGAGTCTTA,0
TTTGGCCGCTAGAAAA,0
TTTGGCTAACGCGTAA,0
TTTGGCTAGTGATTTG,0
TTTGGGAAATGATAAA,0
TTTGGGAACTTGCATT,0
TTTGGGGAAGATCAAC,0
TTTGGGTACGGATTAC,0
TTTGGTAAGATACAAC,0
TTTGGTACAAGTAAAC,0
TTTGGTATCCCGGGTT,0
TTTGGTATCTTGCGTT,0
TTTGGTGAAAACCATC,0
TTTGGTGCAAGTTTCC,0
TTTGTAACTACCTGCA,0
TTTGTAATAATCACAA,0
TTTGTACAAAATTACG,0
TTTGTACAGCCTAAAA,0
TTTGTACCGCAAATCA,0
TTTGTACCTTGGCAAC,0
TTTGTAGACACAGGCA,0
TTTGTAGAGGGCAATT,0
TTTGTAGCGTTTATAA,0
TTTGTAGTCACAACAA,0
TTTGTAGTCCGCCATA,0
TTTGTATACTGTTAAC,0
TTTGTATACTGTTGAC,0
TTTGTATTACATTACA,0
TTTGTATTACTAGTCA,0
TTTGTATTACTTACCA,0
TTTGTCAAGCTGTGGC,0
TTTGTCCAAAATGTAT,0
TTTGTCCCAATACAGC,0
TTTGTCCGCGAGAGCA,0
TTTGTCGAATCAACTA,0
TTTGTCGTACCAAAGA,0
TTTGTCTTAAAACTGC,0
TTTGTCTTGAGCGGTA,0
TTTGTCTTTGAACCAT,0
TTTGTGAACCCCATGG,0
TTTGTGACTGATTTGT,0
TTTGTGAGGGACAAAA,0
TTTGTGAGTATCTGGA,0
TTTGTGATAAATGGCG,0
TTTGTGCCAAAACATC,0
TTTGTGGATTCCTATG,0
TTTGTTAAATCAGAAC,0
TTTGTTCCATATTGAT,0
TTTGTTCCCTAAAAAT,0
TTTGTTCGCGTCCCAA,0
TTTGTTCGGTAATGTC,0
TTTGTTGAATAGGACG,0
TTTGTTTACACGACCT,0
TTTGTTTCACCTGGAA,0
TTTGTTTCGAAGCTCA,0
TTTGTTTTGGTGGTAG,0
TTTGTTTTTGTATAAC,0
TTTTAAAAGGCAAAAA,0
TTTTAAAATCCCAATG,0
TTTTAAAATGACAAAG,0
TTTTAAAATGTAAGAG,0
TTTTAAACCCAAACCC,0
TTTTAAACCTAAACGA,0
TTTTAAACTGCCACGG,0
TTTTAAAGTCCAATGT,0
TTTTAAATAAGTAAAA,0
TTTTAAATACTACAGA,0
TTTTAAATATATTCAT,0
TTTTAAATTCGGTTAA,0
TTTTAACGATGCCAAC,0
TTTTAACGTCCAACTG,0
TTTTAACTAGATAATG,0
TTTTAACTCCATGATA,0
TTTTAAGCAAACATCA,0
TTTTAAGCTGACATTC,0
TTTTAAGGAACCGGCA,0
TTTTAAGGCATAGGAA,0
TTTTAAGGTACCACGA,0
TTTTAAGTGAACAAAA,0
TTTTAAGTTTCTAGAC,0
TTTTAATCTTGTGACG,0
TTTTAATTATCACACA,0
TTTTAATTGATTAGTC,0
TTTTACAACACTTGTT,0
TTTTACAACATGGTTC,0
TTTTACAACCCTGAAA,0
TTTTACAATACGGTGA,0
TTTTACACACTCGAGC,0
TTTTACAGACAAAGAT,0
TTTTACAGTTGGGAAA,0
TTTTACATACCACCGT,0
TTTTACATGAAATAAA,0
TTTTACATTAAGAGAC,0
TTTTACCAGGCTTTGA,0
TTTTACCCACTCCATA,0
TTTTACCCGAAAATTT,0
TTTTACCGACTTCCCT,0
TTTTACTAATGAAAGA,0
TTTTACTAGCTGAGAA,0
TTTTACTCTAAAACTA,0
TTTTACTTACCCGTAA,0
TTTTAGAAAGAGAATT,0
TTTTAGACCCCTTGTG,0
TTTTAGACGACGCTAA,0
TTTTAGGTCGTATGCG,0
TTTTAGGTGCCACGTG,0
TTTTAGTACAGTAGCC,0
TTTTAGTGAAGTGGCA,0
TTTTAGTTGCAGCCTA,0
TTTTATAAACGGATAA,0
TTTTATAACGACCGAA,0
TTTTATACACATCTAC,0
TTTTATACTTGTTAGT,0
TTTTATAGAAGGGTCG,0
TTTTATATGTGATGCC,0
TTTTATATGTTAATCA,0
TTTTATATTGGCCCCA,0
TTTTATCGAGTAAGTG,0
TTTTATCTACAACAGA,0
TTTTATGGGTTATAAT,0
TTTTATTGTATCACTA,0
TTTTCAACAGTAACTT,0
TTTTCAATGTATCAGA,0
TTTTCAATTCCTAATA,0
TTTTCACCGCCTACGA,0
TTTTCACGAGCCACGA,0
TTTTCAGCCACTTGAA,0
TTTTCAGCCTATTACT,0
TTTTCATCCGCTAGGG,0
TTTTCATGTTTTTACA,0
TTTTCATTGATAAGAA,0
TTTTCATTGTGTTCAA,0
TTTTCCAAATTCTATA,0
TTTTCCAACGTAGGAG,0
TTTTCCAAGGAGTACT,0
TTTTCCAATTTTTCTG,0
TTTTCCAGTCACGGCT,0
TTTTCCCATATAGACA,0
TTTTCCCCTACGCATG,0
TTTTCCCGACTACAGA,0
TTTTCCGGAATACAGG,0
TTTTCCGGCAGAGCTG,0
TTTTCCGTGATTTACT,0
TTTTCCTAAAATGGCA,0
TTTTCCTAATCATTCA,0
TTTTCCTACAAGAAGC,0
TTTTCCTCAACAAATT,0
TTTTCCTGGCAAACAT,0
TTTTCCTTACTAGATT,0
TTTTCGAAAAGTGCTC,0
TTTTCGAACTCGCGGT,0
TTTTCGATATGGAGCG,0
TTTTCGCAGTTGCATA,0
TTTTCGTTTATTTCAA,0
TTTTCGTTTGAAAGAC,0
TTTTCGTTTTCCCGAG,0
TTTTCTAAAGGCTGCA,0
TTTTCTAACATGACTA,0
TTTTCTAAGTTTTTTA,0
TTTTCTAGGAGACGCC,0
TTTTCTATGAGCAGTT,0
TTTTCTGAGTATCTGT,0
TTTTCTGCATTAATTA,0
TTTTGAACAATTTTTT,0
TTTTGAACAGGATCAA,0
TTTTGAAGTAAACGCA,0
TTTTGAAGTCGCGACA,0
TTTTGAATAACTAAGT,0
TTTTGACAATTACTGT,0
TTTTGACGATTCCAAT,0
TTTTGACGATTGTACG,0
TTTTGACGCATGCTCT,0
TTTTGAGTAGACAATG,0
TTTTGATAATTAACGC,0
TTTTGATCCTTGTTTA,0
TTTTGCAAAAACGAGT,0
TTTTGCAACTTGAACA,0
TTTTGCACGGCTTCTA,0
TTTTGCATCGATAAAT,0
TTTTGCTGCCTAAACG,0
TTTTGCTGTGATGTAA,0
TTTTGGATTGGAGAGT,0
TTTTGGCAAATCCCAT,0
TTTTGGTAATGCCCTT,0
TTTTGGTGTACAATCA,0
TTTTGTAAGAGACCTC,0
TTTTGTACACTATGAC,0
TTTTGTACGTATATTC,0
TTTTGTCGGTAATATA,0
TTTTGTTCTATAAAAA,0
TTTTTAAAACAAAACT,0
TTTTTAAATTTTCAAA,0
TTTTTAAGTATACAAG,0
TTTTTAATGCGGAATG,0
TTTTTAATTAGACGCT,0
TTTTTACCCAAATACA,0
TTTTTACCGGTGATAA,0
TTTTTACTAGAAAATA,0
TTTTTAGGAACTAATC,0
TTTTTAGTCCTAAAAA,0
TTTTTAGTCGAAGAAA,0
TTTTTATAAACCCCGA,0
TTTTTATACAATGCCT,0
TTTTTATACCAGTACA,0
TTTTTATAGGCAAGGT,0
TTTTTATAGTCTGAGT,0
TTTTTATCAATAGAAT,0
TTTTTATTGTCTTCAA,0
TTTTTATTTTAAGAAA,0
TTTTTCACTAATCGTC,0
TTTTTCAGGGCAATGC,0
TTTTTCATGTTTTACC,0
TTTTTCCAATCCCAGC,0
TTTTTCCAGGCATATT,0
TTTTTCCAGTGACAGT,0
TTTTTCCCATGACCAG,0
TTTTTCCTAAGTTTGT,0
TTTTTCGAATCGTGTC,0
TTTTTCTCGTCCCAAT,0
TTTTTCTGAAGTTAAA,0
TTTTTCTTATTAAGAC,0
TTTTTGAAACAGAGCG,0
TTTTTGAACTTTATAA,0
TTTTTGACTCATGTCT,0
TTTTTGCCTGGTACGA,0
TTTTTGGAATCCATTA,0
TTTTTGGACAGTAAGT,0
TTTTTGGCTAGTAATA,0
TTTTTTAAAGACAGCA,0
TTTTTTAACTACATCT,0
TTTTTTACCCATACTT,0
TTTTTTACCGATTTGG,0
TTTTTTACGATCGGGG,0
TTTTTTAGGACTTAGT,0
TTTTTTATAGCACCAT,0
TTTTTTATATTCCATA,0
TTTTTTATTAAAAATG,0
TTTTTTCAAAACTACA,0
TTTTTTCACTGGCCAT,0
TTTTTTCAGACCCTAT,0
TTTTTTGAGACGCCAA,0
TTTTTTGCCTGACTCC,0
TTTTTTGCGCTCACCA,0
TTTTTTGTATCCACTT,0
TTTTTTTACTTATCCA,0
TTTTTTTCAAAGCTGT,0
TTTTTTTCTCAATAAC,0
